1 0.386460705078125 0.6250695625 0.539805298828125 0.32041698828125 0.369710849609375 0.12136537109375 0.095084796875 0.43735305859375 0.386460705078125 0.6250695625
1 0.44469065234375 0.023058033203125 0.365659947265625 0.10855238671875 0.536928103515625 0.313904134765625 0.63449183203125 0.12954133203125 0.569967865234375 0.029553888671875 0.44469065234375 0.023058033203125
1 0.598230021484375 0.760136958984375 0.686857982421875 0.503036369140625 0.5830004609375 0.378996755859375 0.456113025390625 0.67083885546875 0.598230021484375 0.760136958984375
1 0.685395802734375 0.49659688671875 0.742052990234375 0.315790822265625 0.664580544921875 0.19107844140625 0.5868752578125 0.3729695078125 0.685395802734375 0.49659688671875
1 0.72610840625 0.836765240234375 0.7810735390625 0.618486361328125 0.71258653125 0.5378797890625 0.63517675390625 0.78273421484375 0.72610840625 0.836765240234375
1 0.779634943359375 0.615230208984375 0.816523107421875 0.438966390625 0.764596419921875 0.358424365234375 0.711097029296875 0.52895151171875 0.779634943359375 0.615230208984375
7 0.4253616898148148 0.624363425925926 0.027459490740740722 0.017042824074074092
7 0.5425998263888889 0.37370515046296293 0.025506365740740833 0.016941550925925863
7 0.5598813657407407 0.3345775462962963 0.021600115740740833 0.016739004629629628
7 0.6368055555555556 0.17651909722222223 0.019646990740740833 0.016637731481481455
7 0.7415653935185185 0.34985532407407405 0.019589120370370416 0.0088252314814814
7 0.6997468171296297 0.5029007523148148 0.023524305555555625 0.012934027777777857
7 0.6863642939814815 0.5412543402777779 0.01963252314814823 0.0146846064814814
7 0.6206090856481481 0.7574869791666666 0.015740740740740833 0.016435185185185164
7 0.7459780092592593 0.8137731481481482 0.015711805555555625 0.012528935185185164
7 0.780078125 0.6730179398148148 0.013744212962962798 0.010474537037036935
7 0.7837311921296297 0.6390407986111111 0.015711805555555625 0.012528935185185386
7 0.04957320601851852 0.36668836805555555 0.03531539351851852 0.023307291666666674
7 0.30040509259259257 0.09660011574074073 0.02748842592592593 0.020949074074074092
7 0.34016203703703707 0.06059027777777778 0.029412615740740833 0.017144097222222224