5 0.5254905703125 0.009041349609375 0.46121867578125 0.040195287109375 0.471900908203125 0.11050708984375 0.603152162109375 0.137990166015625 0.627273435546875 0.092717552734375 0.5649754140625 0.071182583984375 0.566088529296875 0.053355158203125 0.741576248046875 0.09179840234375 0.807072689453125 0.051312384765625 0.645392841796875 0.01423465625 0.5254905703125 0.009041349609375
5 1 0.150099138671875 0.914155234375 0.13839408203125 0.91084365625 0.175249056640625 0.960886041015625 0.206257900390625 0.96396105078125 0.22789548046875 0.825721958984375 0.193546830078125 0.736514408203125 0.215002572265625 0.82405776953125 0.267139521484375 1 0.283860224609375 1 0.150099138671875
5 0.64418541796875 0.352169396484375 0.47088999609375 0.32115855859375 0.34563965625 0.3268863203125 0.2730603359375 0.355065353515625 0.27800548046875 0.409974427734375 0.351777681640625 0.4623148515625 0.435282552734375 0.427779083984375 0.3631271796875 0.391676654296875 0.412251958984375 0.3607471171875 0.5669013515625 0.3871087890625 0.636026634765625 0.40467041015625 0.64418541796875 0.352169396484375
5 0.322100771484375 0.87628362890625 0.338131595703125 0.842746935546875 0.283969908203125 0.81257334765625 0.140818607421875 0.818566306640625 0.114220240234375 0.789532818359375 0.196163701171875 0.742629357421875 0.325705392578125 0.747679857421875 0.420935830078125 0.760983076171875 0.464999462890625 0.72139092578125 0.301619044921875 0.70234720703125 0.166627013671875 0.70124965234375 0.0898586171875 0.7256190859375 0.035467009765625 0.77288859765625 0.0252535703125 0.82724801953125 0.12069142578125 0.8544868984375 0.322100771484375 0.87628362890625
5 0.924152978515625 0.51578719140625 0.907066916015625 0.478095234375 0.853607455078125 0.46584923046875 0.839741986328125 0.48915971484375 0.86218759375 0.516705197265625 0.839099140625 0.538730384765625 0.7578329375 0.53838587890625 0.636289927734375 0.51540540234375 0.613488224609375 0.556786265625 0.707331224609375 0.569335275390625 0.819063720703125 0.580845029296875 0.898608904296875 0.5579834453125 0.924152978515625 0.51578719140625
6 0.82116396484375 0 0.80665156640625 0.021912712890625 0.788394517578125 0.091104796875 0.694160505859375 0.2380879375 0.653584015625 0.2882507578125 0.651380212890625 0.418382224609375 0.571490408203125 0.51094474609375 0.51732820703125 0.573699123046875 0.477520203125 0.6757349140625 0.474410271484375 0.74470259765625 0.493022376953125 0.792439560546875 0.53429758203125 0.789504865234375 0.565820140625 0.686042830078125 0.60349419140625 0.532927978515625 0.674042798828125 0.46063853125 0.710522931640625 0.412859611328125 0.71439040625 0.302063421875 0.768047927734375 0.205243099609375 0.86161616015625 0.106282521484375 0.877485845703125 0 0.82116396484375 0
7 0.6920789930555555 0.10109953703703703 0.03153935185185186 0.019994212962962943
7 0.6797453703703704 0.12570167824074074 0.029528356481481666 0.01605902777777779
7 0.7254267939814815 0.11037326388888889 0.02372685185185186 0.01987847222222222
7 0.7160373263888888 0.1359085648148148 0.027546296296296457 0.014076967592592582
7 0.8519820601851852 0.14756944444444445 0.027604166666666652 0.017983217592592582
7 0.8853298611111111 0.1568431712962963 0.02372685185185186 0.01987847222222222
7 0.8415726273148149 0.17018952546296295 0.027604166666666652 0.017983217592592582
7 0.8739293981481482 0.1785011574074074 0.023668981481481666 0.01597222222222222
7 0.5268012152777778 0.4170934606481481 0.02958622685185186 0.01996527777777768
7 0.5699001736111111 0.4252459490740741 0.03544560185185186 0.020052083333333304
7 0.5096715856481482 0.4476273148148148 0.03544560185185186 0.020052083333333304
7 0.5517795138888889 0.45481770833333335 0.03935185185185186 0.02010995370370372
7 0.712941261574074 0.45438368055555556 0.027575231481481666 0.016030092592592582
7 0.7016420717592593 0.4828776041666667 0.039409722222222054 0.02401620370370372
7 0.7462456597222222 0.4607277199074074 0.03739872685185186 0.020081018518518512
7 0.7320023148148148 0.4882884837962963 0.03547453703703707 0.022005208333333304
7 0.3226273148148148 0.8108289930555556 0.04142071759259258 0.02795138888888893
7 0.3725043402777778 0.8149739583333333 0.04328703703703707 0.022120949074074137
7 0.539699074074074 0.826171875 0.03544560185185186 0.020052083333333304
7 0.5827256944444444 0.8294415509259259 0.04130497685185186 0.02013888888888893