4 0.636247396484375 0.250511111328125 0.625581771484375 0.2774231484375 0.6325171875 0.28697592578125 0.635418228515625 0.308707408203125 0.660699478515625 0.315706482421875 0.677691666015625 0.315337962890625 0.691575521484375 0.3046555546875 0.6944765625 0.280713888671875 0.685358853515625 0.255667591796875 0.636247396484375 0.250511111328125
2 0.788555728515625 0.354381482421875 0.8202609375 0.337806482421875 0.820468228515625 0.321231482421875 0.8142515625 0.313496296875 0.7330203125 0.294342591796875 0.6957203125 0.3046555546875 0.693290103515625 0.327834259765625 0.788555728515625 0.354381482421875
3 0.757721875 0.447110185546875 0.748827603515625 0.467510185546875 0.748253646484375 0.482810185546875 0.760017708984375 0.489440740234375 0.767477603515625 0.48077037109375 0.760017708984375 0.471590740234375 0.767764583984375 0.44762037109375 0.770059896484375 0.40835 0.766616666015625 0.398660185546875 0.765755728515625 0.37877037109375 0.779815103515625 0.383360185546875 0.7832578125 0.38269907421875 0.782971353515625 0.36857037109375 0.771207291015625 0.364489814453125 0.766903646484375 0.368060185546875 0.761452083984375 0.368060185546875 0.757721875 0.373160185546875 0.7571484375 0.410390740234375 0.757721875 0.447110185546875
3 0.6068 0.42365 0.633197396484375 0.4328305546875 0.639509375 0.4226305546875 0.620285416015625 0.4098805546875 0.625736978515625 0.3971305546875 0.62545 0.3665305546875 0.563474478515625 0.345110185546875 0.562901041015625 0.317060185546875 0.565308853515625 0.312186111328125 0.559744791015625 0.30635 0.555153646484375 0.310939814453125 0.556014583984375 0.3588805546875 0.615694791015625 0.37877037109375 0.617129166015625 0.393560185546875 0.607947916015625 0.408860185546875 0.6068 0.42365
3 0.533484375 0.486936111328125 0.543813541015625 0.4981555546875 0.5529953125 0.49662592578125 0.553569271484375 0.485915740234375 0.64395 0.44052592578125 0.655140103515625 0.447665740234375 0.667071875 0.441103703125 0.65944375 0.43287592578125 0.653131771484375 0.43542592578125 0.645671875 0.43134537109375 0.634194791015625 0.43389537109375 0.543813541015625 0.480815740234375 0.536927603515625 0.480815740234375 0.533484375 0.486936111328125
3 0.676155728515625 0.574331482421875 0.680459896484375 0.570762037109375 0.681033853515625 0.556481482421875 0.656071353515625 0.5422018515625 0.532407291015625 0.61972222265625 0.525520833984375 0.625332408203125 0.525233853515625 0.64267222265625 0.5180609375 0.648791666015625 0.536463021484375 0.66475092578125 0.54531875 0.664091666015625 0.544744791015625 0.648791666015625 0.5367109375 0.638082408203125 0.650906771484375 0.564131482421875 0.6643921875 0.5600518515625 0.673860416015625 0.564131482421875 0.676155728515625 0.574331482421875
3 0.3939265625 0.538121296875 0.389909896484375 0.531491666015625 0.511565625 0.475391666015625 0.522440625 0.482413888671875 0.5261984375 0.4733518515625 0.506974478515625 0.464171296875 0.3798671875 0.5243518515625 0.375563541015625 0.5447518515625 0.387327603515625 0.555462037109375 0.394213541015625 0.551891666015625 0.3939265625 0.538121296875
3 0.223760416015625 0.647984259765625 0.234950521484375 0.663793517578125 0.24470625 0.661753703125 0.24470625 0.639313888671875 0.410547916015625 0.559753703125 0.41506875 0.567884259765625 0.4197296875 0.564853703125 0.4134171875 0.552613888671875 0.406244271484375 0.544453703125 0.2352375 0.63217407421875 0.232655208984375 0.629113888671875 0.223760416015625 0.634213888671875 0.223760416015625 0.647984259765625
3 0.3054296875 0.4715231484375 0.297682291015625 0.4664231484375 0.141030208984375 0.53227222265625 0.144178125 0.535783333984375 0.149916666015625 0.550063888671875 0.157377083984375 0.548533333984375 0.157663541015625 0.534763888671875 0.3014125 0.478662962890625 0.305716666015625 0.485293517578125 0.310307291015625 0.482743517578125 0.3054296875 0.4715231484375
6 0.618002603515625 0.656940740234375 0.6497078125 0.630421296875 0.665560416015625 0.607215740234375 0.7033265625 0.578209259765625 0.718713021484375 0.562462962890625 0.754147916015625 0.548375 0.7895828125 0.5251694453125 0.818490625 0.50527962890625 0.856256771484375 0.47212962890625 0.866980728515625 0.408315740234375 0.859054166015625 0.356103703125 0.851128125 0.359418517578125 0.857189583984375 0.3933981484375 0.851128125 0.437321296875 0.844600521484375 0.4596981484375 0.818956771484375 0.47212962890625 0.788184375 0.500306482421875 0.760675521484375 0.513566666015625 0.730835416015625 0.533457408203125 0.69773125 0.548375 0.6636953125 0.583182408203125 0.622198958984375 0.62130462890625 0.567647396484375 0.634564814453125 0.539672396484375 0.660256482421875 0.490716146484375 0.70252222265625 0.441293228515625 0.734014814453125 0.382545833984375 0.7688231484375 0.321933333984375 0.79782962890625 0.287430728515625 0.800315740234375 0.305147916015625 0.777938888671875 0.294890625 0.765507408203125 0.266915625 0.7853981484375 0.24154375 0.820960185546875 0.269713021484375 0.811088888671875 0.289761978515625 0.832637037109375 0.371821875 0.81274722265625 0.437097396484375 0.779596296875 0.507501041015625 0.723241666015625 0.562052603515625 0.672687962890625 0.5984203125 0.651968517578125 0.618002603515625 0.656940740234375
5 0.815775521484375 0.496991666015625 0.8050515625 0.52102592578125 0.782205208984375 0.53760092578125 0.7607578125 0.539258333984375 0.719727603515625 0.567436111328125 0.699678646484375 0.598928703125 0.655384896484375 0.61964722265625 0.6050296875 0.649482408203125 0.570993228515625 0.688434259765625 0.533227083984375 0.715782408203125 0.506184375 0.7199268515625 0.4604921875 0.7522481484375 0.4026765625 0.7862268515625 0.38146875 0.800315740234375 0.387996353515625 0.8185481484375 0.424830208984375 0.81440462890625 0.521810416015625 0.746446296875 0.595011458984375 0.69174907421875 0.680335416015625 0.632078703125 0.7269609375 0.598928703125 0.754003125 0.56992222265625 0.7922359375 0.557490740234375 0.818811978515625 0.5434018515625 0.8365296875 0.496162962890625 0.8365296875 0.439808333984375 0.834664583984375 0.397541666015625 0.854247396484375 0.3776518515625 0.856578646484375 0.346159259765625 0.839327083984375 0.364391666015625 0.830934896484375 0.335385185546875 0.8202109375 0.313837962890625 0.804694791015625 0.322117591796875 0.810646353515625 0.3445018515625 0.825100521484375 0.3610768515625 0.8213703125 0.38179537109375 0.795260416015625 0.3776518515625 0.799922916015625 0.400856482421875 0.816241666015625 0.400856482421875 0.818106771484375 0.4447805546875 0.815775521484375 0.496991666015625
1 0.264766666015625 0.634737037109375 0.381145833984375 0.77372592578125 0.530968228515625 0.674275 0.394822916015625 0.563775 0.264766666015625 0.634737037109375
1 0.172752603515625 0.52979907421875 0.244379166015625 0.61239537109375 0.36995625 0.550514814453125 0.285409375 0.48200462890625 0.172752603515625 0.52979907421875
1 0.415808333984375 0.532885185546875 0.5707546875 0.64665 0.67084375 0.572614814453125 0.5154265625 0.486425 0.415808333984375 0.532885185546875
1 0.313377603515625 0.458811111328125 0.414094271484375 0.53172962890625 0.508588021484375 0.486425 0.401039583984375 0.42564907421875 0.313377603515625 0.458811111328125
1 0.4340375 0.4156018515625 0.538428125 0.46985 0.616136458984375 0.43227962890625 0.50983125 0.38697407421875 0.4340375 0.4156018515625
1 0.555565103515625 0.474243517578125 0.695709896484375 0.554935185546875 0.775283333984375 0.503 0.638516666015625 0.440014814453125 0.555565103515625 0.474243517578125