0 0.624294931640625 0 0.613628919921875 0.004396 0.381987443359375 0.175576994140625 0.252624107421875 0.332552091796875 0.237563876953125 0.3329983203125 0.2187388203125 0.3181651640625 0.183912349609375 0.34613146484375 0.181636359375 0.38698546875 0.10320359375 0.46857384375 0.082496158203125 0.538447677734375 0.0891882734375 0.729869916015625 0.125366705078125 0.825762033203125 0.274286974609375 0.99121454296875 0.97777777734375 0.97037037109375 0.982939541015625 0.7380910390625 0.925267693359375 0.725085634765625 0.876116837890625 0.720385259765625 0.71480078125 0.098743853515625 0.62759638671875 0 0.624294931640625 0
7 0.2470703125 0.9149233217592592 0.04361979166666663 0.030570023148148273
7 0.17094184027777778 0.827394386574074 0.04366319444444444 0.03252314814814827
7 0.12669270833333335 0.7106192129629629 0.039800347222222254 0.03436053240740744
7 0.11833767361111111 0.5595992476851852 0.04561631944444444 0.03258101851851847
7 0.17799479166666665 0.42217881944444446 0.039843749999999956 0.03631365740740744
7 0.2994574652777778 0.31415653935185184 0.033767361111111116 0.026374421296296302
7 0.3837890625 0.2082103587962963 0.027864583333333304 0.024247685185185164
7 0.44155815972222223 0.15575086805555555 0.02795138888888893 0.028153935185185164
7 0.4931423611111111 0.11811342592592593 0.027864583333333304 0.02424768518518519
7 0.5329210069444444 0.08472945601851853 0.02582465277777768 0.020283564814814803
7 0.5855251736111111 0.0451099537037037 0.02387152777777768 0.020225694444444442
7 0.6348307291666666 0.022178819444444445 0.02187500000000009 0.018214699074074074