1 0.574410470703125 0.651229296875 0.36818586328125 0.5426400078125 0.24084921484375 0.62417808984375 0.443926701171875 0.768337103515625 0.574410470703125 0.651229296875
6 0.855625654296875 0.404130291015625 0.832378533203125 0.42628128515625 0.80838167578125 0.45241655078125 0.77838533984375 0.4704175625 0.738640314453125 0.5055371328125 0.697395287109375 0.553956705078125 0.6614 0.595825337890625 0.623904712890625 0.60965970703125 0.584909423828125 0.63412833984375 0.557162828125 0.690847876953125 0.50841884765625 0.733767470703125 0.460424607421875 0.768703724609375 0.39968219921875 0.806022421875 0.355437697265625 0.822373474609375 0.338189529296875 0.819323515625 0.349438220703125 0.79290495703125 0.333690052734375 0.784554998046875 0.290945548828125 0.846275513671875 0.317192146484375 0.833524505859375 0.36218691015625 0.851858654296875 0.428178533203125 0.82265660546875 0.51291832421875 0.765869322265625 0.566911517578125 0.71773304296875 0.62915392578125 0.647112484375 0.68614659765625 0.603042861328125 0.710893716796875 0.5742576015625 0.758887958984375 0.5246546796875 0.7941335078125 0.493436052734375 0.842127224609375 0.453166451171875 0.864624607421875 0.42833119921875 0.873623560546875 0.412530244140625 0.878123037109375 0.35129317578125 0.869874345703125 0.297773744140625 0.863124607421875 0.252287623046875 0.850376439453125 0.248004330078125 0.842127224609375 0.293157140625 0.856375916015625 0.28947284765625 0.860875392578125 0.32157469921875 0.864624607421875 0.362994140625 0.855625654296875 0.404130291015625
5 0.81588062890625 0.2592386875 0.8286293203125 0.294190521484375 0.8271293203125 0.314158119140625 0.80688167578125 0.313708169921875 0.8091314140625 0.3350924296875 0.8301293203125 0.35155998046875 0.830879056640625 0.424914630859375 0.8286293203125 0.470200763671875 0.8016324609375 0.508269361328125 0.78813403125 0.490636064453125 0.770136125 0.512903708984375 0.740140314453125 0.54423899609375 0.710143978515625 0.57690760546875 0.667398953125 0.598625314453125 0.625404189453125 0.629694890625 0.608156544921875 0.671980138671875 0.574410470703125 0.692565421875 0.52491675390625 0.738135021484375 0.465674345703125 0.787487982421875 0.457603140625 0.82080117578125 0.479922513671875 0.81980647265625 0.5376654453125 0.76775258984375 0.609656021484375 0.71201625390625 0.63965235546875 0.679347642578125 0.64715183203125 0.654179103515625 0.69214607421875 0.616509515625 0.717642931640625 0.598408515625 0.739390052734375 0.58689178515625 0.752138744140625 0.57117415625 0.762637171875 0.542072259765625 0.78438481640625 0.534554609375 0.81138115234375 0.519153595703125 0.832378533203125 0.500952607421875 0.851126701171875 0.46536737109375 0.851126701171875 0.38536271484375 0.851126701171875 0.344026587890625 0.863124607421875 0.304290416015625 0.857125654296875 0.28015617578125 0.845127224609375 0.321224740234375 0.841377486328125 0.2731386171875 0.830879056640625 0.248904388671875 0.81588062890625 0.2592386875
3 0.691087958984375 0.494999037109375 0.686088482421875 0.47266447265625 0.672839791015625 0.477718291015625 0.675256544921875 0.502055048828125 0.678589529296875 0.508796712890625 0.56318691015625 0.601052509765625 0.56235392578125 0.6314064375 0.5802685859375 0.636989830078125 0.5811015703125 0.6207113203125 0.691087958984375 0.524631251953125 0.69858691015625 0.527019498046875 0.696504189453125 0.509935041015625 0.691087958984375 0.494999037109375
3 0.502778009765625 0.441182154296875 0.492362828125 0.436505642578125 0.360712041015625 0.50914058984375 0.34904712109375 0.49850986328125 0.34321413671875 0.510233125 0.3486303671875 0.523687751953125 0.376543455078125 0.5361609296875 0.376543455078125 0.521345287109375 0.496528794921875 0.449192259765625 0.501228271484375 0.453213826171875 0.502778009765625 0.441182154296875
3 0.656526177734375 0.393509396484375 0.649443455078125 0.3963147578125 0.636528271484375 0.38936015625 0.540706806640625 0.451679580078125 0.541123560546875 0.467244708984375 0.551955498046875 0.46748541796875 0.555705236328125 0.454235412109375 0.639028271484375 0.403491130859375 0.656942931640625 0.409815677734375 0.66411361328125 0.403036478515625 0.656526177734375 0.393509396484375
3 0.505294763671875 0.350887060546875 0.497795810546875 0.353683171875 0.487796859375 0.349015908203125 0.390308900390625 0.390556212890625 0.386975916015625 0.404556634765625 0.406973298828125 0.41092746484375 0.407390052734375 0.40130637109375 0.48821361328125 0.360136900390625 0.499878533203125 0.36410003125 0.51111780078125 0.359288341796875 0.505294763671875 0.350887060546875
3 0.59028429296875 0.39203735546875 0.62444659765625 0.39946318359375 0.63111256640625 0.3907221171875 0.62528010546875 0.38096215234375 0.60278272265625 0.373054390625 0.60944869140625 0.3524604375 0.6065319375 0.3198006484375 0.531958115234375 0.30110620703125 0.526541884765625 0.252834078125 0.505294763671875 0.251621697265625 0.507045548828125 0.267123359375 0.519875916015625 0.271946654296875 0.522375916015625 0.320894201171875 0.5965335078125 0.338098013671875 0.59861675390625 0.34777466015625 0.5873680625 0.374934373046875 0.59028429296875 0.39203735546875
4 0.652359685546875 0.29785535546875 0.666524607421875 0.286317244140625 0.689854974609375 0.266093611328125 0.682356021484375 0.216294751953125 0.672773822265625 0.19459857421875 0.62652984375 0.186163107421875 0.6135026171875 0.191896890625 0.61319790625 0.2095726171875 0.6040324609375 0.214554228515625 0.60361570703125 0.22787923046875 0.61444764453125 0.241453275390625 0.6115314140625 0.25101882421875 0.59278376953125 0.26393647265625 0.5998664921875 0.287799640625 0.652359685546875 0.29785535546875
1 0.226925654296875 0.46630536328125 0.103607853515625 0.521346158203125 0.23168586328125 0.622716544921875 0.363357068359375 0.543259890625 0.226925654296875 0.46630536328125
1 0.700405759765625 0.536778724609375 0.5079293203125 0.45990463671875 0.410477486328125 0.521546302734375 0.613332984375 0.616329806640625 0.700405759765625 0.536778724609375
1 0.3583643984375 0.40176253515625 0.265042931640625 0.44858071875 0.403775916015625 0.518334064453125 0.501228271484375 0.456317177734375 0.3583643984375 0.40176253515625
1 0.787478533203125 0.455005109375 0.61 0.397725015625 0.538459162109375 0.44679909375 0.7287356015625 0.515184814453125 0.787478533203125 0.455005109375
1 0.469601046875 0.3531208671875 0.385028271484375 0.395688400390625 0.533223560546875 0.44254401171875 0.6041675390625 0.39833562890625 0.469601046875 0.3531208671875
3 0.7609696328125 0.439958853515625 0.77221832421875 0.441690201171875 0.76888533984375 0.4327269375 0.780967015625 0.39966022265625 0.78138376953125 0.356703935546875 0.77721727734375 0.343277080078125 0.7801335078125 0.329267400390625 0.792676439453125 0.3251978984375 0.7892994765625 0.309469224609375 0.7643026171875 0.308173515625 0.763469109375 0.354824453125 0.76638533984375 0.366000990234375 0.7651356015625 0.402271169921875 0.756803140625 0.4213467109375 0.7609696328125 0.439958853515625