1 0.115636458984375 0.659832408203125 0.420121875 0.909196296875 0.584988021484375 0.64399537109375 0.299269271484375 0.499461111328125 0.115636458984375 0.659832408203125
1 0 0.563109259765625 0.105219791015625 0.652425 0.286586978515625 0.496809259765625 0.113515103515625 0.407966666015625 0 0.4822231484375 0 0.563109259765625
1 0.346886458984375 0.456128703125 0.6248625 0.576641666015625 0.705430728515625 0.441388888671875 0.459996353515625 0.36050277734375 0.346886458984375 0.456128703125
1 0.339594791015625 0.4542768515625 0.451790625 0.3591768515625 0.277971875 0.308788888671875 0.166071875 0.380392591796875 0.339594791015625 0.4542768515625
1 0.490636458984375 0.333906482421875 0.725572916015625 0.409564814453125 0.776301041015625 0.32204907421875 0.564436458984375 0.270334259765625 0.490636458984375 0.333906482421875
1 0.483344791015625 0.333906482421875 0.554738541015625 0.272986111328125 0.401061978515625 0.235858333984375 0.315271875 0.28757222265625 0.483344791015625 0.333906482421875
4 0.56640625 0.076171875 0.072265625 0.1025390625
7 0.5849609375 0.60546875 0.0146484375 0.02734375
7 0.34375 0.49609375 0.0126953125 0.0234375
7 0.3046875 0.4755859375 0.015625 0.0244140625
7 0.1552734375 0.4052734375 0.013671875 0.02734375
7 0.69921875 0.423828125 0.0107421875 0.021484375
7 0.4921875 0.3583984375 0.009765625 0.01953125
7 0.4580078125 0.349609375 0.0107421875 0.01953125
7 0.3115234375 0.3056640625 0.01171875 0.0185546875
7 0.0966796875 0.7197265625 0.0185546875 0.0390625
7 0.05859375 0.685546875 0.0205078125 0.0400390625
7 0.3603515625 0.96875 0.02734375 0.0625
7 0.234375 0.9296875 0.0166015625 0.0546875
7 0.115234375 0.7900390625 0.01953125 0.056640625
7 0.7587890625 0.1708984375 0.009765625 0.0185546875
7 0.5869140625 0.14453125 0.0087890625 0.021484375
7 0.556640625 0.1396484375 0.0107421875 0.0224609375
7 0.453125 0.130859375 0.0078125 0.01953125