5 0 0.976686111328125 0.053088541015625 0.9621 0.116678125 0.989462037109375 0.18736875 0.99907407421875 0.223922916015625 0.951491666015625 0.186622916015625 0.938231482421875 0.070992708984375 0.886517591796875 0 0.89182222265625 0 0.976686111328125
5 0.273159375 0.52982222265625 0.285841146484375 0.50595462890625 0.317919271484375 0.5019768515625 0.3611875 0.519214814453125 0.403136458984375 0.52835092578125 0.4186296875 0.488716666015625 0.373869271484375 0.47015277734375 0.286586978515625 0.46352222265625 0.247048958984375 0.49667222265625 0.2477953125 0.56695092578125 0.274651041015625 0.5682768515625 0.273159375 0.52982222265625
5 0.468611458984375 0.231471296875 0.417883333984375 0.2686 0.3783453125 0.30837962890625 0.366409375 0.356115740234375 0.392719791015625 0.37464722265625 0.4104234375 0.356115740234375 0.392519271484375 0.34152962890625 0.420121875 0.313684259765625 0.4559296875 0.289815740234375 0.4693578125 0.30572777734375 0.48129375 0.30042407421875 0.468611458984375 0.231471296875
5 0.464135416015625 0.749938888671875 0.4559296875 0.726071296875 0.579019791015625 0.675683333984375 0.604383853515625 0.63325092578125 0.58275 0.570928703125 0.504419791015625 0.551038888671875 0.470844791015625 0.57835092578125 0.5171015625 0.59744907421875 0.559623958984375 0.613361111328125 0.560369791015625 0.631925 0.482039583984375 0.654466666015625 0.417883333984375 0.673031482421875 0.411915625 0.76982962890625 0.449215625 0.777785185546875 0.464135416015625 0.749938888671875
6 0.3865515625 0.616012962890625 0.358344791015625 0.585758333984375 0.328363541015625 0.66109722265625 0.312697396484375 0.776459259765625 0.282111458984375 0.90242962890625 0.2343671875 0.99907407421875 0.283603125 0.99907407421875 0.317919271484375 0.919667591796875 0.344775521484375 0.773807408203125 0.3865515625 0.616012962890625
7 0.4501953125 0.595703125 0.015625 0.0263671875
7 0.4306640625 0.58984375 0.0166015625 0.02734375
7 0.4404296875 0.5615234375 0.0146484375 0.025390625
7 0.4599609375 0.5673828125 0.015625 0.0263671875
7 0.353515625 0.5673828125 0.017578125 0.0224609375
7 0.3349609375 0.5634765625 0.017578125 0.025390625
7 0.34765625 0.53515625 0.013671875 0.0234375
7 0.3662109375 0.5419921875 0.015625 0.0224609375
6 0.463058853515625 0.392983333984375 0.455733333984375 0.383141666015625 0.445741146484375 0.40434907421875 0.446806771484375 0.442708333984375 0.444142708984375 0.48675092578125 0.427623958984375 0.538843517578125 0.432153125 0.555418517578125 0.4563984375 0.4853305546875 0.4678546875 0.433237037109375 0.463058853515625 0.392983333984375