5 0.3330078125 0.5224609375 0.13671875 0.0810546875
5 0.435546875 0.3154296875 0.103515625 0.115234375
5 0.53515625 0.6484375 0.126953125 0.1630859375
5 0.1025390625 0.9365234375 0.205078125 0.126953125
6 0.282857291015625 0.995706482421875 0.502181771484375 0.412264814453125 0.465636458984375 0.395017591796875 0.213479166015625 0.92145 0.256746875 0.99907407421875 0.282857291015625 0.995706482421875
7 0.4580078125 0.599609375 0.0126953125 0.0234375
7 0.466796875 0.5703125 0.013671875 0.0205078125
7 0.4375 0.5908203125 0.013671875 0.0205078125
7 0.4482421875 0.5625 0.0126953125 0.017578125
7 0.365234375 0.568359375 0.0107421875 0.0205078125
7 0.3759765625 0.5439453125 0.0146484375 0.0205078125
7 0.3447265625 0.564453125 0.0126953125 0.01953125
7 0.3583984375 0.5380859375 0.0126953125 0.0234375
7 0.52734375 0.384765625 0.0107421875 0.017578125
7 0.5146484375 0.380859375 0.009765625 0.0166015625