5 0.5253078125 0.734367591796875 0.5439578125 0.687957408203125 0.561861978515625 0.682653703125 0.576781771484375 0.64552592578125 0.5678296875 0.6190055546875 0.535005728515625 0.624309259765625 0.516355728515625 0.664089814453125 0.491738021484375 0.702543517578125 0.458913541015625 0.699891666015625 0.448469791015625 0.668067591796875 0.453691666015625 0.625635185546875 0.470103646484375 0.58055092578125 0.484277603515625 0.526185185546875 0.482039583984375 0.490383333984375 0.455219791015625 0.485758333984375 0.449215625 0.51159907421875 0.446977603515625 0.5381194453125 0.426089583984375 0.603093517578125 0.419375521484375 0.649503703125 0.419375521484375 0.7078481484375 0.441009375 0.74497592578125 0.488753646484375 0.762213888671875 0.5253078125 0.734367591796875
5 0.527545833984375 0.367064814453125 0.541719791015625 0.404192591796875 0.563353646484375 0.37767222265625 0.578273958984375 0.359108333984375 0.596178125 0.37767222265625 0.599161978515625 0.413475 0.587971875 0.455906482421875 0.577094791015625 0.511684259765625 0.605130208984375 0.530162962890625 0.610352083984375 0.50629537109375 0.61184375 0.469166666015625 0.6215421875 0.401540740234375 0.610352083984375 0.35115277734375 0.587226041015625 0.324632408203125 0.5521640625 0.333914814453125 0.527545833984375 0.367064814453125
5 0.3276171875 0.294134259765625 0.317919271484375 0.336566666015625 0.338061458984375 0.3458481484375 0.356711458984375 0.31137222265625 0.369393228515625 0.2888305546875 0.384313541015625 0.294134259765625 0.370139583984375 0.328610185546875 0.3649171875 0.352478703125 0.35298125 0.37767222265625 0.348969791015625 0.411684259765625 0.369393228515625 0.42010462890625 0.379091146484375 0.393584259765625 0.402963541015625 0.336566666015625 0.407439583984375 0.291482408203125 0.393265625 0.259658333984375 0.3679015625 0.25302777734375 0.3462671875 0.267613888671875 0.3276171875 0.294134259765625
5 0.287333333984375 0.55005277734375 0.2798734375 0.51955462890625 0.258985416015625 0.522207408203125 0.250033333984375 0.54209722265625 0.2343671875 0.5527055546875 0.22243125 0.5381194453125 0.2313828125 0.503642591796875 0.256001041015625 0.457233333984375 0.279127083984375 0.4068444453125 0.254178125 0.391313888671875 0.238097396484375 0.424082408203125 0.224669271484375 0.455906482421875 0.213479166015625 0.502317591796875 0.201543228515625 0.532814814453125 0.2022890625 0.569943517578125 0.230636978515625 0.601767591796875 0.264953125 0.595137037109375 0.287333333984375 0.55005277734375
5 0.050153646484375 0.473293517578125 0.06673125 0.476240740234375 0.1003015625 0.455613888671875 0.111077083984375 0.420253703125 0.1090046875 0.406256482421875 0.106932291015625 0.409203703125 0.089940103515625 0.420990740234375 0.0837234375 0.437933333984375 0.0683890625 0.446037037109375 0.069217708984375 0.434987037109375 0.077921353515625 0.40257407421875 0.095328125 0.38194722265625 0.104445833984375 0.353953703125 0.115221353515625 0.339956482421875 0.122691666015625 0.32645 0.1090046875 0.313437037109375 0.0974 0.33037962890625 0.0804078125 0.359110185546875 0.062172396484375 0.387103703125 0.04808125 0.420253703125 0.041035416015625 0.453403703125 0.050153646484375 0.473293517578125
5 0.1802890625 0.223562962890625 0.169513541015625 0.2464 0.163711458984375 0.264816666015625 0.182776041015625 0.274393517578125 0.200596875 0.24345277734375 0.217589583984375 0.227983333984375 0.224634896484375 0.23535 0.208471875 0.269236111328125 0.195623958984375 0.298703703125 0.179983333984375 0.329537037109375 0.192308333984375 0.337010185546875 0.205155728515625 0.318593517578125 0.226292708984375 0.278812962890625 0.241213021484375 0.242716666015625 0.24245625 0.2147231484375 0.222977083984375 0.20072592578125 0.1989390625 0.2036731484375 0.1802890625 0.223562962890625
5 0.076263541015625 0.1734694453125 0.055955728515625 0.1955694453125 0.045594791015625 0.223562962890625 0.060929166015625 0.2257731484375 0.0783359375 0.2036731484375 0.094084375 0.185256482421875 0.1003015625 0.18672962890625 0.089525521484375 0.2022 0.072533333984375 0.225036111328125 0.0584421875 0.25450277734375 0.055561978515625 0.2708944453125 0.065488021484375 0.271446296875 0.07875 0.25745 0.099472396484375 0.2287194453125 0.118122396484375 0.1926231484375 0.115221353515625 0.172732408203125 0.106103646484375 0.160946296875 0.0920125 0.1594731484375 0.076263541015625 0.1734694453125
7 0.29296875 0.4658203125 0.0087890625 0.0146484375
7 0.2763671875 0.4580078125 0.0087890625 0.0166015625
7 0.3017578125 0.447265625 0.009765625 0.017578125
7 0.28515625 0.4375 0.0107421875 0.0166015625
7 0.3349609375 0.3701171875 0.009765625 0.0166015625
7 0.318359375 0.361328125 0.01171875 0.0166015625
7 0.341796875 0.3515625 0.009765625 0.0146484375
7 0.326171875 0.3447265625 0.01171875 0.0146484375
7 0.1259765625 0.375 0.0078125 0.0146484375
7 0.1142578125 0.3671875 0.0087890625 0.0126953125
7 0.1357421875 0.35546875 0.0078125 0.013671875
7 0.1240234375 0.3515625 0.0087890625 0.0126953125
7 0.1728515625 0.29296875 0.0078125 0.0126953125
7 0.1611328125 0.2890625 0.0087890625 0.0146484375
7 0.1689453125 0.275390625 0.0078125 0.0107421875
7 0.1796875 0.2802734375 0.0087890625 0.01171875