5 0.0113125 0.860337962890625 0.0045984375 0.93592037109375 0.014296875 0.99907407421875 0.062040625 0.97835277734375 0.043390625 0.929290740234375 0.0448828125 0.880228703125 0.059056771484375 0.8404481484375 0.093372916015625 0.804646296875 0.135148958984375 0.788734259765625 0.1754328125 0.8019944453125 0.208257291015625 0.8404481484375 0.238843228515625 0.861663888671875 0.238097396484375 0.8828805546875 0.260428125 0.893165740234375 0.288079166015625 0.820558333984375 0.260477083984375 0.80597222265625 0.2157171875 0.767517591796875 0.167972916015625 0.7370194453125 0.104563021484375 0.7409981484375 0.047866666015625 0.77812592578125 0.0113125 0.860337962890625
6 0.490245833984375 0.782103703125 0.515609896484375 0.795363888671875 0.5200859375 0.7516055546875 0.438771353515625 0.70519537109375 0.396249478515625 0.6853055546875 0.361933333984375 0.662763888671875 0.348505208984375 0.626961111328125 0.29703125 0.6137018515625 0.2634609375 0.6137018515625 0.260428125 0.63020277734375 0.284349478515625 0.6442 0.320157291015625 0.662763888671875 0.349997396484375 0.68397962890625 0.3410453125 0.74497592578125 0.360441666015625 0.764865740234375 0.3969953125 0.734367591796875 0.439517708984375 0.75027962890625 0.490245833984375 0.782103703125
5 0.658095833984375 0.5527055546875 0.636461978515625 0.507621296875 0.603638021484375 0.491709259765625 0.5387359375 0.465188888671875 0.524561458984375 0.5049694453125 0.578273958984375 0.531488888671875 0.629002083984375 0.5527055546875 0.598416146484375 0.560661111328125 0.541719791015625 0.57259537109375 0.475325521484375 0.583203703125 0.4693578125 0.682653703125 0.486469791015625 0.719091666015625 0.5103875 0.7105 0.514117708984375 0.698565740234375 0.516355728515625 0.63889537109375 0.532021875 0.632265740234375 0.588717708984375 0.620331482421875 0.651382291015625 0.597788888671875 0.658095833984375 0.5527055546875
5 0.485769791015625 0.400214814453125 0.459659896484375 0.397562962890625 0.431311458984375 0.3829768515625 0.3999796875 0.37767222265625 0.3679015625 0.37502037109375 0.343283333984375 0.385628703125 0.328363541015625 0.402866666015625 0.325379166015625 0.430712962890625 0.329855208984375 0.459885185546875 0.343761458984375 0.461684259765625 0.352235416015625 0.455906482421875 0.35298125 0.418778703125 0.380583333984375 0.413475 0.408185416015625 0.413475 0.439517708984375 0.425408333984375 0.464881771484375 0.436016666015625 0.485769791015625 0.400214814453125
5 0.48131875 0.185011111328125 0.463497396484375 0.20342777734375 0.44940625 0.224791666015625 0.446919791015625 0.252785185546875 0.457280728515625 0.26972777734375 0.475930728515625 0.265308333984375 0.474272916015625 0.250575 0.461839583984375 0.24910092578125 0.4709578125 0.227737962890625 0.4862921875 0.210058333984375 0.5066 0.187957408203125 0.520691146484375 0.179117591796875 0.534367708984375 0.171014814453125 0.541672916015625 0.195791666015625 0.55053125 0.19532407421875 0.551359896484375 0.18132777734375 0.5476296875 0.15775462890625 0.538511978515625 0.1341805546875 0.519861978515625 0.14817777734375 0.502869791015625 0.162911111328125 0.48131875 0.185011111328125
6 0.5758125 0.3846481484375 0.5948765625 0.390541666015625 0.596948958984375 0.377281482421875 0.579956771484375 0.361075 0.558819791015625 0.352235185546875 0.5269078125 0.352235185546875 0.5016265625 0.336764814453125 0.466813021484375 0.325714814453125 0.446090625 0.330871296875 0.446090625 0.344868517578125 0.473444271484375 0.352971296875 0.487535416015625 0.3596018515625 0.497067708984375 0.3787555546875 0.490851041015625 0.404538888671875 0.5103296875 0.418535185546875 0.5306375 0.401591666015625 0.5492875 0.379491666015625 0.5758125 0.3846481484375
7 0.4013671875 0.4658203125 0.013671875 0.017578125
7 0.41796875 0.4716796875 0.0126953125 0.021484375
7 0.4150390625 0.4404296875 0.013671875 0.0205078125
7 0.431640625 0.4462890625 0.0126953125 0.0185546875
7 0.4912109375 0.501953125 0.015625 0.0205078125
7 0.51171875 0.51171875 0.013671875 0.0234375
7 0.5029296875 0.4765625 0.013671875 0.0234375
7 0.5224609375 0.482421875 0.013671875 0.0234375
7 0.14453125 0.935546875 0.021484375 0.0390625
7 0.1669921875 0.958984375 0.02734375 0.048828125