4 0.19596354166666669 0.7157552083333334 0.08492476851851849 0.07994791666666679
3 0.24837239583333334 0.6970269097222221 0.057002314814814825 0.06371527777777786
2 0.23506221064814814 0.8192925347222222 0.06380208333333337 0.14192708333333348
3 0.34986255787037035 0.8284505208333333 0.15010127314814814 0.04822048611111107
3 0.2893880208333333 0.6434244791666667 0.15625 0.1088541666666667
3 0.43549044140625 0.597085787109375 0.431749037109375 0.575165314453125 0.4209059921875 0.57284773828125 0.413368181640625 0.57966708984375 0.41777345703125 0.583663076171875 0.411146013671875 0.590462767578125 0.355342404296875 0.695579525390625 0.362255310546875 0.705660037109375 0.3555709765625 0.71399576953125 0.365218099609375 0.7240155234375 0.3725694296875 0.72039048046875 0.376687083984375 0.709432640625 0.37165387890625 0.697775580078125 0.424552560546875 0.5973288515625 0.43549044140625 0.597085787109375
3 0.311019126953125 0.589105521484375 0.3246522578125 0.589826318359375 0.326930298828125 0.577494619140625 0.32001841015625 0.5674140859375 0.362871650390625 0.4677021796875 0.370315662109375 0.463442876953125 0.361153240234375 0.444841611328125 0.31035232421875 0.55790634765625 0.309745365234375 0.57429421875 0.311019126953125 0.589105521484375
3 0.599931935546875 0.583196828125 0.61536993359375 0.584389109375 0.619357998046875 0.5750895390625 0.60543834375 0.557489703125 0.578929701171875 0.56012515234375 0.4796630078125 0.707656451171875 0.485473814453125 0.7228785234375 0.495975451171875 0.7344140625 0.51073420703125 0.73303946875 0.4976076171875 0.71493328125 0.592013802734375 0.5756971875 0.599931935546875 0.583196828125
3 0.401461015625 0.55690546484375 0.411999560546875 0.567417 0.41862700390625 0.56061730859375 0.411695134765625 0.551048810546875 0.4786253359375 0.41600615234375 0.493987478515625 0.419246490234375 0.50150632421875 0.412939154296875 0.48992766015625 0.4019671484375 0.469111 0.402401162109375 0.397415111328125 0.543178953125 0.401461015625 0.55690546484375
3 0.522244025390625 0.44318071484375 0.513413470703125 0.43570134765625 0.604817974609375 0.2545722421875 0.625819263671875 0.253081791015625 0.63075564453125 0.2427379609375 0.601882892578125 0.22942482421875 0.59167698046875 0.240536248046875 0.49167151171875 0.432602212890625 0.5138886328125 0.447459701171875 0.522244025390625 0.44318071484375
3 0.406483669921875 0.322943 0.434415791015625 0.331021642578125 0.434624453125 0.325387775390625 0.424788669921875 0.320489283203125 0.495400474609375 0.159778908203125 0.5073256171875 0.157467537109375 0.51200609375 0.1492529296875 0.48706119140625 0.139062677734375 0.40963516796875 0.311615650390625 0.406483669921875 0.322943
6 0.738971806640625 0.305984455078125 0.750592470703125 0.31186646875 0.783708578125 0.302943365234375 0.770399802734375 0.342640298828125 0.7156203828125 0.444664169921875 0.693975154296875 0.488128646484375 0.644747275390625 0.547540123046875 0.60417016015625 0.585796650390625 0.582316294921875 0.634894423828125 0.57652534765625 0.668284041015625 0.545518533203125 0.694046822265625 0.508510166015625 0.7342704140625 0.4836555625 0.766037298828125 0.4573395078125 0.812675697265625 0.4250409140625 0.848701318359375 0.397337296875 0.8836010703125 0.38159674609375 0.915165421875 0.3592857578125 0.9274301328125 0.294685708984375 0.925795564453125 0.252872830078125 0.92365461328125 0.233390873046875 0.933298494140625 0.257696357421875 0.940945564453125 0.308662232421875 0.9418599296875 0.35155825 0.9393713359375 0.386288525390625 0.93604101953125 0.40056758203125 0.919349322265625 0.4187198828125 0.896430732421875 0.434764859375 0.8812345703125 0.448245314453125 0.861489921875 0.465524138671875 0.83756755859375 0.47532204296875 0.818928501953125 0.49634134765625 0.79236391015625 0.509479830078125 0.7666603828125 0.5342595546875 0.736942671875 0.55609540625 0.7129190390625 0.58133030859375 0.69547171484375 0.606204896484375 0.66319279296875 0.612659640625 0.6364408359375 0.625722865234375 0.603401203125 0.677731017578125 0.55158639453125 0.72434559765625 0.497844501953125 0.761484763671875 0.429474140625 0.790782640625 0.376117064453125 0.8090857265625 0.3245396640625 0.811875908203125 0.2983801640625 0.79451929296875 0.2752274765625 0.807298001953125 0.249869763671875 0.78987665234375 0.23596490234375 0.777915787109375 0.262647154296875 0.7560799375 0.286670787109375 0.738971806640625 0.305984455078125
5 0.631335462890625 0.612051859375 0.563679568359375 0.69883176171875 0.5140831875 0.7592917578125 0.471152158203125 0.811928611328125 0.459778978515625 0.848512404296875 0.43401298828125 0.88029897265625 0.4009537734375 0.887686037109375 0.327106908203125 0.889838669921875 0.317630498046875 0.875209650390625 0.296078197265625 0.866989806640625 0.2970474609375 0.88999506640625 0.263247552734375 0.892793115234375 0.2641959375 0.867186708984375 0.245150248046875 0.8650514140625 0.22414992578125 0.891103419921875 0.246367044921875 0.905960904296875 0.28734439453125 0.90607348046875 0.25855870703125 0.9210411796875 0.266249234375 0.93468612890625 0.29218790234375 0.922852396484375 0.321922919921875 0.90684041796875 0.389370986328125 0.905341572265625 0.44058344921875 0.89959804296875 0.470148775390625 0.888195310546875 0.488471791015625 0.860667453125 0.501402228515625 0.831213060546875 0.505768630859375 0.81167094921875 0.531553603515625 0.77937179296875 0.55390355859375 0.766082462890625 0.576296728515625 0.734291390625 0.6074163984375 0.680893830078125 0.637170453125 0.639807689453125 0.660373884765625 0.628034740234375 0.69800717578125 0.57091071484375 0.71830475390625 0.53924509375 0.7875528359375 0.43997039453125 0.7940655078125 0.411681802734375 0.773654703125 0.39923467578125 0.686721771484375 0.518202263671875 0.671684955078125 0.579941212890625 0.631335462890625 0.612051859375
1 0.743614857421875 0.399795908203125 0.57539171875 0.257879578125 0.503216208984375 0.39899727734375 0.6311691953125 0.5588768203125 0.743614857421875 0.399795908203125
1 0.575603599609375 0.25215875390625 0.474740111328125 0.1647566171875 0.41893746875 0.294434927734375 0.501789412109375 0.393400326171875 0.575603599609375 0.25215875390625
1 0.59507092578125 0.604197822265625 0.482026953125 0.443584556640625 0.42403709765625 0.55017549609375 0.511543765625 0.72016479296875 0.59507092578125 0.604197822265625
1 0.423182580078125 0.54865970703125 0.4796930078125 0.437920306640625 0.4020958359375 0.33114081640625 0.360229876953125 0.42878383984375 0.423182580078125 0.54865970703125
1 0.489693828125 0.750914888671875 0.405499767578125 0.586759013671875 0.36508584765625 0.672834078125 0.4282870546875 0.835175732421875 0.489693828125 0.750914888671875
1 0.364421029296875 0.6661964375 0.4067461953125 0.587445830078125 0.35279173046875 0.463818578125 0.31608975390625 0.544972462890625 0.364421029296875 0.6661964375