0 0.8825050546875 0.5571909140625 0.982312705078125 0.561543669921875 0.86559711328125 0.090384390625 0.204388154296875 0.113897525390625 0.611421873046875 0.562129583984375 0.890993 0.5853698359375 0.8825050546875 0.5571909140625
5 0.25741675390625 0.387425337890625 0.289362607421875 0.374214830078125 0.28146275390625 0.356683041015625 0.2951135234375 0.3101682890625 0.2437721875 0.3182504375 0.2070338125 0.3656583046875 0.25741675390625 0.387425337890625
5 0.309060208984375 0.340315517578125 0.33924460546875 0.34149026953125 0.363568591796875 0.314731958984375 0.3627928125 0.2786296796875 0.307207572265625 0.26111800390625 0.296847638671875 0.293409427734375 0.332308251953125 0.29347237890625 0.309060208984375 0.340315517578125
5 0.4503694453125 0.42176549609375 0.44160773046875 0.388966681640625 0.4052810390625 0.374272611328125 0.386497380859375 0.393673931640625 0.420568455078125 0.4021374453125 0.412034837890625 0.41920985546875 0.411259033203125 0.45214022265625 0.431384658203125 0.446578666015625 0.4503694453125 0.42176549609375
5 0.33782888671875 0.478693263671875 0.361879974609375 0.493335814453125 0.390219748046875 0.4883218671875 0.39058483984375 0.47147173828125 0.3767576875 0.46824883984375 0.359689548828125 0.456372373046875 0.374977998046875 0.438216580078125 0.379723935546875 0.426260150390625 0.364508625 0.408273328125 0.334269435546875 0.441638556640625 0.33782888671875 0.478693263671875
5 0.4582184296875 0.554217109375 0.45949618359375 0.529757173828125 0.44882843359375 0.513499587890625 0.42855433984375 0.5368992734375 0.424812306640625 0.565796564453125 0.439507447265625 0.583650708984375 0.4652926484375 0.581534396484375 0.476473037109375 0.56310419921875 0.4582184296875 0.554217109375
5 0.478464916015625 0.5315406640625 0.503627306640625 0.538068810546875 0.524894771484375 0.505737705078125 0.52329757421875 0.478785017578125 0.481539453125 0.46449569921875 0.47624587109375 0.490221615234375 0.493359634765625 0.5028679765625 0.478464916015625 0.5315406640625
5 0.54552127734375 0.646710732421875 0.53872181640625 0.624013939453125 0.5201021171875 0.631976978515625 0.528225953125 0.607973447265625 0.522018767578125 0.59528734375 0.518425806640625 0.5952529140625 0.498470576171875 0.61212616796875 0.496461693359375 0.64727541796875 0.517774732421875 0.6617354296875 0.54552127734375 0.646710732421875
5 0.5814382734375 0.58544211328125 0.581438314453125 0.562431767578125 0.561677783203125 0.551143197265625 0.5426456640625 0.554026736328125 0.55159166015625 0.56504416796875 0.555288021484375 0.5813982109375 0.54597765234375 0.60839004296875 0.564141970703125 0.61573741015625 0.5814382734375 0.58544211328125
5 0.58070711328125 0.68817495703125 0.5945808828125 0.66915746484375 0.577061119140625 0.652712974609375 0.560992203125 0.677656275390625 0.55565299609375 0.702612298828125 0.5691606796875 0.72345521875 0.592207833984375 0.72115637109375 0.586001603515625 0.708470328125 0.58070711328125 0.68817495703125
5 0.624199359375 0.66269452734375 0.630634744140625 0.63320940625 0.61744553125 0.617756744140625 0.598221521484375 0.624135083984375 0.60375431640625 0.63985487890625 0.60233962890625 0.6620040625 0.624199359375 0.66269452734375