5 0.47046440972222225 0.34249131944444444 0.1411168981481481 0.07265624999999998
5 0.6954788773148148 0.3871961805555556 0.10221354166666652 0.09240451388888893
5 0.9507595486111111 0.42070312499999996 0.09848090277777777 0.09826388888888893
5 0.9545283564814815 0.6481119791666667 0.09094328703703702 0.09995659722222205
5 0.6645978009259259 0.5702690972222222 0.06503182870370372 0.08098958333333339
5 0.47280815972222223 0.5270182291666667 0.06098090277777768 0.06128472222222214
6 0.95463888671875 0.508365099609375 0.510783890625 0.4168998359375 0.492649701171875 0.438950015625 0.92801187109375 0.544572271484375 0.95463888671875 0.508365099609375
7 0.9391710069444444 0.5795572916666667 0.01963252314814823 0.01453993055555558
7 0.9685329861111112 0.5870442708333333 0.017664930555555625 0.012499999999999956
7 0.9468532986111111 0.5616319444444444 0.02549189814814823 0.014800347222222232
7 0.9742621527777777 0.5692057291666667 0.019618055555555625 0.01258680555555558
7 0.9678385416666666 0.4932942708333333 0.017664930555555625 0.012499999999999956
7 0.9755208333333334 0.4753689236111111 0.019618055555555625 0.01258680555555558