5 0.9402054398148147 0.08851273148148148 0.1186921296296295 0.17702546296296295
5 0.5230324074074074 0.3253978587962963 0.07931134259259265 0.16247106481481488
5 0.31765769675925926 0.4233000578703704 0.12567997685185184 0.09550057870370376
5 0.635792824074074 0.5154586226851852 0.12980324074074057 0.12491319444444438
6 1 0.2116112109375 0.87658099609375 0.275013693359375 0.827278197265625 0.28097498046875 0.730133701171875 0.31010621875 0.686130908203125 0.31141000390625 0.654162376953125 0.316857685546875 0.64095031640625 0.3337506796875 0.609393783203125 0.34276756640625 0.60639369140625 0.352776435546875 0.642417771484375 0.354709189453125 0.7382567109375 0.32936719921875 0.851385478515625 0.29751264453125 0.928629033203125 0.28247245703125 1 0.244074115234375 1 0.2116112109375
6 0.794838650390625 0.387284923828125 0.8495025546875 0.384915349609375 0.8419859921875 0.270376755859375 0.7884554453125 0.245710490234375 0.757142552734375 0.159630181640625 0.722561970703125 0.172655853515625 0.728407283203125 0.241489423828125 0.794838650390625 0.387284923828125
7 0.5669704861111111 0.323119212962963 0.01963252314814823 0.01425057870370372
7 0.5426576967592593 0.3375144675925926 0.021585648148148007 0.014308449074074137
7 0.5476634837962964 0.3539713541666667 0.019632523148148007 0.01425057870370372
7 0.5729745370370369 0.34247685185185184 0.021600115740740833 0.016261574074074137
7 0.5687282986111111 0.42855902777777777 0.023553240740740833 0.016319444444444442
7 0.5969690393518519 0.4169777199074074 0.023553240740740833 0.016319444444444442
7 0.6029730902777778 0.4363353587962963 0.02353877314814823 0.014366319444444442
7 0.5757016782407407 0.4469111689814815 0.023553240740740833 0.016319444444444442
7 0.386595775462963 0.49939959490740743 0.01374421296296302 0.010170717592592582
7 0.3876736111111111 0.5130425347222223 0.01179108796296302 0.010112847222222054
7 0.3754701967592593 0.44796006944444444 0.009823495370370416 0.00810185185185186
7 0.3714771412037037 0.43635706018518516 0.015682870370370416 0.008275462962962887
6 0.457887080078125 0.4582475 0.496458396484375 0.443978205078125 0.55699825 0.424558052734375 0.557570482421875 0.411789607421875 0.520329720703125 0.42564452734375 0.48043802734375 0.441828224609375 0.45574172265625 0.43880940625 0.435085232421875 0.440921255859375 0.41177041015625 0.444237248046875 0.407808365234375 0.44960553125 0.40036119921875 0.4505483359375 0.3971778046875 0.45479592578125 0.424559287109375 0.4603603671875 0.457887080078125 0.4582475
6 0.45102783984375 0.43257333203125 0.464475978515625 0.447551541015625 0.454722240234375 0.481218544921875 0.46562314453125 0.5123988046875 0.481590744140625 0.5074252265625 0.488597271484375 0.46296341015625 0.5042704609375 0.418244283203125 0.461542677734375 0.4116347421875 0.45377543359375 0.36936707421875 0.432607515625 0.376488892578125 0.428899146484375 0.41597756640625 0.45102783984375 0.43257333203125