1 0.78436598828125 0.43151466015625 0.641233134765625 0.22512471484375 0.55899312109375 0.3569717734375 0.671075734375 0.56343954296875 0.78436598828125 0.43151466015625
1 0.559906427734375 0.3470574921875 0.635089244140625 0.21452842578125 0.536178310546875 0.0873482578125 0.479162123046875 0.205899900390625 0.559906427734375 0.3470574921875
1 0.636221525390625 0.601803880859375 0.53745608203125 0.40041895703125 0.477343087890625 0.500093705078125 0.55890193359375 0.690020888671875 0.636221525390625 0.601803880859375
1 0.47554940234375 0.490199474609375 0.533391673828125 0.394063984375 0.465018599609375 0.253256390625 0.4179171015625 0.351157607421875 0.47554940234375 0.490199474609375
1 0.5315601484375 0.714611232421875 0.458252802734375 0.53296396875 0.41460816015625 0.611828537109375 0.47745223046875 0.77674405078125 0.5315601484375 0.714611232421875
1 0.41670567578125 0.598095189453125 0.456126037109375 0.52765882421875 0.39950897265625 0.393972904296875 0.3668905546875 0.48262127734375 0.41670567578125 0.598095189453125
3 0.487690390625 0.245467326171875 0.5605083515625 0.08640608203125 0.577969322265625 0.0832283984375 0.56774990234375 0.066537408203125 0.53935842578125 0.06750966796875 0.451441609375 0.2520708984375 0.4679964921875 0.25933155078125 0.48941637109375 0.253838150390625 0.487690390625 0.245467326171875
3 0.54543372265625 0.69164455859375 0.641872533203125 0.57661172265625 0.668775052734375 0.572601615234375 0.655170482421875 0.540693451171875 0.607084158203125 0.52504491015625 0.582347783203125 0.547329564453125 0.6143266328125 0.566145763671875 0.530712677734375 0.6650793984375 0.49450327734375 0.6678463125 0.48533429296875 0.67989583203125 0.51565489453125 0.691865142578125 0.54543372265625 0.69164455859375
3 0.425872560546875 0.46922798046875 0.42357190234375 0.478390587890625 0.432403947265625 0.4943293671875 0.469119576171875 0.497868228515625 0.54471415625 0.370795888671875 0.563393162109375 0.3645603046875 0.534492818359375 0.32361934765625 0.500214486328125 0.328330580078125 0.520991724609375 0.354966873046875 0.450507328125 0.475142189453125 0.425872560546875 0.46922798046875
3 0.49054134765625 0.52285984765625 0.456971982421875 0.529205728515625 0.4091932265625 0.6118686484375 0.41680942578125 0.6641651015625 0.43531884765625 0.65130572265625 0.4262826640625 0.630795138671875 0.49433188671875 0.54721958203125 0.49054134765625 0.52285984765625
3 0.3371154921875 0.604781431640625 0.366860466796875 0.603799146484375 0.38824646875 0.597543513671875 0.39616523046875 0.62339710546875 0.413897076171875 0.626314103515625 0.42269529296875 0.611006681640625 0.41041033984375 0.578326255859375 0.388685734375 0.5769632734375 0.367638314453125 0.590836994140625 0.3481786171875 0.51857965234375 0.332984451171875 0.51183302734375 0.288214625 0.509878267578125 0.276742322265625 0.495482416015625 0.258015681640625 0.495072546875 0.2644254140625 0.52301034375 0.3158620859375 0.522629330078125 0.3371154921875 0.604781431640625
4 0.24029947916666666 0.6371021412037037 0.08194444444444449 0.08651620370370372
3 0.29424913194444446 0.6200954861111111 0.07378472222222221 0.0786458333333333
3 0.457182703125 0.7776566796875 0.4757262734375 0.7683737578125 0.459922603515625 0.747913306640625 0.320639302734375 0.7553327734375 0.317967158203125 0.783260689453125 0.3401319765625 0.794528458984375 0.457182703125 0.7776566796875
5 0.301759994140625 0.845112759765625 0.502292083984375 0.848200119140625 0.525776521484375 0.828210595703125 0.59284378515625 0.753025923828125 0.621268169921875 0.72233033984375 0.676221666015625 0.648759302734375 0.73642078515625 0.601823615234375 0.799732287109375 0.533525404296875 0.851808552734375 0.456165384765625 0.82957600390625 0.443373677734375 0.76897149609375 0.51165183984375 0.744743041015625 0.545364685546875 0.710465427734375 0.596681142578125 0.656222068359375 0.625281587890625 0.61273990234375 0.6827629140625 0.591353904296875 0.71950358203125 0.552777806640625 0.73503158203125 0.51003963671875 0.778789052734375 0.509668125 0.80089376171875 0.48219090234375 0.822436763671875 0.4201632734375 0.82823096484375 0.342907625 0.826516837890625 0.309102181640625 0.827529732421875 0.291056388671875 0.813017626953125 0.272691306640625 0.830847787109375 0.29197981640625 0.838326033203125 0.301759994140625 0.845112759765625
6 0.7367226953125 0.517225453125 0.648944771484375 0.583418505859375 0.6136861171875 0.643125310546875 0.546077103515625 0.70612062109375 0.498939837890625 0.772774587890625 0.44307303125 0.82577487109375 0.421280697265625 0.853372984375 0.395732595703125 0.857372525390625 0.34967700390625 0.8569517265625 0.31823992578125 0.850325419921875 0.26653332421875 0.84461174609375 0.279392009765625 0.859758748046875 0.361521765625 0.87972789453125 0.44899588671875 0.867647984375 0.507536755859375 0.813865408203125 0.553556623046875 0.752554986328125 0.6054645 0.70186988671875 0.6432627265625 0.668818474609375 0.67855523046875 0.609873375 0.758211251953125 0.543741015625 0.8169881953125 0.464806390625 0.866222005859375 0.38441855078125 0.86946984765625 0.3356188671875 0.865068857421875 0.267060275390625 0.79293646875 0.319777189453125 0.82842283203125 0.35649990234375 0.788698322265625 0.4375797890625 0.7367226953125 0.517225453125