5 0 0.301980447265625 0.0214933046875 0.21335438671875 0.05916260546875 0.14433925 0.11902808203125 0.105333994140625 0.17141550390625 0.11000320703125 0.26154546484375 0.137451158203125 0.288659541015625 0.2125084453125 0.328828072265625 0.336380806640625 0.398736923828125 0.351681638671875 0.412413 0.324251859375 0.365529619140625 0.289161853515625 0.35541601953125 0.205295845703125 0.33058637109375 0.10997891015625 0.207908498046875 0.067454921875 0.09011494921875 0.0707555078125 0.0003349921875 0.12887425390625 0 0.12950860546875 0 0.301980447265625
5 0.396962271484375 0.1113293515625 0.355173845703125 0.2107447578125 0.35112597265625 0.30182193359375 0.403340396484375 0.310383537109375 0.427541203125 0.26412753125 0.46898462890625 0.172496349609375 0.4771190625 0.114031669921875 0.547232482421875 0.062427900390625 0.680537853515625 0.05267334765625 0.691072984375 0.01258488671875 0.571364109375 0.0177284140625 0.479574439453125 0.027645666015625 0.396962271484375 0.1113293515625
5 0 0.6720942421875 0.092388251953125 0.704730189453125 0.21655181640625 0.682664380859375 0.305535966796875 0.611332986328125 0.37869187890625 0.428993076171875 0.2917479375 0.42327976953125 0.25937506640625 0.46654530859375 0.235418484375 0.569586369140625 0.213572359375 0.6251421015625 0.139026388671875 0.651918158203125 0.061812392578125 0.64528295703125 0.04761428125 0.591038416015625 0 0.579325482421875 0 0.6720942421875
6 0.590286806640625 0.49509369921875 0.51761114453125 0.5420678515625 0.435135310546875 0.560403982421875 0.348192392578125 0.58580766015625 0.3119395234375 0.56067306640625 0.298367212890625 0.585768060546875 0.308444173828125 0.6081783671875 0.37336698046875 0.642223373046875 0.4314660234375 0.61180114453125 0.521697728515625 0.5746798046875 0.689486357421875 0.47417601953125 0.743812240234375 0.466369826171875 0.77386606640625 0.444142740234375 0.699504943359375 0.431748931640625 0.691043240234375 0.439146126953125 0.658288767578125 0.4598577265625 0.590286806640625 0.49509369921875
6 0.290399685546875 0.484755447265625 0.317682638671875 0.43145295703125 0.318683923828125 0.346643990234375 0.336859681640625 0.280251439453125 0.37421660546875 0.187124759765625 0.43231459765625 0.125586091796875 0.476632666015625 0.06269553125 0.532828833984375 0.0750879765625 0.608347564453125 0.11986666015625 0.659799830078125 0.114436826171875 0.6257621875 0.070599650390625 0.5447038046875 0.0259030390625 0.444188544921875 0.04528416796875 0.3611947734375 0.106413916015625 0.305729248046875 0.2021421171875 0.26065004296875 0.282158220703125 0.272530158203125 0.38855765234375 0.23738848828125 0.46298120703125 0.255948923828125 0.51249354296875 0.388770888671875 0.51363734765625 0.526714298828125 0.461806978515625 0.570235673828125 0.416820236328125 0.4682178828125 0.416709310546875 0.486201931640625 0.43906927734375 0.411448376953125 0.470515986328125 0.290399685546875 0.484755447265625
6 0.27884621875 0.7758702421875 0.32160438671875 0.685775623046875 0.34417810546875 0.644989046875 0.315022771484375 0.615860017578125 0.249721435546875 0.652612021484375 0.234800818359375 0.708065697265625 0.20471342578125 0.76218802734375 0.214687595703125 0.81805118359375 0.180228646484375 0.8511271875 0.209426779296875 0.874139501953125 0.25765746875 0.847753298828125 0.27884621875 0.7758702421875
7 0.9188585069444444 0.12008825231481482 0.024131944444444553 0.01597222222222222
7 0.5369140625 0.1062282986111111 0.02599826388888893 0.01404803240740743
7 0.35434027777777777 0.4153718171296297 0.023958333333333304 0.012065972222222276
7 0.24177517361111112 0.3789785879629629 0.023958333333333304 0.012065972222222276
7 0.22814670138888887 0.42212094907407405 0.024131944444444442 0.015972222222222276
7 0.12384982638888889 0.2655671296296296 0.03424479166666666 0.023929398148148096
7 0.10954861111111111 0.3018880208333333 0.0422309027777778 0.02795138888888893
7 0.056380208333333334 0.44418402777777777 0.04027777777777777 0.02792245370370372
7 0.043055555555555555 0.4804904513888889 0.04223090277777777 0.02795138888888893
7 0.6861328124999999 0.56953125 0.03611111111111098 0.022005208333333304
7 0.4206814236111111 0.6573929398148148 0.028038194444444442 0.01603009259259247