1 0.46508806640625 0.6972637109375 0.5540529453125 0.405381873046875 0.33568140625 0.363461044921875 0.184782251953125 0.62995619921875 0.46508806640625 0.6972637109375
1 0.624964451171875 0.1860236640625 0.461211599609375 0.157136615234375 0.3414126328125 0.357408734375 0.5558542734375 0.39827041796875 0.624964451171875 0.1860236640625
7 0.5142867476851851 0.5936414930555556 0.014597800925925775 0.031553819444444464
7 0.5616391782407407 0.7741102430555555 0.01258680555555558 0.029557291666666652
7 0.5818793402777778 0.6838758680555556 0.008622685185185164 0.027517361111111027
7 0.597923900462963 0.6034939236111111 0.010691550925925997 0.03146701388888884
7 0.5805772569444445 0.5960720486111111 0.010575810185185386 0.02756076388888884
7 0.5391203703703704 0.5130642361111111 0.008622685185185386 0.02751736111111125
7 0.5607060185185185 0.44329427083333334 0.01229745370370372 0.019791666666666652
7 0.6336877893518519 0.45045572916666665 0.008912037037037024 0.03728298611111103
7 0.6459346064814815 0.3994357638888889 0.010517939814814747 0.02560763888888884
7 0.6552517361111112 0.34848090277777777 0.012413194444444553 0.023697916666666652
7 0.6029007523148149 0.30377604166666666 0.012413194444444553 0.023697916666666652
7 0.6160083912037038 0.256640625 0.012413194444444553 0.023697916666666652
7 0.6279079861111111 0.2173394097222222 0.008449074074074137 0.021657986111111138
7 0.35627170138888886 0.9201822916666667 0.01689814814814805 0.043315972222222276
7 0.2635633680555556 0.887109375 0.014771412037037024 0.037413194444444464
7 0.17272135416666667 0.8569227430555556 0.01287615740740744 0.03932291666666665
7 0.17768373842592594 0.6235677083333333 0.016898148148148162 0.043315972222222054
7 0.23446180555555557 0.5188585069444445 0.016956018518518468 0.045269097222222276
7 0.2743995949074074 0.4555121527777778 0.012991898148148162 0.04322916666666665
7 0.3093677662037037 0.39520399305555554 0.01482928240740744 0.039366319444444464
7 0.40266203703703707 0.24381510416666669 0.012991898148148051 0.04322916666666665
7 0.4234085648148148 0.2023654513888889 0.00868055555555558 0.029470486111111138
7 0.4418836805555556 0.17170138888888886 0.008738425925925997 0.03142361111111114