7 0.34150028935185184 0.6066623263888888 0.0059317129629630205 0.00998263888888884
7 0.372706886574074 0.5996455439814815 0.007899305555555625 0.01200810185185186
7 0.4019675925925926 0.593677662037037 0.007899305555555625 0.012008101851851638
7 0.4312282986111111 0.5877097800925926 0.007899305555555514 0.01200810185185186
7 0.4585286458333333 0.5808376736111112 0.007928240740740833 0.015914351851851638
7 0.4858289930555556 0.5739655671296297 0.00788483796296302 0.01005497685185186
7 0.5121600115740741 0.5681061921296297 0.007899305555555625 0.01200810185185186
7 0.5355541087962963 0.5613787615740741 0.007928240740740833 0.01591435185185186
7 0.5608940972222223 0.5536024305555556 0.005917245370370416 0.00802951388888884
7 0.5823567708333333 0.5498770254629629 0.007870370370370416 0.00810185185185186
7 0.6037905092592593 0.5422453703703703 0.007899305555555625 0.01200810185185186
7 0.6242621527777779 0.5366030092592593 0.007884837962962798 0.01005497685185186
7 0.64375 0.5300202546296297 0.007899305555555625 0.01200810185185186
7 0.6622757523148148 0.5254267939814814 0.005917245370370416 0.00802951388888884
7 0.6778645833333333 0.5199652777777778 0.007870370370370416 0.00810185185185186
7 0.6972728587962963 0.5026403356481481 0.005917245370370416 0.00802951388888884
7 0.6843822337962964 0.4767433449074074 0.0039785879629627985 0.00991030092592593
7 0.6724898726851851 0.4537398726851852 0.003964120370370416 0.00795717592592593
7 0.6615885416666667 0.4326533564814815 0.005946180555555625 0.01193576388888884
7 0.6507016782407408 0.4135199652777778 0.005917245370370416 0.00802951388888884
7 0.5774016203703705 0.4084201388888889 0.007928240740740833 0.01591435185185186
7 0.5110532407407407 0.41869212962962965 0.007899305555555625 0.01200810185185186
0 0.589816294921875 0.311946125 0.341193859375 0.314409576171875 0.327413912109375 0.6182818671875 0.696365875 0.52246638671875 0.701121994140625 0.499360216796875 0.613050443359375 0.3272717734375 0.589816294921875 0.311946125