1 0.66894618359375 0.373525029296875 0.561809611328125 0.599710814453125 0.65334792578125 0.728860044921875 0.798357095703125 0.50349216015625 0.66894618359375 0.373525029296875
6 0.39565587109375 0.093049111328125 0.420077642578125 0.1161131328125 0.44875725 0.139689642578125 0.4690400625 0.1701983359375 0.507873359375 0.209824990234375 0.560880431640625 0.250099966796875 0.60672889453125 0.285276126953125 0.62288453125 0.324025046875 0.65038489453125 0.363610890625 0.711669890625 0.3889965234375 0.759134771484375 0.437606060546875 0.79809774609375 0.485986048828125 0.84009017578125 0.547704658203125 0.859181951171875 0.59342657421875 0.856623056640625 0.61191746484375 0.828143853515625 0.6018681796875 0.819901298828125 0.6191447421875 0.88708312890625 0.66006741796875 0.87251934375 0.633160275390625 0.890208263671875 0.584189412109375 0.85662343359375 0.516334798828125 0.79302648828125 0.430567453125 0.739819009765625 0.376765255859375 0.662425529296875 0.315813478515625 0.613415958984375 0.2585455 0.58189451953125 0.234361548828125 0.527366326171875 0.187019240234375 0.492849810546875 0.151883958984375 0.448226763671875 0.10388186328125 0.42098575 0.0818021328125 0.403863060546875 0.07338532421875 0.338697466796875 0.0729505390625 0.282223380859375 0.0854768984375 0.2342158515625 0.095846697265625 0.2301711953125 0.109656923828125 0.27841451171875 0.1152026796875 0.273944470703125 0.100366306640625 0.307836189453125 0.09332769921875 0.351645830078125 0.086424794921875 0.39565587109375 0.093049111328125
5 0.243449642578125 0.145411734375 0.280041720703125 0.129431125 0.3012915859375 0.129607705078125 0.3016098828125 0.151092705078125 0.324215818359375 0.1471960625 0.340866955078125 0.123782869140625 0.4186861953125 0.117798580078125 0.46683519921875 0.1169782265625 0.508297142578125 0.142889056640625 0.49011408203125 0.158438740234375 0.5144533359375 0.175932763671875 0.548887326171875 0.20549748828125 0.584736345703125 0.23496843359375 0.60946462890625 0.278721900390625 0.64408823046875 0.321018783203125 0.689641974609375 0.336301609375 0.71281476171875 0.37060045703125 0.76312146875 0.419816880859375 0.817826482421875 0.4790947421875 0.853497830078125 0.485289556640625 0.851564951171875 0.46171169140625 0.794052478515625 0.404213673828125 0.7320719609375 0.33188026171875 0.696222943359375 0.302409314453125 0.66921769921875 0.29624402734375 0.62747184375 0.251236041015625 0.607259765625 0.22550179296875 0.59418271875 0.203274693359375 0.577001080078125 0.190878998046875 0.5457036328125 0.1818144921875 0.536870650390625 0.159303896484375 0.5194650390625 0.1317898671875 0.499323689453125 0.110830064453125 0.46082145703125 0.093483341796875 0.375915330078125 0.099143751953125 0.33204675390625 0.102068322265625 0.289404587890625 0.09216744921875 0.264027548828125 0.10023109375 0.30808375390625 0.110038255859375 0.2571990234375 0.117413388671875 0.231892716796875 0.130251478515625 0.243449642578125 0.145411734375
3 0.498558634765625 0.260954142578125 0.475052248046875 0.267831474609375 0.48093641015625 0.2815114140625 0.50666916796875 0.277228919921875 0.513692861328125 0.273220513671875 0.616136455078125 0.388966884765625 0.648382751953125 0.387701892578125 0.65360409375 0.368325583984375 0.636295544921875 0.368594724609375 0.530006263671875 0.2588576328125 0.5322460859375 0.25074323046875 0.5141968125 0.254158697265625 0.498558634765625 0.260954142578125
3 0.448845974609375 0.464283447265625 0.444292310546875 0.47564960546875 0.526551607421875 0.609999736328125 0.515728064453125 0.623111310546875 0.5283988125 0.628462150390625 0.542464853515625 0.621771513671875 0.55460510546875 0.591314021484375 0.53888178515625 0.592362244140625 0.45759243359375 0.470338009765625 0.461675673828125 0.465074203125 0.448845974609375 0.464283447265625
3 0.392209662109375 0.30475418359375 0.39546526953125 0.312060119140625 0.388592212890625 0.3262363046875 0.458495775390625 0.4233537109375 0.474998115234375 0.421810896484375 0.4748278359375 0.4103170078125 0.460618693359375 0.40728146484375 0.403490658203125 0.322587677734375 0.4094985625 0.3031589296875 0.402022201171875 0.296040951171875 0.392209662109375 0.30475418359375
3 0.352920048828125 0.46800531640625 0.356182201171875 0.475752919921875 0.351621994140625 0.486677412109375 0.399538908203125 0.58703067578125 0.4145280625 0.58957155859375 0.4205032265625 0.567932814453125 0.4102763203125 0.568171947265625 0.36340793359375 0.485449025390625 0.367155388671875 0.47280919140625 0.3616071640625 0.46124118359375 0.352920048828125 0.46800531640625
3 0.393250994140625 0.37504418359375 0.3997890546875 0.338322509765625 0.390250470703125 0.331878095703125 0.380121802734375 0.338748341796875 0.3726138046875 0.363144673828125 0.35049616796875 0.357538865234375 0.315950123046875 0.3629399921875 0.29904141015625 0.44327650390625 0.2480247734375 0.45243051171875 0.2475732109375 0.475028439453125 0.263955765625 0.472076654296875 0.268570275390625 0.458141130859375 0.320418326171875 0.452029197265625 0.335761451171875 0.372239158203125 0.34594905859375 0.36934724609375 0.3752148203125 0.379344095703125 0.393250994140625 0.37504418359375
4 0.290859150390625 0.315936361328125 0.278057423828125 0.301744408203125 0.2556778203125 0.278455822265625 0.20312278125 0.2899245703125 0.1804740078125 0.301612310546875 0.173339310546875 0.351206421875 0.179936392578125 0.3646036015625 0.198706994140625 0.363675880859375 0.204354041015625 0.3730345703125 0.21851177734375 0.372533380859375 0.2324916953125 0.360096146484375 0.24275789453125 0.362509234375 0.257203796875 0.381459154296875 0.28225055859375 0.372266392578125 0.290859150390625 0.315936361328125
1 0.486350404296875 0.754782248046875 0.549610126953125 0.881548060546875 0.652156994140625 0.738672375 0.562657259765625 0.60478325390625 0.486350404296875 0.754782248046875
1 0.542531724609375 0.248125615234375 0.46851301953125 0.45750080078125 0.537761380859375 0.55639359765625 0.630378783203125 0.33475428515625 0.542531724609375 0.248125615234375
1 0.412687328125 0.620084259765625 0.46604170703125 0.715649548828125 0.5346157421875 0.56372144140625 0.46496915234375 0.464854638671875 0.412687328125 0.620084259765625
1 0.45232596875 0.161654189453125 0.398512205078125 0.35375221875 0.453404625 0.4260804765625 0.51850139453125 0.2196368359375 0.45232596875 0.161654189453125
1 0.356693607421875 0.505666154296875 0.40519306640625 0.5922626015625 0.44909463671875 0.4319288515625 0.399389466796875 0.359888736328125 0.356693607421875 0.505666154296875
3 0.43739980859375 0.1908059375 0.438795109375 0.178765017578125 0.429413712890625 0.18293060546875 0.39384631640625 0.172469103515625 0.3482419375 0.175066734375 0.33415625 0.180431259765625 0.319173646484375 0.17833259765625 0.314361845703125 0.165330794921875 0.29780228515625 0.17002163671875 0.297409666015625 0.196598455078125 0.346951423828125 0.19418098828125 0.3586980703125 0.19030037890625 0.397239455078125 0.189058373046875 0.41781115625 0.196537326171875 0.43739980859375 0.1908059375