5 0.601606650390625 0.553288490234375 0.684054072265625 0.56391878125 0.72121828515625 0.51414026171875 0.756932498046875 0.399111740234375 0.792364005859375 0.398878337890625 0.816968880859375 0.358000458984375 0.693430849609375 0.3480222109375 0.650286515625 0.51142414453125 0.628670001953125 0.425330697265625 0.588906611328125 0.428296166015625 0.580946974609375 0.45279673046875 0.601606650390625 0.553288490234375
5 0.584503537109375 0.23015783203125 0.5767211171875 0.19885246875 0.511944552734375 0.21799764453125 0.479467470703125 0.287355046875 0.50101167578125 0.36386976953125 0.525228134765625 0.3692494140625 0.55591881640625 0.35837856640625 0.539679314453125 0.317964767578125 0.52735123046875 0.273446630859375 0.533825107421875 0.245867548828125 0.584503537109375 0.23015783203125
5 0.385079234375 0.377239662109375 0.393252044921875 0.362287357421875 0.3830629921875 0.350289478515625 0.34480243359375 0.35073244140625 0.3140767265625 0.3713402109375 0.27829217578125 0.4194228046875 0.24224236328125 0.45556873046875 0.300597126953125 0.466390486328125 0.332375458984375 0.45395608203125 0.308503701171875 0.439502146484375 0.3304563515625 0.406791048828125 0.3469247734375 0.3824570703125 0.385079234375 0.377239662109375
6 1 0.1714047421875 0.881887669921875 0.217693984375 0.774941462890625 0.2527154609375 0.70710498046875 0.26172582421875 0.625904568359375 0.300886251953125 0.641752349609375 0.326344998046875 0.702388966796875 0.312288791015625 0.82624666015625 0.272826595703125 0.898062955078125 0.251565671875 0.964236859375 0.231520125 1 0.210763771484375 1 0.1714047421875
6 0.52793581640625 0.42103427734375 0.5746019921875 0.404534978515625 0.57997256640625 0.38529786328125 0.56197072265625 0.38699359375 0.5217524375 0.403739796875 0.467207130859375 0.413576939453125 0.426120517578125 0.42024356640625 0.40912144921875 0.43227880078125 0.4272862421875 0.443705916015625 0.47099322265625 0.439019314453125 0.52793581640625 0.42103427734375
7 0.3980902777777778 0.48307291666666663 0.015885416666666652 0.01287615740740744
7 0.3871310763888889 0.4300853587962963 0.015798611111111138 0.00896990740740744
7 0.3838975694444444 0.4166304976851852 0.015798611111111027 0.00896990740740744
7 0.6272135416666667 0.40545428240740744 0.025737847222222276 0.01750578703703698
7 0.5918402777777778 0.39829282407407407 0.027690972222222054 0.01765046296296302
7 0.5971788194444445 0.4184389467592593 0.027690972222222054 0.01765046296296302
7 0.6208984375 0.3853804976851852 0.02777777777777768 0.02155671296296291
7 0.5937282986111111 0.3071831597222222 0.025737847222222276 0.01750578703703698
7 0.5864800347222222 0.2891348379629629 0.023784722222222276 0.01736111111111116
7 0.5676649305555556 0.3228081597222222 0.023784722222222276 0.01736111111111116
7 0.5594618055555556 0.30580873842592593 0.023784722222222276 0.01736111111111116