0 0.26844973046875 0.41208245703125 0.23653009375 0.891702234375 0.311013373046875 0.97218694140625 0.311455716796875 0.98653905859375 0.377296048828125 0.983125115234375 0.673135818359375 0.8371487421875 0.679575787109375 0.804899611328125 0.732127837890625 0.80141498046875 0.781888931640625 0.7441229921875 0.774327361328125 0.46791891015625 0.722901228515625 0.440949900390625 0.682015103515625 0.434711 0.679369970703125 0.409772451171875 0.35892612890625 0.305567263671875 0.26844973046875 0.41208245703125
1 0.354952765625 0.072489560546875 0.30459999609375 0.04014640234375 0.24380034765625 0.041018787109375 0.23519947265625 0.177189537109375 0.2820334609375 0.204690568359375 0.339782623046875 0.197136853515625 0.354952765625 0.072489560546875
1 0.287545888671875 0.206684396484375 0.281014025390625 0.2632542890625 0.332086470703125 0.2834021328125 0.370684814453125 0.277330033203125 0.38763284375 0.15514183984375 0.344847255859375 0.1383633828125 0.3386307109375 0.2009961875 0.287545888671875 0.206684396484375
1 0.392239298828125 0.146764763671875 0.4015724765625 0.032838009765625 0.35720368359375 0.011582859375 0.3470734453125 0.1291293203125 0.392239298828125 0.146764763671875
1 0.429337716796875 0.17030625 0.43947533203125 0.059748517578125 0.401965453125 0.040416845703125 0.386245158203125 0.1544540859375 0.429337716796875 0.17030625
1 0.41897292578125 0.298169220703125 0.42910934765625 0.17274841796875 0.386048669921875 0.15066466796875 0.3737718125 0.278961544921875 0.41897292578125 0.298169220703125
1 0.455248298828125 0.30583769140625 0.46265166015625 0.193805232421875 0.42676526953125 0.179708935546875 0.420484708984375 0.29325670703125 0.455248298828125 0.30583769140625
1 0.490024517578125 0.32101121875 0.50016059765625 0.213136951171875 0.4642358359375 0.198282404296875 0.4524035625 0.30907867578125 0.490024517578125 0.32101121875
1 0.517212912109375 0.335517142578125 0.52402742578125 0.230136673828125 0.49750311328125 0.214034986328125 0.4882890390625 0.323175552734375 0.517212912109375 0.335517142578125
1 0.5460101953125 0.34463441015625 0.556103478515625 0.248990390625 0.528347712890625 0.235232212890625 0.51747086328125 0.338379732421875 0.5460101953125 0.34463441015625
1 0.571041001953125 0.35394698046875 0.577038677734375 0.26158280859375 0.556142765625 0.2497480625 0.54368176953125 0.3484189375 0.571041001953125 0.35394698046875
1 0.4644980234375 0.19288718359375 0.474876908203125 0.090587796875 0.442486505859375 0.065671646484375 0.43208120703125 0.177913345703125 0.4644980234375 0.19288718359375
1 0.495507767578125 0.208256009765625 0.507110134765625 0.11247273046875 0.474876908203125 0.090587796875 0.469472255859375 0.19497151953125 0.495507767578125 0.208256009765625
1 0.52872996484375 0.22987639453125 0.53533651171875 0.135325134765625 0.50853713671875 0.113918685546875 0.501941259765625 0.22140354296875 0.52872996484375 0.22987639453125
1 0.555918359375 0.24438231640625 0.559518630859375 0.1583872421875 0.532757599609375 0.137738513671875 0.528347712890625 0.235232212890625 0.555918359375 0.24438231640625
1 0.5793402734375 0.2590835390625 0.585846482421875 0.170700041015625 0.5594007421875 0.156113697265625 0.55745187890625 0.248920474609375 0.5793402734375 0.2590835390625