4 0.6555121527777777 0.2654296875 0.07361111111111107 0.07578125000000002
2 0.815099751953125 0.301101537109375 0.722784720703125 0.279262064453125 0.68892357421875 0.294068419921875 0.686881435546875 0.322220591796875 0.787776357421875 0.346680962890625 0.821158939453125 0.324858791015625 0.815099751953125 0.301101537109375
6 0.24437946484375 0.8689073046875 0.367455345703125 0.821200046875 0.495759681640625 0.726999072265625 0.608881390625 0.65421680859375 0.725315517578125 0.56028059765625 0.801514888671875 0.517830912109375 0.867260447265625 0.461560626953125 0.874989796875 0.3587967734375 0.8616636640625 0.302877365234375 0.843378916015625 0.32295972265625 0.851644431640625 0.38601705859375 0.845311625 0.43956275 0.782793779296875 0.494356017578125 0.68922705078125 0.554055130859375 0.588641033203125 0.629370384765625 0.459128982421875 0.71516547265625 0.331262876953125 0.7995186953125 0.25227346875 0.833597658203125 0.243932806640625 0.783209234375 0.18049035546875 0.847840455078125 0.24437946484375 0.8689073046875
5 0.69705429296875 0.626961201171875 0.825358625 0.5327602265625 0.841233923828125 0.335655001953125 0.81266319921875 0.302560974609375 0.809621220703125 0.353221974609375 0.812325833984375 0.434673625 0.81005333984375 0.503588263671875 0.765757677734375 0.5397068359375 0.7271485078125 0.55461772265625 0.67668838671875 0.60492716796875 0.583246099609375 0.661813916015625 0.52626803125 0.71648407421875 0.449944173828125 0.761747111328125 0.338779390625 0.826053162109375 0.330060349609375 0.832325388671875 0.35354355078125 0.849616970703125 0.46818561328125 0.7782062109375 0.570229466796875 0.705669140625 0.69705429296875 0.626961201171875
3 0.278232341796875 0.498542041015625 0.271091029296875 0.46356553125 0.08671701953125 0.545291291015625 0.099241859375 0.577003927734375 0.278232341796875 0.498542041015625
3 0.362528884765625 0.5585045078125 0.180601099609375 0.649680263671875 0.162782341796875 0.622108794921875 0.152488369140625 0.64187324609375 0.19138672265625 0.691602240234375 0.20559003515625 0.674422142578125 0.387517818359375 0.583246388671875 0.38110455078125 0.54965997265625 0.362528884765625 0.5585045078125
3 0.506888693359375 0.4765963203125 0.4862727109375 0.460189005859375 0.3338815625 0.547649529296875 0.346326654296875 0.567297283203125 0.366423271484375 0.5598232578125 0.3624254765625 0.54304762890625 0.489832826171875 0.486812375 0.50376438671875 0.49353021875 0.506888693359375 0.4765963203125
3 0.3884178984375 0.438472640625 0.404473416015625 0.4507644453125 0.41361606640625 0.44072326171875 0.530298486328125 0.39456337109375 0.52623817578125 0.379194421875 0.503601599609375 0.372671005859375 0.389280935546875 0.41884318359375 0.3884178984375 0.438472640625
3 0.616679328125 0.38983321484375 0.616180955078125 0.34768361328125 0.552707845703125 0.3350402421875 0.5537918359375 0.292854494140625 0.5340084375 0.29197715625 0.5329455 0.3172096484375 0.541836205078125 0.366200185546875 0.597083458984375 0.386052806640625 0.58852333203125 0.41856667578125 0.616011380859375 0.440441458984375 0.631546892578125 0.428853900390625 0.62425831640625 0.414961984375 0.607890755859375 0.409703564453125 0.616679328125 0.38983321484375
3 0.525837693359375 0.51271474609375 0.630004908203125 0.445752634765625 0.640708796875 0.453946513671875 0.658776728515625 0.4403321328125 0.631671974609375 0.42603955859375 0.523568935546875 0.47481937890625 0.511699322265625 0.4750831484375 0.50363934765625 0.496343578125 0.525837693359375 0.51271474609375
3 0.4797685078125 0.659896564453125 0.50352805078125 0.69450378125 0.51675209375 0.681561318359375 0.519169388671875 0.6449680859375 0.64586921875 0.5690725234375 0.65730170703125 0.578656482421875 0.66764038671875 0.563785021484375 0.644808173828125 0.5395830390625 0.497033009765625 0.627190248046875 0.4797685078125 0.659896564453125
3 0.772801693359375 0.39901242578125 0.787192009765625 0.37761230078125 0.78297335546875 0.3531762734375 0.7526449765625 0.35448811328125 0.73302378515625 0.475786970703125 0.743768564453125 0.500844404296875 0.765447458984375 0.49333619921875 0.76242842578125 0.472321970703125 0.772801693359375 0.39901242578125
1 0.491366921875 0.68353072265625 0.341579140625 0.567402783203125 0.206195384765625 0.638808328125 0.33528175 0.798024095703125 0.491366921875 0.68353072265625
1 0.23533437109375 0.485441443359375 0.11833935546875 0.538634732421875 0.19753023828125 0.635075494140625 0.33755971484375 0.56889739453125 0.23533437109375 0.485441443359375
1 0.649388447265625 0.57883233203125 0.48964526953125 0.4910324140625 0.383518001953125 0.5485091953125 0.537660947265625 0.655799484375 0.649388447265625 0.57883233203125
1 0.36980134375 0.430453615234375 0.27498541796875 0.464884279296875 0.378167775390625 0.5447026953125 0.484897203125 0.49113792578125 0.36980134375 0.430453615234375
1 0.75709601171875 0.5033588203125 0.60426625390625 0.437891880859375 0.523590677734375 0.4767021015625 0.67558641015625 0.558575109375 0.75709601171875 0.5033588203125
1 0.48252681640625 0.384382638671875 0.40676512109375 0.4169845859375 0.516117822265625 0.470980076171875 0.6003718671875 0.4365731328125 0.48252681640625 0.384382638671875