1 0.9465339296875 0.45452278515625 0.863492626953125 0.30358278125 0.80120940625 0.30397797265625 0.86868438671875 0.45239232421875 0.9465339296875 0.45452278515625
1 0.886221044921875 0.4949253125 0.967070349609375 0.67210887890625 0.975441001953125 0.51067485546875 0.9649797109375 0.48728251171875 0.886221044921875 0.4949253125
1 0.965529837890625 0.701818732421875 0.926593517578125 0.614166998046875 0.838106859375 0.617440875 0.940060900390625 0.9062925625 0.954953751953125 0.905786115234375 0.965529837890625 0.701818732421875
1 0.90373482421875 0.567180150390625 0.82488863671875 0.387751162109375 0.750774634765625 0.398035880859375 0.8236718125 0.57367271875 0.90373482421875 0.567180150390625
1 0.81005997265625 0.352944197265625 0.752277310546875 0.234113388671875 0.6901312265625 0.235012732421875 0.741434650390625 0.358508453125 0.81005997265625 0.352944197265625
1 0.71235705078125 0.36283640234375 0.667523578125 0.232861216796875 0.61662064453125 0.232290119140625 0.650003912109375 0.364579994140625 0.71235705078125 0.36283640234375
1 0.63657239453125 0.360029564453125 0.60191511328125 0.230431275390625 0.535111724609375 0.237377201171875 0.560438681640625 0.363964740234375 0.63657239453125 0.360029564453125
1 0.55100633203125 0.3555094609375 0.5254316875 0.23325912109375 0.461053220703125 0.230581328125 0.476178212890625 0.3635459609375 0.55100633203125 0.3555094609375
1 0.46405281640625 0.36309687109375 0.450201763671875 0.232359685546875 0.384371060546875 0.2304432265625 0.385027193359375 0.364222962890625 0.46405281640625 0.36309687109375
1 0.37325137890625 0.357031876953125 0.37266013671875 0.23514833984375 0.3174014453125 0.233366826171875 0.30807677734375 0.35461800390625 0.37325137890625 0.357031876953125
1 0.282648759765625 0.361783099609375 0.293295056640625 0.232208892578125 0.22707796484375 0.232724431640625 0.2021771796875 0.3615046484375 0.282648759765625 0.361783099609375
1 0.18991194921875 0.363752359375 0.2137346796875 0.233035923828125 0.1437854453125 0.22828853515625 0.10489380859375 0.363305517578125 0.18991194921875 0.363752359375
1 0.094354203125 0.361564171875 0.13244849609375 0.22625161328125 0.061868439453125 0.226605560546875 0.007750271484375 0.3624095859375 0.094354203125 0.361564171875
1 0 0.592306021484375 0.024661533203125 0.592718169921875 0.082194908203125 0.397981103515625 0 0.391896712890625 0 0.592306021484375
1 0 0.957531443359375 0.071097306640625 0.9565237578125 0.135342611328125 0.64005099609375 0.0284259375 0.637507205078125 0 0.73970555078125 0 0.957531443359375
1 0.143782849609375 0.59442809375 0.182056404296875 0.39413225390625 0.098808447265625 0.392803771484375 0.039888591796875 0.59193114453125 0.143782849609375 0.59442809375
1 0.261050169921875 0.587962474609375 0.2784503515625 0.395815544921875 0.195124396484375 0.395020041015625 0.159977380859375 0.5896229921875 0.261050169921875 0.587962474609375
1 0.22322542578125 0.95135022265625 0.255564509765625 0.63271175390625 0.153052966796875 0.63530298046875 0.094112423828125 0.95197221484375 0.22322542578125 0.95135022265625
1 0.373490205078125 0.586722021484375 0.372923193359375 0.393653970703125 0.28999491796875 0.395831787109375 0.2795876328125 0.581893158203125 0.373490205078125 0.586722021484375
1 0.4830393359375 0.582673462890625 0.464026134765625 0.395141298828125 0.384794994140625 0.397991912109375 0.383692169921875 0.580344927734375 0.4830393359375 0.582673462890625
1 0.590314970703125 0.578539759765625 0.553500919921875 0.387134044921875 0.476913486328125 0.39329683203125 0.498954150390625 0.583262900390625 0.590314970703125 0.578539759765625
1 0.697310361328125 0.57980057421875 0.645662060546875 0.388660564453125 0.5688221796875 0.392647892578125 0.606987458984375 0.579157259765625 0.697310361328125 0.57980057421875
1 0.65710697265625 0.39285816015625 0.710124041015625 0.581626142578125 0.79928065625 0.575471318359375 0.735419205078125 0.38665830859375 0.65710697265625 0.39285816015625
1 0.725047068359375 0.616136591796875 0.80942104296875 0.921720767578125 0.91408501171875 0.909383458984375 0.813447447265625 0.60977262109375 0.725047068359375 0.616136591796875
1 0.79295835546875 0.91705712890625 0.709076404296875 0.61743194140625 0.61322578125 0.61992080078125 0.671832228515625 0.924730818359375 0.79295835546875 0.91705712890625
1 0.535968509765625 0.923751796875 0.656317806640625 0.91926170703125 0.599654427734375 0.618067169921875 0.5016133828125 0.619839974609375 0.535968509765625 0.923751796875
1 0.5180488828125 0.932545970703125 0.48799408984375 0.628112265625 0.384963900390625 0.629030455078125 0.387559841796875 0.93041501953125 0.5180488828125 0.932545970703125
1 0.372193478515625 0.93389886328125 0.3694755703125 0.62372269140625 0.278656265625 0.629146099609375 0.2615370390625 0.944662294921875 0.372193478515625 0.93389886328125