3 1 0.59383487109375 0.70783565625 0.475331380859375 0.0111226796875 0.166840193359375 0.018228041015625 0.27342062109375 1 0.6614317578125 1 0.59383487109375
5 0.893836931640625 0.7031819609375 0.90192129296875 0.77216133984375 0.852644908203125 0.84349276953125 0.815540181640625 0.83596164453125 0.771115572265625 0.82320432421875 0.71106693359375 0.7852452578125 0.03970101953125 0.595515296875 0.042573931640625 0.638608978515625 0.415148888671875 0.7387635078125 0.6089750546875 0.796392421875 0.8829309609375 0.905616462890625 0.995862849609375 0.769474431640625 0.96749978125 0.68390946875 0.830838685546875 0.620978796875 0.67601810546875 0.5993939140625 0.661321630859375 0.6204264296875 0.792160458984375 0.66827418359375 0.893836931640625 0.7031819609375
6 0.332835720703125 0.47140855859375 0.62853450390625 0.56689470703125 0.777502357421875 0.610533169921875 0.516981298828125 0.488415298828125 0.24497008984375 0.38221869921875 0.023890990234375 0.358364853515625 0.024626453125 0.369396806640625 0.062025546875 0.409377796875 0.332835720703125 0.47140855859375
5 1 0.50440418359375 0.95165922265625 0.472444078125 0.66168600390625 0.33211905859375 0.18446484375 0.102108814453125 0.0007221796875 0.01083270703125 0.00720945703125 0.10814184375 0.661881755859375 0.41349167578125 0.994990349609375 0.57337853125 1 0.57768655078125 1 0.50440418359375
5 1 0.26874084765625 0.979391193359375 0.260954845703125 0.8084448125 0.154348328125 0.592842763671875 0.02634856640625 0.502769478515625 0.022345310546875 0.703927220703125 0.129117107421875 0.954873236328125 0.285352568359375 1 0.297507896484375 1 0.26874084765625
6 0.584477892578125 0.9256814453125 0.05252904296875 0.78793565625 0.056117662109375 0.841764923828125 0.34089481640625 0.9060330390625 0.60788065625 0.962992142578125 0.677544744140625 0.962167248046875 0.79644048046875 0.99391925 0.855485109375 0.91223880078125 0.828552373046875 0.90161976171875 0.7860393671875 0.94248188671875 0.7449359140625 0.953398908203125 0.686001572265625 0.932154283203125 0.584477892578125 0.9256814453125
6 1 0.39256402734375 0.70110740625 0.24368526171875 0.26671879296875 0.01185416796875 0.155484123046875 0.00691040625 0.705346228515625 0.28112456640625 1 0.42942544140625 1 0.39256402734375
3 1 0.899919412109375 0.988584970703125 0.895607953125 0.97768120703125 0.862773841796875 0.901724232421875 0.84763447265625 0.906771330078125 0.923340953125 1 0.951202462890625 1 0.899919412109375
7 0.11438802083333333 0.9125434027777778 0.044791666666666674 0.029253472222222188
7 0.19811197916666667 0.7955295138888889 0.031119791666666674 0.02864583333333348
7 0.3524088541666667 0.5833116319444445 0.04453125000000002 0.025347222222222188
7 0.5825520833333333 0.25275607638888886 0.042447916666666696 0.023307291666666674
7 0.6348958333333333 0.1762152777777778 0.04257812499999991 0.025260416666666674
7 0.7408203125 0.04168836805555556 0.040234375000000044 0.019314236111111105
7 0.4132161458333333 0.5314887152777779 0.056770833333333326 0.03368055555555571
7 0.29713541666666665 0.4698567708333333 0.0688802083333333 0.040060763888888906