5 0.3662109375 0.447265625 0.0458984375 0.119140625
5 0.5400390625 0.4375 0.0517578125 0.0556640625
5 0.58984375 0.6162109375 0.07421875 0.0498046875
5 0.416015625 0.654296875 0.0791015625 0.1044921875
5 0.4541015625 0.91796875 0.1083984375 0.134765625
5 0.669921875 0.9248046875 0.08984375 0.1494140625
7 0.51171875 0.9091796875 0.0107421875 0.015625
7 0.52734375 0.904296875 0.009765625 0.015625
7 0.517578125 0.9384765625 0.01171875 0.0126953125
7 0.5341796875 0.9365234375 0.0146484375 0.0205078125
7 0.607421875 0.876953125 0.009765625 0.0185546875
7 0.5908203125 0.8828125 0.0107421875 0.017578125
7 0.6162109375 0.90625 0.0126953125 0.0185546875
7 0.599609375 0.9111328125 0.009765625 0.0166015625
6 0.436084896484375 0.496893517578125 0.535105728515625 0.8882981484375 0.5822390625 0.8726268515625 0.462540103515625 0.48025 0.436084896484375 0.496893517578125
6 0.63730714453125 0.51036483203125 0.638867708984375 0.509784259765625 0.6147921875 0.449511111328125 0.60055 0.455538888671875 0.618174587890625 0.496909501953125 0.629372916015625 0.493510185546875 0.63730714453125 0.51036483203125
6 0.56016028125 0.514520078125 0.566915580078125 0.53655246875 0.625740060546875 0.51466811328125 0.618174587890625 0.496909501953125 0.56016028125 0.514520078125
6 0.545956771484375 0.46819537109375 0.532053646484375 0.46940092578125 0.54521360546875 0.519057228515625 0.56016028125 0.514520078125 0.545956771484375 0.46819537109375
6 0.5510934921875 0.54124372265625 0.54521360546875 0.519057228515625 0.4768046875 0.5398231484375 0.398790625 0.5561944453125 0.404555208984375 0.580906482421875 0.5510934921875 0.54124372265625
6 0.568336458984375 0.58994722265625 0.5829171875 0.588741666015625 0.566915580078125 0.53655246875 0.55400166796875 0.5413568046875 0.568336458984375 0.58994722265625
6 0.644971353515625 0.559810185546875 0.657178646484375 0.55257777734375 0.63730714453125 0.51036483203125 0.625740060546875 0.51466811328125 0.644971353515625 0.559810185546875
6 0.529341146484375 0.797286111328125 0.608349478515625 0.7575055546875 0.601228646484375 0.735807408203125 0.519507291015625 0.746656482421875 0.443660416015625 0.785613888671875 0.449315103515625 0.80572407421875 0.529341146484375 0.797286111328125