1 0.65689858984375 0.436700845703125 0.518992125 0.73282756640625 0.6922271328125 0.928509869140625 0.943173701171875 0.617843857421875 0.65689858984375 0.436700845703125
1 0.63248144140625 1 0.68446947265625 0.937397544921875 0.5151141640625 0.742045765625 0.426492880859375 0.92685796875 0.477542333984375 1 0.63248144140625 1
1 0.440011322265625 0.308945296875 0.372718193359375 0.559720625 0.472000845703125 0.680235654296875 0.589288724609375 0.396587599609375 0.440011322265625 0.308945296875
1 0.318837013671875 0.749451681640625 0.395700978515625 0.868391841796875 0.470259845703125 0.686700083984375 0.3674774296875 0.569676568359375 0.318837013671875 0.749451681640625
1 0.240195056640625 0.617236765625 0.30242570703125 0.7093002734375 0.342895017578125 0.5339490625 0.273941435546875 0.452822763671875 0.240195056640625 0.617236765625
1 0.320072716796875 0.230726732421875 0.275332318359375 0.448727935546875 0.339832416015625 0.524279236328125 0.404579287109375 0.2806737265625 0.320072716796875 0.230726732421875
7 0.9880642361111112 0.6832899305555555 0.02387152777777768 0.020804398148148273
7 0.7550274884259259 0.949291087962963 0.03366608796296289 0.01660879629629619
7 0.7180989583333333 0.9872251157407408 0.027806712962962887 0.016435185185185386
7 0.6207826967592592 0.4359953703703704 0.03182870370370372 0.020457175925925997
7 0.5129846643518519 0.6835575810185185 0.027690972222222276 0.012528935185185164
7 0.4937210648148148 0.7249421296296297 0.027690972222222276 0.012528935185185164
7 0.42315538194444446 0.8789641203703704 0.02177372685185186 0.010402199074074137
7 0.4258174189814815 0.3102068865740741 0.017925347222222276 0.012239583333333304
7 0.3658637152777778 0.5260127314814815 0.01786747685185186 0.010286458333333304
7 0.35518663194444444 0.5608217592592593 0.015972222222222276 0.012181712962962887
7 0.31676070601851847 0.7128689236111111 0.019878472222222276 0.01229745370370372
4 0.053132233796296294 0.37722077546296295 0.08664641203703705 0.09233217592592591