5 0.8199652777777777 0.85390625 0.25802951388888884 0.1147135416666667
5 0.7746961805555556 0.5772135416666666 0.2637586805555556 0.10924479166666679
5 0.7090060763888888 0.26178385416666666 0.290017361111111 0.15000000000000002
5 0.9200954861111111 0.18684895833333334 0.15980902777777772 0.12421874999999999
7 0.9545138888888889 0.5270833333333333 0.017751736111111027 0.008984375000000044
7 0.9481119791666667 0.5030598958333333 0.023697916666666652 0.013281250000000133
7 0.8435329861111112 0.5501302083333333 0.023741319444444464 0.015234374999999911
7 0.8162543402777778 0.5548828125 0.023697916666666652 0.013281249999999911
7 0.8371310763888888 0.5261067708333333 0.019835069444444464 0.01497395833333326
7 0.8078993055555556 0.5309895833333333 0.023741319444444464 0.015234374999999911
7 0.9808159722222223 0.5223958333333334 0.019791666666666874 0.013020833333333481
7 0.975390625 0.4983072916666667 0.019791666666666652 0.01302083333333337
7 0.8682291666666666 0.8252604166666666 0.023784722222222054 0.01718749999999991
7 0.8648220486111111 0.8039713541666667 0.023741319444444464 0.015234374999999911
7 0.8964192708333334 0.8175130208333334 0.027690972222222054 0.017447916666666785
7 0.8919921875 0.7943359375000001 0.031597222222222276 0.017708333333333215
7 0.9918294270833333 0.7893229166666667 0.016341145833333348 0.017317708333333348
7 0.9906141493055556 0.7679036458333333 0.01877170138888884 0.017447916666666785