5 0.140370833984375 0.35380462890625 0.232129166015625 0.38165092578125 0.312697396484375 0.394911111328125 0.347013541015625 0.441321296875 0.3731234375 0.429387037109375 0.357457291015625 0.361760185546875 0.238097396484375 0.31800277734375 0.165734896484375 0.2888305546875 0.1381328125 0.201313888671875 0.1329109375 0.15092592578125 0.169465103515625 0.095233333984375 0.235113021484375 0.062083333984375 0.358344791015625 0.037610185546875 0.339553125 0 0.276143228515625 0.005065740234375 0.208257291015625 0.01169537109375 0.153798958984375 0.038215740234375 0.099340625 0.121753703125 0.097848958984375 0.234463888671875 0.140370833984375 0.35380462890625
5 0.237351041015625 0.38165092578125 0.142608853515625 0.41745277734375 0.0635328125 0.493035185546875 0.0553265625 0.58055092578125 0.052094791015625 0.695017591796875 0.090388541015625 0.686631482421875 0.097848958984375 0.559335185546875 0.1463390625 0.494361111328125 0.2022890625 0.489057408203125 0.289571353515625 0.45325462890625 0.333585416015625 0.432038888671875 0.324633333984375 0.38165092578125 0.237351041015625 0.38165092578125
5 0.649890103515625 0.1191018515625 0.65735 0.193358333984375 0.632731771484375 0.263636111328125 0.579766146484375 0.2822 0.48129375 0.300763888671875 0.440263541015625 0.329936111328125 0.446977603515625 0.413475 0.620795833984375 0.35115277734375 0.6879359375 0.268939814453125 0.707332291015625 0.15092592578125 0.670778125 0.05014907421875 0.6215421875 0.02362962890625 0.576781771484375 0.022303703125 0.597669791015625 0.103189814453125 0.649890103515625 0.1191018515625
6 0.596178125 0.343196296875 0.572305728515625 0.3551305546875 0.596923958984375 0.390932408203125 0.573797916015625 0.47314537109375 0.5573859375 0.55137962890625 0.513371875 0.6190055546875 0.480547916015625 0.682653703125 0.4611515625 0.7131518515625 0.454178125 0.720943517578125 0.467119791015625 0.792712037109375 0.4880078125 0.764865740234375 0.494721875 0.7131518515625 0.588717708984375 0.556683333984375 0.623033853515625 0.471818517578125 0.651382291015625 0.41745277734375 0.617811978515625 0.35380462890625 0.596178125 0.343196296875
6 0.228398958984375 0.333914814453125 0.137386978515625 0.3829768515625 0.079944791015625 0.459885185546875 0.062786978515625 0.555357408203125 0.106801041015625 0.634917591796875 0.149322916015625 0.669393517578125 0.153798958984375 0.620331482421875 0.109784896484375 0.546075 0.097102603515625 0.491709259765625 0.1567828125 0.451928703125 0.214970833984375 0.398888888671875 0.3037453125 0.367064814453125 0.367155208984375 0.352478703125 0.448469791015625 0.3551305546875 0.499197396484375 0.331262037109375 0.487261978515625 0.446625 0.458167708984375 0.51690277734375 0.436469791015625 0.498721296875 0.438025521484375 0.596462962890625 0.480547916015625 0.556683333984375 0.528291666015625 0.426735185546875 0.5253078125 0.299437962890625 0.477563541015625 0.2795481484375 0.406693228515625 0.310046296875 0.304491146484375 0.294134259765625 0.228398958984375 0.333914814453125
6 0.778202083984375 0.332588888671875 0.846834375 0.31535 0.871452603515625 0.270266666015625 0.848969791015625 0.241313888671875 0.817740625 0.272918517578125 0.764028125 0.260984259765625 0.712554166015625 0.28750462890625 0.659588021484375 0.299437962890625 0.625271875 0.360434259765625 0.653619791015625 0.389606482421875 0.692411978515625 0.369716666015625 0.778202083984375 0.332588888671875
7 0.158203125 0.91796875 0.0146484375 0.0234375
7 0.1396484375 0.5517578125 0.0126953125 0.0234375
7 0.43359375 0.3896484375 0.01171875 0.0234375
7 0.396484375 0.2802734375 0.0126953125 0.0224609375
7 0.4384765625 0.2685546875 0.0146484375 0.021484375
7 0.2861328125 0.1630859375 0.0224609375 0.0322265625
7 0.3212890625 0.1494140625 0.0263671875 0.0390625
7 0.45703125 0.10546875 0.025390625 0.0390625
7 0.4921875 0.09375 0.025390625 0.0390625
7 0.5869140625 0.7138671875 0.0205078125 0.03515625
7 0.666015625 0.462890625 0.013671875 0.025390625