0 0.3410453125 0.926637962890625 0.3865515625 0.929290740234375 0.798344271484375 0.8072981484375 0.906514583984375 0.75027962890625 0.930386458984375 0.760887962890625 0.947544791015625 0.755584259765625 0.946798958984375 0.74365 0.98036875 0.726412037109375 0.988575 0.70519537109375 0.977384896484375 0.67469722265625 0.956496875 0.6442 0.9348625 0.6190055546875 0.791630208984375 0.512925 0.6745078125 0.430712962890625 0.585733853515625 0.367064814453125 0.578273958984375 0.31137222265625 0.554402083984375 0.235789814453125 0.529038021484375 0.21457407421875 0.429819791015625 0.223856482421875 0.402963541015625 0.205291666015625 0.319411458984375 0.2132481484375 0.319411458984375 0.226508333984375 0.207303125 0.235758333984375 0.1888609375 0.257006482421875 0.182893228515625 0.28750462890625 0.1836390625 0.357782408203125 0.180655208984375 0.418778703125 0.167227083984375 0.432038888671875 0.209748958984375 0.827187962890625 0.2477953125 0.86962037109375 0.3410453125 0.926637962890625
7 0.1728515625 0.431640625 0.0087890625 0.017578125
7 0.1748046875 0.447265625 0.01171875 0.01953125
7 0.17578125 0.4658203125 0.0146484375 0.01953125
7 0.1796875 0.4833984375 0.01171875 0.013671875
7 0.1826171875 0.5009765625 0.0126953125 0.015625
7 0.185546875 0.525390625 0.01171875 0.0166015625
7 0.1884765625 0.5517578125 0.0146484375 0.0234375
7 0.193359375 0.5810546875 0.013671875 0.0205078125
7 0.1953125 0.609375 0.0146484375 0.021484375
7 0.2021484375 0.6494140625 0.015625 0.0205078125
7 0.2060546875 0.6923828125 0.0166015625 0.0234375
7 0.2119140625 0.7431640625 0.017578125 0.025390625
7 0.2177734375 0.7958984375 0.017578125 0.0244140625
7 0.2431640625 0.84375 0.0224609375 0.02734375
7 0.2978515625 0.876953125 0.0244140625 0.03515625
7 0.3642578125 0.9072265625 0.0166015625 0.0283203125
7 0.484375 0.8828125 0.021484375 0.0302734375
7 0.5947265625 0.849609375 0.0166015625 0.03125
7 0.6669921875 0.8271484375 0.021484375 0.03125
7 0.73828125 0.8076171875 0.015625 0.025390625
7 0.80078125 0.7841796875 0.0185546875 0.0302734375
7 0.873046875 0.7490234375 0.01953125 0.0263671875
7 0.9501953125 0.7275390625 0.017578125 0.02734375
7 0.9736328125 0.6962890625 0.01953125 0.0244140625
7 0.9580078125 0.65625 0.021484375 0.029296875