1 0.403538646484375 0.60917611328125 0.529887345703125 0.324699919921875 0.35233422265625 0.1246707578125 0.1156635 0.4242653359375 0.403538646484375 0.60917611328125
1 0.43234615625 0.028823076171875 0.359233736328125 0.113291685546875 0.532021802734375 0.31559269921875 0.616282638671875 0.140075482421875 0.549154140625 0.036610275390625 0.43234615625 0.028823076171875
1 0.6184503046875 0.748370978515625 0.688375669921875 0.5017560625 0.5800888984375 0.382016564453125 0.47808458203125 0.6580810546875 0.6184503046875 0.748370978515625
1 0.72810750390625 0.316332568359375 0.647281220703125 0.19378448046875 0.57944025 0.3722868359375 0.687859525390625 0.494013900390625 0.72810750390625 0.316332568359375
1 0.657591517578125 0.780270712890625 0.75162175390625 0.8335570625 0.7851582421875 0.61688953515625 0.711249935546875 0.53642494140625 0.657591517578125 0.780270712890625
1 0.8108278515625 0.446715216796875 0.75118822265625 0.354098203125 0.71638134375 0.531018642578125 0.781888216796875 0.608963244140625 0.8108278515625 0.446715216796875
4 1 0.670969525390625 0.951808912109375 0.669621875 0.9401716328125 0.721259634765625 0.956402677734375 0.738528361328125 1 0.73403035546875 1 0.670969525390625
7 0.060807291666666666 0.3579427083333333 0.032812499999999994 0.025520833333333437
7 0.44166666666666665 0.6166666666666667 0.028385416666666607 0.017447916666666785
7 0.5430989583333333 0.3735677083333333 0.020312499999999956 0.01302083333333326
7 0.5569661458333333 0.33365885416666663 0.020312500000000178 0.01302083333333326
7 0.6227213541666667 0.18248697916666667 0.020312500000000178 0.01302083333333337
7 0.6418619791666667 0.7466796875 0.012239583333333304 0.008593749999999956
7 0.6930338541666666 0.5371744791666666 0.018359374999999956 0.012890624999999822
7 0.6993489583333333 0.5006510416666666 0.018359374999999956 0.012890625000000044
7 0.73515625 0.35234374999999996 0.016145833333333304 0.008854166666666607
7 0.7661458333333333 0.8026041666666667 0.01627604166666652 0.010807291666666607
7 0.7872395833333333 0.6669270833333334 0.014192708333333304 0.008723958333333393
7 0.7919270833333334 0.63515625 0.020312500000000178 0.01302083333333326
7 0.9048177083333333 0.8264322916666667 0.024218749999999956 0.013281249999999911
7 0.9153645833333333 0.64921875 0.02408854166666652 0.011328124999999911
7 0.9210286458333333 0.6175130208333333 0.028124999999999956 0.013541666666666785
7 0.924609375 0.5108072916666666 0.016145833333333304 0.008854166666666607