4 0.275390625 0.4653862847222222 0.4375 0.21151620370370372
3 0.709320236328125 0.747113962890625 0.96009921484375 0.700892703125 0.932995087890625 0.63991258203125 0.65867681640625 0.6833084296875 0.709320236328125 0.747113962890625
3 0.6221011796875 0.15604926953125 0.764183693359375 0.16423944140625 0.77935265234375 0.12858149609375 0.541915521484375 0.111538447265625 0.482831041015625 0.19523449609375 0.619286837890625 0.1996767109375 0.6221011796875 0.15604926953125
3 1 0.18024931640625 0.9414361484375 0.17666680078125 0.948469548828125 0.136047740234375 0.852810412109375 0.130886251953125 0.827488212890625 0.14052853125 0.871098232421875 0.20696859375 1 0.2086410625 1 0.18024931640625
7 0.5 0.7070674189814814 0.03515625 0.01692708333333348
7 0.4990234375 0.762767650462963 0.033203125 0.01880787037037024
7 0.0595703125 0.5671296296296297 0.0390625 0.0229311342592593
7 0.05078125 0.38776765046296297 0.03515625 0.01888020833333337
7 0.4853515625 0.13046151620370372 0.0390625 0.0209780092592593
7 0.8271484375 0.19983362268518517 0.02734375 0.02054398148148151
1 0.5137799609375 0.697379953125 0.814716109375 0.65102864453125 0.812013751953125 0.208365748046875 0.509559921875 0.2005754765625 0.5137799609375 0.697379953125
1 0.0720559921875 0.59187380078125 0.082502390625 0.99694435546875 0.468524177734375 0.982647251953125 0.4650108046875 0.55679837109375 0.0720559921875 0.59187380078125
1 0.052364939453125 0 0.0692426328125 0.3664465078125 0.461081533203125 0.35252401171875 0.45043829296875 0 0.052364939453125 0