1 0.8110265625 0.495687037109375 0.812518228515625 0.4108231484375 0.803566146484375 0.328610185546875 0.779178125 0.339462037109375 0.786408333984375 0.490383333984375 0.697633853515625 0.546075 0.570068228515625 0.6375694453125 0.399233333984375 0.74497592578125 0.412661458984375 0.782103703125 0.655858333984375 0.616353703125 0.794614583984375 0.520881482421875 0.8110265625 0.495687037109375
6 0.837136458984375 0.3405444453125 0.812518228515625 0.3126981484375 0.815502603515625 0.3829768515625 0.8162484375 0.432038888671875 0.6745078125 0.535467591796875 0.434295833984375 0.7038694453125 0.33433125 0.754258333984375 0.320903125 0.734367591796875 0.283344791015625 0.763536111328125 0.31568125 0.782103703125 0.344775521484375 0.78342962890625 0.419375521484375 0.748953703125 0.529038021484375 0.673371296875 0.648397916015625 0.593811111328125 0.7655203125 0.507621296875 0.839374478515625 0.458559259765625 0.837136458984375 0.3405444453125
3 0.7412109375 0.419921875 0.03515625 0.11328125
3 0.6259765625 0.3349609375 0.0458984375 0.0478515625
3 0.5268 0.58452962890625 0.520831771484375 0.620331482421875 0.53724375 0.632265740234375 0.669803125 0.535758333984375 0.653619791015625 0.5155768515625 0.5268 0.58452962890625
3 0.42534375 0.527511111328125 0.251525 0.6097231484375 0.2634609375 0.64154722265625 0.430219791015625 0.552425 0.438771353515625 0.53944537109375 0.42534375 0.527511111328125
3 0.336569271484375 0.47844907421875 0.328363541015625 0.455906482421875 0.181401041015625 0.51690277734375 0.172448958984375 0.531488888671875 0.182146875 0.5527055546875 0.322928125 0.483906482421875 0.336569271484375 0.47844907421875
3 0.389535416015625 0.50629537109375 0.3865515625 0.528837037109375 0.401471353515625 0.540771296875 0.526053125 0.48205462890625 0.51859375 0.451928703125 0.389535416015625 0.50629537109375
3 0.634223958984375 0.4214305546875 0.523815625 0.47844907421875 0.546941666015625 0.500990740234375 0.633478125 0.44264722265625 0.640938021484375 0.451928703125 0.655219791015625 0.441313888671875 0.634223958984375 0.4214305546875
3 0.529038021484375 0.376346296875 0.417883333984375 0.429387037109375 0.434295833984375 0.44529907421875 0.544803125 0.402425 0.546195833984375 0.38430277734375 0.529038021484375 0.376346296875
3 0.6133359375 0.409496296875 0.617811978515625 0.37767222265625 0.6133359375 0.365738888671875 0.561861978515625 0.35115277734375 0.561115625 0.31402407421875 0.539594791015625 0.309832408203125 0.539481771484375 0.329936111328125 0.549925521484375 0.37767222265625 0.598416146484375 0.390932408203125 0.591702083984375 0.42010462890625 0.6133359375 0.436016666015625 0.631240103515625 0.429387037109375 0.628255728515625 0.4108231484375 0.6133359375 0.409496296875
4 0.6435546875 0.2958984375 0.06640625 0.076171875
2 0.794614583984375 0.333914814453125 0.787900521484375 0.319328703125 0.699126041015625 0.291482408203125 0.6722703125 0.304742591796875 0.672928125 0.33020277734375 0.763282291015625 0.360434259765625 0.794614583984375 0.333914814453125