5 0.3720703125 0.435546875 0.0849609375 0.1591796875
5 0.427734375 0.6435546875 0.111328125 0.099609375
5 0.5791015625 0.6123046875 0.0947265625 0.0498046875
5 0.4658203125 0.9208984375 0.0966796875 0.1552734375
5 0.6689453125 0.9130859375 0.0966796875 0.158203125
7 0.607421875 0.8798828125 0.0126953125 0.021484375
7 0.591796875 0.884765625 0.01171875 0.01953125
7 0.6162109375 0.908203125 0.01171875 0.017578125
7 0.5263671875 0.9072265625 0.01171875 0.017578125
7 0.5107421875 0.9140625 0.0107421875 0.017578125
7 0.599609375 0.9150390625 0.0107421875 0.0166015625
6 0.488661458984375 0.73017777734375 0.525651041015625 0.796392591796875 0.5319625 0.83885092578125 0.5403546875 0.844928703125 0.540665625 0.792993517578125 0.5164203125 0.748240740234375 0.501500521484375 0.7173 0.491242708984375 0.67752037109375 0.491242708984375 0.615639814453125 0.489999478515625 0.570335185546875 0.473214583984375 0.547682408203125 0.454253646484375 0.5062444453125 0.43280625 0.46977962890625 0.4185078125 0.465359259765625 0.411897396484375 0.4801768515625 0.427116666015625 0.48762962890625 0.441725521484375 0.5202268515625 0.452294271484375 0.556692591796875 0.464416666015625 0.59205277734375 0.479647396484375 0.605864814453125 0.4812015625 0.63127962890625 0.477471353515625 0.66829722265625 0.488661458984375 0.73017777734375