1 0.19117090234375 0.340336701171875 0.19261003515625 0.325615439453125 0.102304744140625 0.327893720703125 0.03730926171875 0.525546904296875 0.146521236328125 0.5153138828125 0.19117090234375 0.340336701171875
1 0.012652822265625 0.854065546875 0.05288194921875 0.851978296875 0.128133650390625 0.560846537109375 0.022078921875 0.563007125 0.00895066796875 0.604170150390625 0.012652822265625 0.854065546875
1 0.274889224609375 0.3969373203125 0.304814623046875 0.23510990234375 0.227547029296875 0.2430366171875 0.187812005859375 0.393346125 0.274889224609375 0.3969373203125
1 0.123772169921875 0.658044298828125 0.229738998046875 0.649989671875 0.272075857421875 0.430799591796875 0.179456037109375 0.4340174140625 0.123772169921875 0.658044298828125
1 0.17295754296875 1 0.224068037109375 0.714767712890625 0.108492197265625 0.721525984375 0.03412 1 0.17295754296875 1
1 0.341364494140625 1 0.365546849609375 0.6981376015625 0.306164998046875 0.706531130859375 0.292802046875 0.822818548828125 0.248347208984375 0.843113533203125 0.220666291015625 1 0.341364494140625 1
1 0.365633427734375 0.648050119140625 0.385590076171875 0.428694259765625 0.325866447265625 0.42530568359375 0.292942927734375 0.438972830078125 0.26380980078125 0.544173443359375 0.31027127734375 0.54746378125 0.316247984375 0.559293796875 0.315965107421875 0.652101474609375 0.365633427734375 0.648050119140625
1 0.332688203125 0.231471115234375 0.31585273828125 0.308850248046875 0.34407868359375 0.3120055078125 0.33594343359375 0.3782383828125 0.341920138671875 0.3900683984375 0.3825140546875 0.38889600390625 0.3960146875 0.237258546875 0.332688203125 0.231471115234375
1 0.491076720703125 0.388227083984375 0.485556767578125 0.239394912109375 0.409107576171875 0.234094572265625 0.39745601953125 0.390479775390625 0.491076720703125 0.388227083984375
1 0.49478734375 0.638694162109375 0.489899513671875 0.42062838671875 0.398175552734375 0.433580169921875 0.3838471328125 0.646711947265625 0.49478734375 0.638694162109375
1 0.4968249921875 1 0.49223590234375 0.6902364765625 0.378959732421875 0.69884080078125 0.359629671875 1 0.4968249921875 1
1 0.50017294921875 0.386821373046875 0.587926072265625 0.380104921875 0.57176162890625 0.240033466796875 0.4963758828125 0.242421232421875 0.50017294921875 0.386821373046875
1 0.614147875 0.639578314453125 0.590936615234375 0.415483423828125 0.50325576171875 0.417899443359375 0.508878779296875 0.63879854296875 0.614147875 0.639578314453125
1 0.65710809375 1 0.622197291015625 0.6794144375 0.510782244140625 0.691587712890625 0.52440968359375 1 0.65710809375 1
1 0.600446841796875 0.3860910546875 0.689051072265625 0.38085399609375 0.656133896484375 0.228873732421875 0.582657720703125 0.231265353515625 0.600446841796875 0.3860910546875
1 0.624792380859375 0.630818626953125 0.738197455078125 0.6213460078125 0.692781189453125 0.408872380859375 0.60727001171875 0.40838298046875 0.624792380859375 0.630818626953125
1 0.81975387109375 1 0.75143851171875 0.675951482421875 0.641355900390625 0.67815321484375 0.681908455078125 1 0.81975387109375 1
1 0.728422080078125 0.29717439453125 0.7491006484375 0.294381390625 0.73241324609375 0.2309118515625 0.6671484609375 0.2318912109375 0.700677064453125 0.382413201171875 0.74460819921875 0.3827386171875 0.728422080078125 0.29717439453125
1 0.818947859375 0.477573173828125 0.77405647265625 0.468401080078125 0.75411915234375 0.409326734375 0.70918283203125 0.413252666015625 0.75311759375 0.62145652734375 0.802764087890625 0.615931921875 0.787406671875 0.530373837890625 0.82954944140625 0.521847470703125 0.818947859375 0.477573173828125
1 0.960570708984375 1 0.8972375 0.783100080078125 0.859849849609375 0.77693077734375 0.829179412109375 0.664742626953125 0.7640106015625 0.677004380859375 0.84067991796875 1 0.960570708984375 1
1 0.795039744140625 0.3742736484375 0.88532322265625 0.3705231484375 0.830134955078125 0.225742330078125 0.7573652734375 0.228444708984375 0.795039744140625 0.3742736484375
1 0.877364203125 0.616484515625 0.979186357421875 0.608399189453125 0.89993851171875 0.405987611328125 0.81438497265625 0.405802390625 0.877364203125 0.616484515625
1 1 0.6661725 0.9999311484375 0.666007455078125 0.900432259765625 0.667727974609375 1 0.9773398203125 1 0.6661725
1 0.891235015625 0.377932384765625 0.977984830078125 0.359423787109375 0.91716851953125 0.2263870234375 0.84526726953125 0.2249810625 0.891235015625 0.377932384765625
1 1 0.402249556640625 0.916428740234375 0.400216375 0.998251171875 0.60854041015625 1 0.608337564453125 1 0.402249556640625
1 1 0.2167012421875 0.928478669921875 0.217367892578125 0.9896108203125 0.360982994140625 1 0.359861080078125 1 0.2167012421875
3 0.185390794921875 0.39774745703125 0.20576305859375 0.318347423828125 0.193286537109375 0.315308826171875 0.107932205078125 0.31614966015625 0.104071859375 0.3352722578125 0.188596908203125 0.33442527734375 0.143184015625 0.513816076171875 0.09851149609375 0.5193785546875 0.094061970703125 0.554701796875 0.128984177734375 0.562325927734375 0.052991078125 0.859344552734375 0.012726611328125 0.859046296875 0.013545244140625 0.9143040078125 0.058706587890625 0.909475013671875 0.1031592265625 0.7212375390625 0.220687150390625 0.71032237109375 0.225725294921875 0.658799505859375 0.122157833984375 0.66097851953125 0.151080634765625 0.5433384140625 0.180963109375 0.434544978515625 0.218132486328125 0.425980744140625 0.221164126953125 0.406852009765625 0.185390794921875 0.39774745703125
5 0.21354109375 1 0.235281505859375 0.85627558203125 0.25829396875 0.843187212890625 0.284447216796875 0.818337392578125 0.308897771484375 0.622585279296875 0.2980131796875 0.615139205078125 0.271751841796875 0.800565251953125 0.21126498828125 0.8015902890625 0.173956533203125 1 0.21354109375 1
5 0.680667275390625 1 0.678019419921875 0.9788825625 0.641239685546875 0.678081375 0.684232986328125 0.671034396484375 0.68124426953125 0.637129146484375 0.63068176953125 0.636754609375 0.6248571328125 0.579257892578125 0.610022677734375 0.417097892578125 0.699499857421875 0.4148145078125 0.72122630078125 0.538723177734375 0.738830453125 0.664073375 0.758833103515625 0.67158698828125 0.74707541015625 0.605206759765625 0.707832283203125 0.417822408203125 0.74910212109375 0.406343392578125 0.73867516015625 0.3738561328125 0.597872830078125 0.3801786015625 0.58103190234375 0.2504147890625 0.570212787109375 0.24738846875 0.589562234375 0.378643951171875 0.400771412109375 0.390504333984375 0.400618615234375 0.380190546875 0.40770675390625 0.243238541015625 0.3976945 0.238744080078125 0.382470404296875 0.385949501953125 0.346958998046875 0.3945249921875 0.34240033984375 0.422481978515625 0.38635330078125 0.424280646484375 0.384041234375 0.43604926171875 0.374423333984375 0.5700363515625 0.36905794921875 0.65544093359375 0.325170482421875 0.658063048828125 0.320764607421875 0.69633279296875 0.368971375 0.705528416015625 0.337693150390625 1 0.36380216796875 1 0.373531650390625 0.8455139140625 0.38306223046875 0.70563279296875 0.505454404296875 0.687388212890625 0.614671728515625 0.674938396484375 0.62991928515625 0.69714973828125 0.662649640625 1 0.680667275390625 1