3 0.42073905859375 0.386142642578125 0.339453857421875 0.200536787109375 0.339803625 0.1926670078125 0.323406162109375 0.183885552734375 0.2949807578125 0.19390912890625 0.29431619140625 0.208861876953125 0.3149439375 0.216887595703125 0.392909234375 0.382787658203125 0.384412724609375 0.3850859375 0.388209072265625 0.395324560546875 0.42073905859375 0.386142642578125
3 0.417842205078125 0.10507264453125 0.417317541015625 0.11687758984375 0.43532428515625 0.12094743359375 0.484374189453125 0.27639862109375 0.499653021484375 0.27887411328125 0.507519666015625 0.2592506328125 0.44241151171875 0.0989250859375 0.417842205078125 0.10507264453125
3 0.273403001953125 0.522032611328125 0.2926323359375 0.530047421875 0.3096943671875 0.52387612890625 0.383708892578125 0.65274573828125 0.3733242265625 0.66605233984375 0.385667005859375 0.6723199765625 0.406504576171875 0.643468080078125 0.32203710546875 0.49798812890625 0.2800110859375 0.499251517578125 0.273403001953125 0.522032611328125
3 0.4172083125 0.371158818359375 0.429900158203125 0.36889106640625 0.48318100390625 0.49209648828125 0.469965470703125 0.506169193359375 0.4853133125 0.507069951171875 0.501342849609375 0.48740141015625 0.4392002109375 0.348491130859375 0.41116051953125 0.349858125 0.40640459765625 0.362418798828125 0.4172083125 0.371158818359375
3 0.563842373046875 0.5318348828125 0.591426501953125 0.5117924375 0.538145681640625 0.388586466796875 0.524544408203125 0.411316306640625 0.5368165234375 0.418492509765625 0.56933035546875 0.50533053515625 0.56184749609375 0.5162968671875 0.563842373046875 0.5318348828125
3 0.460034869140625 0.540734505859375 0.506324162109375 0.63239865234375 0.499960912109375 0.649670953125 0.50339174609375 0.66110012109375 0.5310083203125 0.64360270703125 0.480383470703125 0.523565798828125 0.469685666015625 0.512464798828125 0.451854111328125 0.535950373046875 0.460034869140625 0.540734505859375
3 0.6272974765625 0.55456994140625 0.67379863671875 0.54704147265625 0.657738892578125 0.529232625 0.643695625 0.531860818359375 0.639325416015625 0.53576490625 0.595900986328125 0.537017388671875 0.57366359375 0.596683896484375 0.537756966796875 0.586183783203125 0.516359720703125 0.59547180078125 0.514715763671875 0.6324608125 0.544399703125 0.62559539453125 0.609290390625 0.6134801640625 0.6272974765625 0.55456994140625
3 0.4583176796875 0.736747287109375 0.445975943359375 0.762634748046875 0.584005681640625 0.7815169140625 0.589184990234375 0.75109965234375 0.4583176796875 0.736747287109375
4 0.6813151041666667 0.6497902199074074 0.07352430555555545 0.0727864583333333
2 0.67341158203125 0.713148220703125 0.65935692578125 0.68312876953125 0.635471646484375 0.678567431640625 0.593064845703125 0.78970372265625 0.616558771484375 0.827666013671875 0.642362197265625 0.813686552734375 0.67341158203125 0.713148220703125
5 0.41157202734375 0.781274033203125 0.389965232421875 0.732304513671875 0.35535276953125 0.69268571875 0.32000643359375 0.6381038203125 0.266514111328125 0.551109849609375 0.1371900703125 0.344679875 0.12334398828125 0.37291795703125 0.20802230078125 0.513675939453125 0.262982048828125 0.599106083984375 0.33727637890625 0.721680087890625 0.40248023046875 0.828441462890625 0.472092189453125 0.83604240625 0.60079122265625 0.83620866015625 0.632222390625 0.8214838125 0.61017726953125 0.8080930859375 0.524851642578125 0.81360317578125 0.454854919921875 0.814659375 0.4285634609375 0.8081663984375 0.41157202734375 0.781274033203125
6 0.3949316796875 0.68353183203125 0.3267544453125 0.612174376953125 0.30738652734375 0.544327310546875 0.2064849609375 0.422343287109375 0.16858724609375 0.330741849609375 0.15275007421875 0.277878607421875 0.177663724609375 0.253059318359375 0.14166784765625 0.212454681640625 0.125689431640625 0.225719849609375 0.126668138671875 0.235174162109375 0.113136853515625 0.25632927734375 0.119324865234375 0.30597220703125 0.15250326171875 0.377857484375 0.195261833984375 0.4545372578125 0.27749272265625 0.555914705078125 0.28266705859375 0.5968901328125 0.307489484375 0.636436408203125 0.3290609921875 0.654702705078125 0.398601009765625 0.758347912109375 0.445764759765625 0.830336783203125 0.469363619140625 0.865938083984375 0.566876341796875 0.875319845703125 0.64341020703125 0.853056720703125 0.608902017578125 0.842566966796875 0.53565472265625 0.85383267578125 0.49121658984375 0.846418205078125 0.46646312890625 0.805298298828125 0.404020546875 0.73083393359375 0.3949316796875 0.68353183203125