4 0.6611328125 0.2744140625 0.0673828125 0.0703125
2 0.788646353515625 0.35380462890625 0.819232291015625 0.333914814453125 0.812518228515625 0.31137222265625 0.724490103515625 0.2888305546875 0.693158333984375 0.302090740234375 0.692411978515625 0.328610185546875 0.788646353515625 0.35380462890625
6 0.86846875 0.463862962890625 0.871452603515625 0.367064814453125 0.856532291015625 0.31402407421875 0.8401203125 0.332588888671875 0.850564583984375 0.392258333984375 0.846834375 0.44264722265625 0.790138021484375 0.493035185546875 0.7043484375 0.54740092578125 0.612590103515625 0.616353703125 0.493975521484375 0.694587962890625 0.376853646484375 0.771496296875 0.3037453125 0.8019944453125 0.293761458984375 0.7542768515625 0.236605208984375 0.81392777734375 0.297777083984375 0.8351444453125 0.411915625 0.792712037109375 0.529038021484375 0.706521296875 0.632731771484375 0.640221296875 0.7386640625 0.554031482421875 0.808788541015625 0.5155768515625 0.86846875 0.463862962890625
5 0.809534375 0.360434259765625 0.815502603515625 0.437342591796875 0.8162484375 0.502317591796875 0.7759640625 0.535467591796875 0.74015625 0.5487268515625 0.69465 0.595137037109375 0.608859896484375 0.6468518515625 0.5573859375 0.697239814453125 0.487261978515625 0.738346296875 0.385059375 0.796689814453125 0.377094791015625 0.802425 0.3999796875 0.819232408203125 0.505165625 0.754258333984375 0.598416146484375 0.687957408203125 0.7147921875 0.616353703125 0.831914583984375 0.530162962890625 0.838628646484375 0.34452222265625 0.810280208984375 0.3126981484375 0.809534375 0.360434259765625
3 0.135428125 0.52649907421875 0.148577083984375 0.556683333984375 0.3141890625 0.4864055546875 0.305983333984375 0.45325462890625 0.135428125 0.52649907421875
3 0.210428125 0.6005731484375 0.201543228515625 0.6190055546875 0.240334896484375 0.666741666015625 0.2530171875 0.65082962890625 0.420867708984375 0.568617591796875 0.413407291015625 0.536793517578125 0.396249478515625 0.54474907421875 0.228398958984375 0.626961111328125 0.210428125 0.6005731484375
3 0.368761458984375 0.533906482421875 0.381329166015625 0.5527055546875 0.3999796875 0.546075 0.395503646484375 0.530162962890625 0.513371875 0.479775 0.5268 0.4864055546875 0.529038021484375 0.470493517578125 0.508895833984375 0.4545805546875 0.368761458984375 0.533906482421875
3 0.4156453125 0.432038888671875 0.431311458984375 0.4439731484375 0.439517708984375 0.434690740234375 0.547688021484375 0.393584259765625 0.543211978515625 0.3789981484375 0.521577603515625 0.372368517578125 0.415636458984375 0.413536111328125 0.4156453125 0.432038888671875
3 0.6215421875 0.409496296875 0.629002083984375 0.390932408203125 0.6267640625 0.35115277734375 0.566338021484375 0.337892591796875 0.565591666015625 0.298112037109375 0.546886458984375 0.2968694453125 0.546941666015625 0.32065462890625 0.5573859375 0.367064814453125 0.610352083984375 0.38695462890625 0.603638021484375 0.41745277734375 0.630494271484375 0.438668517578125 0.644668228515625 0.428061111328125 0.6372078125 0.41480092578125 0.6215421875 0.409496296875
3 0.654366146484375 0.451928703125 0.670844791015625 0.439462037109375 0.644668228515625 0.425408333984375 0.544703646484375 0.469166666015625 0.5335140625 0.469166666015625 0.5268 0.489057408203125 0.548433853515625 0.5049694453125 0.643921875 0.4439731484375 0.654366146484375 0.451928703125
3 0.6640640625 0.560661111328125 0.675254166015625 0.569943517578125 0.684386458984375 0.556128703125 0.661826041015625 0.532814814453125 0.526053646484375 0.61237592578125 0.511133853515625 0.6428731484375 0.535005728515625 0.67602407421875 0.546941666015625 0.664089814453125 0.547688021484375 0.629613888671875 0.6640640625 0.560661111328125
3 0.784386458984375 0.359832408203125 0.755822396484375 0.360434259765625 0.742394271484375 0.474471296875 0.753584375 0.498338888671875 0.7737265625 0.491709259765625 0.769996353515625 0.471818517578125 0.776710416015625 0.402866666015625 0.7893921875 0.3829768515625 0.784386458984375 0.359832408203125
1 0.252094791015625 0.617239814453125 0.380583333984375 0.77017037109375 0.523069791015625 0.665415740234375 0.376853646484375 0.5527055546875 0.252094791015625 0.617239814453125
1 0.243761458984375 0.613536111328125 0.3731234375 0.554031482421875 0.273159375 0.47314537109375 0.1649890625 0.520881482421875 0.243761458984375 0.613536111328125
1 0.415636458984375 0.535758333984375 0.565591666015625 0.640221296875 0.667794271484375 0.569943517578125 0.513371875 0.48375277734375 0.415636458984375 0.535758333984375
1 0.410428125 0.53205462890625 0.508895833984375 0.48375277734375 0.397741666015625 0.424082408203125 0.309713541015625 0.4545805546875 0.410428125 0.53205462890625
1 0.544803125 0.470943517578125 0.691666146484375 0.55137962890625 0.766266146484375 0.500990740234375 0.619304166015625 0.436016666015625 0.544803125 0.470943517578125
1 0.537511458984375 0.465387962890625 0.615573958984375 0.434690740234375 0.502181771484375 0.3829768515625 0.432057291015625 0.41214907421875 0.537511458984375 0.465387962890625