5 0.825 0.9985894097222222 0.22473958333333321 0.0028211805555555802
5 0.5958984375 0.6005859375 0.1753906249999999 0.09461805555555558
5 0.5129557291666667 0.3726490162037037 0.10664062500000004 0.14199942129629628
5 0.3819661458333333 0.7034866898148149 0.13802083333333326 0.14626736111111116
6 0.620872818359375 1 0.613456509765625 0.981506259765625 0.6121667890625 0.928479646484375 0.591087986328125 0.822486587890625 0.594219794921875 0.77550944921875 0.591696345703125 0.74098880078125 0.57504147265625 0.72544922265625 0.56866991796875 0.691057091796875 0.558305990234375 0.686991876953125 0.552543072265625 0.725190185546875 0.569715658203125 0.829463408203125 0.59205562890625 0.952716751953125 0.596637787109375 1 0.620872818359375 1
6 0.502144544921875 0.884689505859375 0.49905355859375 0.943113578125 0.621955978515625 0.945065015625 0.653758212890625 0.890198193359375 0.74876165234375 0.864332248046875 0.738426388671875 0.82637096875 0.66442997265625 0.826612708984375 0.502144544921875 0.884689505859375
7 0.59375 0.647533275462963 0.01692708333333326 0.02068865740740744
7 0.580859375 0.6200810185185185 0.01718749999999991 0.02459490740740744
7 0.562890625 0.6246383101851851 0.017057291666666696 0.02264178240740744
7 0.5727864583333333 0.6528501157407407 0.01718749999999991 0.02459490740740744
7 0.48138020833333334 0.6401909722222222 0.017187500000000022 0.02459490740740744
7 0.4910807291666667 0.6713324652777778 0.017317708333333348 0.02654803240740744
7 0.469140625 0.6765769675925926 0.017317708333333348 0.02654803240740744
7 0.46139322916666664 0.645580150462963 0.017447916666666674 0.02850115740740744
7 0.42506510416666665 0.43974247685185186 0.010807291666666607 0.01634837962962965
7 0.4102864583333333 0.44061053240740744 0.010546874999999956 0.01244212962962954
7 0.48046875 0.4330512152777778 0.008593749999999956 0.01229745370370372
7 0.49348958333333337 0.4291087962962963 0.008854166666666607 0.01620370370370372
6 0.461106013671875 0.519661060546875 0.472357212890625 0.561980650390625 0.48684303125 0.62814490625 0.50039893359375 0.6298642890625 0.489452837890625 0.5889977890625 0.476296046875 0.5451055546875 0.48205289453125 0.51906594921875 0.481923869140625 0.49688281640625 0.480784080078125 0.471763837890625 0.475467162109375 0.46707752734375 0.475227189453125 0.45906419921875 0.47102522265625 0.4553045859375 0.4622780859375 0.483982666015625 0.461106013671875 0.519661060546875
6 0.4891867109375 0.514587669921875 0.47183376171875 0.527608150390625 0.43693773828125 0.51429359765625 0.402570671875 0.523192796875 0.406232955078125 0.540630939453125 0.452921568359375 0.55195804296875 0.49899390625 0.572537669921875 0.51043249609375 0.52760633984375 0.55629978515625 0.52300836328125 0.550881298828125 0.49984504296875 0.509156494140625 0.492462849609375 0.4891867109375 0.514587669921875