5 0 0.16019087890625 0.042048353515625 0.140934751953125 0.104470240234375 0.1132751796875 0.13849300390625 0.1162226640625 0.103438880859375 0.136480767578125 0.109453705078125 0.1612336328125 0.1702396640625 0.170382439453125 0.2089942109375 0.1308993359375 0.193938845703125 0.085415259765625 0.1460005703125 0.075371548828125 0.07158550390625 0.084722109375 0 0.118819935546875 0 0.16019087890625
5 0.252489791015625 0.33695555078125 0.28950171875 0.336681388671875 0.29128271875 0.360665880859375 0.262064728515625 0.37768012890625 0.284984232421875 0.40630757421875 0.349541751953125 0.39463082421875 0.36317094140625 0.344134732421875 0.34626532421875 0.3082639921875 0.276831919921875 0.301579009765625 0.208039578125 0.312487392578125 0.0895198671875 0.34727928515625 0.112201353515625 0.387589564453125 0.17860909765625 0.366300037109375 0.252489791015625 0.33695555078125
5 0.377805966796875 0.623197513671875 0.43948101171875 0.612341853515625 0.477846203125 0.64565386328125 0.465284921875 0.67214436328125 0.371402697265625 0.70323648046875 0.416210451171875 0.75169967578125 0.489451990234375 0.73675853515625 0.5931551875 0.708793173828125 0.6674289765625 0.702643724609375 0.73067158203125 0.752569837890625 0.78316473046875 0.75618080078125 0.7655113828125 0.705116693359375 0.737039294921875 0.673330873046875 0.64909992578125 0.666782970703125 0.55155189453125 0.68430392578125 0.560055240234375 0.621047783203125 0.499162669921875 0.582302810546875 0.4312238359375 0.57400728125 0.34367559765625 0.59065387109375 0.24479844921875 0.609729416015625 0.2217153203125 0.645151361328125 0.268159 0.656806177734375 0.377805966796875 0.623197513671875
5 0.03363359375 0.778531259765625 0.070789703125 0.807052693359375 0.14004528125 0.81773879296875 0.22730803125 0.807493330078125 0.29168774609375 0.799817138671875 0.299729685546875 0.778959947265625 0.259123083984375 0.764062390625 0.1429979765625 0.783320427734375 0.088369169921875 0.763727201171875 0.116660607421875 0.7355207109375 0.107029064453125 0.7135093828125 0.05067871484375 0.715211287109375 0.025411998046875 0.739396130859375 0.03363359375 0.778531259765625
6 0 0.34556587109375 0.04305152734375 0.342506744140625 0.05369429296875 0.391222455078125 0.07401673046875 0.446266591796875 0.16227800390625 0.509606255859375 0.146264240234375 0.549720640625 0.02231055078125 0.585035310546875 0.042525408203125 0.610482728515625 0.1860183046875 0.583822662109375 0.1912151796875 0.6269794375 0.2156667421875 0.6851924921875 0.206522330078125 0.73085526953125 0.174209376953125 0.785489 0.25175585546875 0.769716234375 0.258338859375 0.71767286328125 0.25595052734375 0.6113015703125 0.235450259765625 0.56025855078125 0.37677094921875 0.518416228515625 0.353389125 0.500191015625 0.22776110546875 0.5091211953125 0.18306004296875 0.45825744140625 0.118963017578125 0.39553851953125 0.110100359375 0.3388100234375 0.103194537109375 0.30206491796875 0.19746794921875 0.262171123046875 0.178071982421875 0.250315955078125 0.0950085 0.262129787109375 0.0233691328125 0.30505654296875 0 0.3137687578125 0 0.34556587109375
7 0.19368489583333331 0.4085865162037037 0.023958333333333304 0.011892361111111027
7 0.1830078125 0.3852358217592593 0.027951388888888873 0.013874421296296235
7 0.15913628472222222 0.3951750578703704 0.024131944444444442 0.015798611111111138
7 0.1708767361111111 0.4165653935185185 0.028038194444444442 0.015827546296296235
7 0.060047743055555554 0.428125 0.024045138888888887 0.013845486111111027
7 0.06890190972222222 0.44856047453703707 0.022178819444444442 0.015784143518518423
7 0.03528645833333333 0.4361183449074074 0.024131944444444442 0.015798611111111138
7 0.04600694444444445 0.4584924768518519 0.028038194444444442 0.015827546296296235
7 0.3421223958333333 0.671072048611111 0.028038194444444442 0.015827546296296457
7 0.31256510416666666 0.6771484375 0.03194444444444444 0.015856481481481444
7 0.19717881944444443 0.7033854166666667 0.028038194444444442 0.015827546296296235
7 0.17059461805555554 0.7084635416666667 0.03016493055555558 0.01974826388888884
7 0.05952690972222223 0.17625868055555555 0.02005208333333333 0.01186342592592593
7 0.05440538194444444 0.15970052083333333 0.028038194444444442 0.01582754629629629
7 0.031510416666666666 0.16963252314814814 0.024131944444444442 0.015798611111111138
7 0.042534722222222224 0.1851707175925926 0.0220920138888889 0.013831018518518534