1 0.241678125 0.615387962890625 0.444739583984375 0.75027962890625 0.573797916015625 0.632265740234375 0.37163125 0.536793517578125 0.241678125 0.615387962890625
1 0.233344791015625 0.615387962890625 0.3649171875 0.531488888671875 0.220193228515625 0.459885185546875 0.101578646484375 0.51425092578125 0.233344791015625 0.615387962890625
1 0.411469791015625 0.509832408203125 0.61184375 0.599115740234375 0.699126041015625 0.51690277734375 0.507403646484375 0.446625 0.411469791015625 0.509832408203125
1 0.408344791015625 0.506128703125 0.502927603515625 0.44795092578125 0.344029166015625 0.393584259765625 0.260477083984375 0.437342591796875 0.408344791015625 0.506128703125
1 0.725236458984375 0.495687037109375 0.784386458984375 0.433906482421875 0.615573958984375 0.3789981484375 0.53724375 0.428061111328125 0.725236458984375 0.495687037109375
1 0.532303125 0.42835092578125 0.605876041015625 0.380325 0.457421353515625 0.339218517578125 0.38804375 0.380325 0.532303125 0.42835092578125
5 0.468611458984375 0.791386111328125 0.476071875 0.81392777734375 0.582003646484375 0.7184555546875 0.689428125 0.60574537109375 0.747616146484375 0.558009259765625 0.835644271484375 0.47579722265625 0.849072396484375 0.446625 0.85205625 0.3498268515625 0.8431046875 0.239768517578125 0.826053125 0.265387962890625 0.8296765625 0.376346296875 0.8296765625 0.434690740234375 0.809534375 0.466514814453125 0.790138021484375 0.479775 0.781932291015625 0.479775 0.734934375 0.534140740234375 0.633478125 0.625635185546875 0.468611458984375 0.791386111328125
6 0.775218228515625 0.490383333984375 0.855040625 0.422756482421875 0.878166666015625 0.3882805546875 0.8789125 0.329936111328125 0.867722396484375 0.2556805546875 0.852802603515625 0.238442591796875 0.859516666015625 0.324632408203125 0.8587703125 0.371042591796875 0.806550521484375 0.4214305546875 0.697633853515625 0.51690277734375 0.553655728515625 0.65082962890625 0.3999796875 0.787408333984375 0.351489583984375 0.790060185546875 0.340299478515625 0.766191666015625 0.302094791015625 0.839462037109375 0.3238875 0.829839814453125 0.352235416015625 0.8431 0.3783453125 0.83912222265625 0.4730875 0.786082408203125 0.561861978515625 0.70519537109375 0.636461978515625 0.622983333984375 0.673761978515625 0.601767591796875 0.775218228515625 0.490383333984375
3 0.588717708984375 0.616353703125 0.707332291015625 0.500990740234375 0.673969791015625 0.4505731484375 0.5357515625 0.565964814453125 0.567083853515625 0.636243517578125 0.588717708984375 0.616353703125
3 0.1008328125 0.5102731484375 0.109784896484375 0.561987037109375 0.267936978515625 0.4771231484375 0.275011458984375 0.439462037109375 0.270921353515625 0.425408333984375 0.1008328125 0.5102731484375
3 0.517847916015625 0.432038888671875 0.49994375 0.390932408203125 0.485428125 0.38205462890625 0.347759375 0.500990740234375 0.3783453125 0.54209722265625 0.517847916015625 0.432038888671875
3 0.534386458984375 0.3505731484375 0.488753646484375 0.331262037109375 0.391027603515625 0.365738888671875 0.382075521484375 0.396237037109375 0.400725521484375 0.4068444453125 0.492483853515625 0.34850092578125 0.502927603515625 0.357782408203125 0.534386458984375 0.3505731484375
3 0.6014 0.296786111328125 0.5335140625 0.2822 0.532767708984375 0.234463888671875 0.501053125 0.241313888671875 0.521577603515625 0.32065462890625 0.5894640625 0.335240740234375 0.5812578125 0.3736944453125 0.629002083984375 0.38695462890625 0.630494271484375 0.363086111328125 0.605130208984375 0.352478703125 0.612590103515625 0.31800277734375 0.6014 0.296786111328125
3 0.757303125 0.28205462890625 0.747616146484375 0.4214305546875 0.781186458984375 0.428061111328125 0.793122396484375 0.290156482421875 0.757303125 0.28205462890625
3 0.586469791015625 0.22649907421875 0.5946859375 0.28087407421875 0.659588021484375 0.290156482421875 0.666302083984375 0.2517018515625 0.586469791015625 0.22649907421875
3 0.64453125 0.2060546875 0.0830078125 0.07421875