0 0.45835804296875 0.2624339140625 0.2649323203125 0.286083001953125 0.17831923046875 0.3237157109375 0.1655876875 0.354262072265625 0.134391095703125 0.3615280703125 0.005039794921875 0.680372439453125 0.005441087890625 0.734546783203125 0.02583465625 0.72952422265625 0.112577873046875 0.8124054921875 0.59130572265625 0.7176821796875 0.656214845703125 0.631230470703125 0.682830671875 0.622882779296875 0.68487567578125 0.59026151171875 0.566935244140625 0.308812107421875 0.544810484375 0.306060931640625 0.5224857265625 0.276237888671875 0.45835804296875 0.2624339140625
1 0.32674500390625 0.707630224609375 0.330855060546875 0.645094685546875 0.1656812890625 0.6697040078125 0.147172953125 0.7494175234375 0.32674500390625 0.707630224609375
1 0.549863435546875 0.679512443359375 0.53406471484375 0.604614822265625 0.376193564453125 0.640208505859375 0.376296890625 0.70875608984375 0.549863435546875 0.679512443359375
1 0.090242771484375 0.6783114140625 0.258476869140625 0.649383763671875 0.26337871484375 0.59086451953125 0.108864228515625 0.6144440859375 0.090242771484375 0.6783114140625
1 0.437386951171875 0.62117755078125 0.43160277734375 0.56058242578125 0.2800428046875 0.591061849609375 0.27372412890625 0.6498343125 0.437386951171875 0.62117755078125
1 0.603374982421875 0.597799365234375 0.58694437890625 0.540544267578125 0.44689605078125 0.55847998046875 0.453386419921875 0.62022943359375 0.603374982421875 0.597799365234375
1 0.27023562890625 0.59045818359375 0.27526780859375 0.54953440625 0.269854615234375 0.53902151171875 0.12230194140625 0.560694486328125 0.1072648515625 0.6095943515625 0.27023562890625 0.59045818359375
1 0.27370430078125 0.544210693359375 0.281713638671875 0.4936318515625 0.145328125 0.50826787109375 0.125209056640625 0.56248905078125 0.27370430078125 0.544210693359375
1 0.28093187890625 0.49096905078125 0.286014197265625 0.456813701171875 0.158891861328125 0.47153150390625 0.14694225 0.512451033203125 0.28093187890625 0.49096905078125
1 0.289031458984375 0.452572626953125 0.292590373046875 0.4185075546875 0.1692361015625 0.43120354296875 0.15653568359375 0.4699028671875 0.289031458984375 0.452572626953125
1 0.2903348125 0.422703490234375 0.292379814453125 0.39008222265625 0.17963635546875 0.39843701953125 0.17151276171875 0.433807072265625 0.2903348125 0.422703490234375
1 0.296139259765625 0.383088986328125 0.298986068359375 0.355836568359375 0.190050609375 0.36756085546875 0.17963239453125 0.39811764453125 0.296139259765625 0.383088986328125
1 0.298986068359375 0.355836568359375 0.301852927734375 0.331291146484375 0.199443044921875 0.342418810546875 0.193125640625 0.36752614453125 0.298986068359375 0.355836568359375
1 0.41476077734375 0.3449135703125 0.41227460546875 0.317977181640625 0.3163803046875 0.3241420625 0.30812862109375 0.355294787109375 0.41476077734375 0.3449135703125
1 0.41798858984375 0.3690968828125 0.413216783203125 0.342295939453125 0.307015876953125 0.35306482421875 0.30374784375 0.381283068359375 0.41798858984375 0.3690968828125
1 0.4197531640625 0.401492396484375 0.414179548828125 0.369322603515625 0.302970595703125 0.381672380859375 0.29866553125 0.41543936328125 0.4197531640625 0.401492396484375
1 0.4253468359375 0.436370130859375 0.421287125 0.402755587890625 0.29790349609375 0.4160140546875 0.295126671875 0.452211427734375 0.4253468359375 0.436370130859375
1 0.427141484375 0.472826138671875 0.423061197265625 0.436505576171875 0.294992060546875 0.45401036328125 0.2931217734375 0.490246685546875 0.427141484375 0.472826138671875
1 0.429768025390625 0.518712431640625 0.425627576171875 0.47426994140625 0.293172458984375 0.49572434765625 0.289703236328125 0.543262609375 0.429768025390625 0.518712431640625
1 0.433136208984375 0.5618456484375 0.42668057421875 0.513478080078125 0.290303029296875 0.539391734375 0.28390934765625 0.584230580078125 0.433136208984375 0.5618456484375
1 0.58311527734375 0.53806205078125 0.56982225 0.49280784375 0.44497517578125 0.513748048828125 0.4468199609375 0.556972484375 0.58311527734375 0.53806205078125
1 0.572097861328125 0.49131890234375 0.558825423828125 0.448772603515625 0.43561362890625 0.472153876953125 0.4411661328125 0.51397376953125 0.572097861328125 0.49131890234375
1 0.5618827890625 0.449945517578125 0.54789823828125 0.4142109296875 0.429986421875 0.43088118359375 0.4339983984375 0.472419802734375 0.5618827890625 0.449945517578125
1 0.548700583984375 0.419580693359375 0.536991646484375 0.3823571640625 0.429734375 0.39685471875 0.43220375 0.435963794921875 0.548700583984375 0.419580693359375
1 0.537783431640625 0.386373462890625 0.52993420703125 0.355692611328125 0.426318841796875 0.36679809765625 0.42967746875 0.40361247265625 0.537783431640625 0.386373462890625
1 0.530685880859375 0.3542939765625 0.522115056640625 0.32907225 0.42078965234375 0.338757919921875 0.42562779296875 0.37135237109375 0.530685880859375 0.3542939765625
1 0.52364848828125 0.33033547265625 0.51583936328125 0.305068611328125 0.421685451171875 0.316010568359375 0.425427267578125 0.344281482421875 0.52364848828125 0.33033547265625
1 0.518145060546875 0.30764110546875 0.508832052734375 0.285171544921875 0.41940376171875 0.295342701171875 0.424484552734375 0.319961814453125 0.518145060546875 0.30764110546875
1 0.73007677734375 0.415602931640625 0.71535005078125 0.382621455078125 0.6266969140625 0.405985943359375 0.62507832421875 0.440784232421875 0.639744353515625 0.465643814453125 0.73493829296875 0.454586326171875 0.73007677734375 0.415602931640625
1 0.732953978515625 0.495328544921875 0.731149302734375 0.45751904296875 0.639910955078125 0.465720935546875 0.643874779296875 0.5087328046875 0.732953978515625 0.495328544921875
1 0.8031966171875 0.40856172265625 0.732422578125 0.4235894140625 0.73349997265625 0.45639254296875 0.7344773828125 0.49523826953125 0.82884945703125 0.4761039921875 0.824739623046875 0.43572290625 0.8031966171875 0.40856172265625