3 0.40836441796875 0.618867107421875 0.428210505859375 0.602904552734375 0.537699791015625 0.72085887109375 0.528344990234375 0.741614017578125 0.554719205078125 0.740398234375 0.5598922265625 0.708530251953125 0.4374198046875 0.578852498046875 0.41684117578125 0.578332888671875 0.4018728828125 0.604943697265625 0.40836441796875 0.618867107421875
3 0.49407183984375 0.366899611328125 0.4933738125 0.384228021484375 0.522755716796875 0.384617212890625 0.610828494140625 0.516625697265625 0.62032415234375 0.49862459375 0.534826205078125 0.3588738125 0.531195857421875 0.34325905859375 0.511791412109375 0.336124501953125 0.49407183984375 0.366899611328125
3 0.48870023046875 0.0478342109375 0.449010162109375 0.046772677734375 0.43367559765625 0.06514240625 0.4489714375 0.078935380859375 0.469110529296875 0.06956546484375 0.5557795546875 0.235688525390625 0.5518906875 0.247291134765625 0.571331751953125 0.255249625 0.596239806640625 0.254056138671875 0.59870728125 0.24389842578125 0.48870023046875 0.0478342109375
3 0.7186133359375 0.5426650234375 0.725383607421875 0.48387362890625 0.667909154296875 0.379992783203125 0.63970040625 0.37298866015625 0.63078513671875 0.403633333984375 0.693725525390625 0.49836164453125 0.69508075 0.5288541640625 0.7186133359375 0.5426650234375
3 0.595558390625 0.569087673828125 0.661324373046875 0.6613006875 0.65893833984375 0.6737060859375 0.6758771953125 0.6883878671875 0.684178125 0.64694253125 0.61962401953125 0.548939642578125 0.588554107421875 0.543627439453125 0.58070211328125 0.565184802734375 0.595558390625 0.569087673828125
3 0.68447115625 0.6535357421875 0.70057701171875 0.619486052734375 0.72441971875 0.627379333984375 0.7506118359375 0.622043283203125 0.76749108984375 0.53932698828125 0.800375970703125 0.536847701171875 0.79907590625 0.523190529296875 0.74625316015625 0.523973087890625 0.733775544921875 0.606624171875 0.720569603515625 0.60681981640625 0.701165158203125 0.5996852578125 0.679009431640625 0.596715005859375 0.670789060546875 0.643017923828125 0.68447115625 0.6535357421875
3 0.63743557421875 0.78452946484375 0.622796931640625 0.81855741796875 0.780426318359375 0.826171177734375 0.780312859375 0.7947828125 0.63743557421875 0.78452946484375
3 0.2436736953125 0.415140818359375 0.25398396484375 0.38282651953125 0.3039287734375 0.301234775390625 0.23902198828125 0.310477412109375 0.18461793359375 0.374782603515625 0.199215716796875 0.4059034140625 0.2436736953125 0.415140818359375
6 0.591507251953125 0.808300453125 0.540522203125 0.751329080078125 0.4631629375 0.69557348828125 0.440386662109375 0.645606814453125 0.36541237890625 0.577445265625 0.282551638671875 0.497031654296875 0.21455028125 0.3875336875 0.2272362421875 0.32885559375 0.1706103984375 0.290874359375 0.15362547265625 0.305144994140625 0.158833966796875 0.323210955078125 0.14441509375 0.362183671875 0.1833662734375 0.445722380859375 0.285481826171875 0.5629608828125 0.361264021484375 0.61626640234375 0.41180951171875 0.663347671875 0.427764650390625 0.691974943359375 0.460116521484375 0.72613121875 0.482638541015625 0.737343130859375 0.527240916015625 0.782863490234375 0.579363525390625 0.83239598046875 0.642563435546875 0.8999063359375 0.675869744140625 0.922503474609375 0.8400237109375 0.91594859765625 0.853305025390625 0.88441476171875 0.767173837890625 0.895586244140625 0.72036647265625 0.89957875 0.6775222109375 0.893615927734375 0.645243580078125 0.861107521484375 0.591507251953125 0.808300453125
5 0.599351904296875 0.88570301953125 0.717102396484375 0.892205076171875 0.80972609375 0.89495583984375 0.83889036328125 0.857414203125 0.737610890625 0.858089587890625 0.658852439453125 0.86997747265625 0.6039031796875 0.855947474609375 0.54892151171875 0.775120265625 0.441815125 0.677747205078125 0.3035676953125 0.540427431640625 0.226458859375 0.449775205078125 0.1821889375 0.48532340625 0.29740159765625 0.599894443359375 0.361994455078125 0.665735205078125 0.467890013671875 0.768898703125 0.55038451171875 0.84107180859375 0.599351904296875 0.88570301953125
1 0.392445923828125 0.591064349609375 0.486661486328125 0.36535986328125 0.390717181640625 0.223949646484375 0.248329615234375 0.453830947265625 0.392445923828125 0.591064349609375
1 0.5630088671875 0.20012080859375 0.48499451171875 0.0635576484375 0.398504748046875 0.21462223046875 0.49080776171875 0.3595259375 0.5630088671875 0.20012080859375
1 0.521815810546875 0.726866685546875 0.594644833984375 0.515498619140625 0.517855025390625 0.40861004296875 0.429455845703125 0.63092469140625 0.521815810546875 0.726866685546875
1 0.63783027734375 0.3639448046875 0.581200380859375 0.246032439453125 0.51497801171875 0.407823005859375 0.521595375 0.40049408984375 0.592921208984375 0.509751080078125 0.63783027734375 0.3639448046875
1 0.617001341796875 0.8202928125 0.67170685546875 0.63063427734375 0.61671690625 0.556841162109375 0.552444080078125 0.755276 0.617001341796875 0.8202928125
1 0.710417419921875 0.477497798828125 0.6551061015625 0.389253443359375 0.618408076171875 0.54875556640625 0.66983675390625 0.62159099609375 0.710417419921875 0.477497798828125