4 0.66015625 0.275390625 0.068359375 0.07421875
2 0.7548828125 0.326171875 0.12890625 0.0771484375
3 0.765625 0.423828125 0.041015625 0.1328125
3 0.682369271484375 0.552209259765625 0.654021353515625 0.53895 0.524590103515625 0.622487962890625 0.516756771484375 0.65099722265625 0.518755728515625 0.651212962890625 0.538017708984375 0.66757222265625 0.546969791015625 0.66160462890625 0.544731771484375 0.649008333984375 0.536898958984375 0.639062962890625 0.663719271484375 0.55685092578125 0.676401041015625 0.571437037109375 0.683115103515625 0.567458333984375 0.682369271484375 0.552209259765625
3 0.531992708984375 0.488196296875 0.553253646484375 0.496815740234375 0.5536265625 0.48687037109375 0.645011978515625 0.441786111328125 0.654336978515625 0.44642777734375 0.668234896484375 0.44287962890625 0.659931771484375 0.4358194453125 0.655455728515625 0.437808333984375 0.646130728515625 0.429189814453125 0.635686978515625 0.4285268515625 0.543555728515625 0.480240740234375 0.5390796875 0.478914814453125 0.531992708984375 0.488196296875
3 0.6074078125 0.4245481484375 0.629414583984375 0.435156482421875 0.642842708984375 0.430515740234375 0.6394859375 0.422559259765625 0.6204625 0.41195092578125 0.626430728515625 0.393387037109375 0.623819791015625 0.365540740234375 0.564139583984375 0.344987962890625 0.564139583984375 0.30984907421875 0.558544791015625 0.3025555546875 0.550005728515625 0.298435185546875 0.546981771484375 0.310512037109375 0.5551875 0.31250092578125 0.5566796875 0.35957407421875 0.615986458984375 0.379463888671875 0.617105728515625 0.394712962890625 0.6085265625 0.409962037109375 0.6074078125 0.4245481484375
3 0.435218228515625 0.435785185546875 0.435218228515625 0.425839814453125 0.524365103515625 0.390037962890625 0.534063021484375 0.394678703125 0.544797396484375 0.394731482421875 0.5426421875 0.385396296875 0.535182291015625 0.386059259765625 0.525111458984375 0.378766666015625 0.42813125 0.419209259765625 0.4161953125 0.424513888671875 0.42813125 0.437111111328125 0.435218228515625 0.435785185546875
3 0.5109015625 0.4756 0.5243296875 0.484881482421875 0.526568228515625 0.471583333984375 0.5067984375 0.464328703125 0.378113021484375 0.523336111328125 0.378486458984375 0.54322592578125 0.388557291015625 0.550518517578125 0.394525 0.547866666015625 0.394525 0.53659537109375 0.388930208984375 0.529965740234375 0.5109015625 0.4756
3 0.296798958984375 0.46565462890625 0.1411515625 0.530842591796875 0.149090625 0.551181482421875 0.157296875 0.54852962890625 0.157669791015625 0.5352694453125 0.30239375 0.4782518515625 0.306496875 0.4855444453125 0.3120921875 0.4855444453125 0.305378125 0.468306482421875 0.296798958984375 0.46565462890625
3 0.2224015625 0.63362037109375 0.235627083984375 0.662565740234375 0.246070833984375 0.657925 0.245697916015625 0.64267592578125 0.409072396484375 0.5611268515625 0.415040103515625 0.569746296875 0.4202625 0.5664305546875 0.407580208984375 0.542562962890625 0.2224015625 0.63362037109375
1 0.247922396484375 0.61417592578125 0.381609896484375 0.769309259765625 0.521485416015625 0.669859259765625 0.37415 0.553171296875 0.247922396484375 0.61417592578125
1 0.2427140625 0.61325 0.372260416015625 0.552507408203125 0.2741609375 0.473610185546875 0.163134896484375 0.517368517578125 0.2427140625 0.61325
1 0.415630728515625 0.53547222265625 0.564276041015625 0.638137037109375 0.6638671875 0.570511111328125 0.513547916015625 0.485646296875 0.415630728515625 0.53547222265625
1 0.412505728515625 0.53362037109375 0.510563541015625 0.484983333984375 0.400528646484375 0.422661111328125 0.312500521484375 0.458463888671875 0.412505728515625 0.53362037109375
1 0.5442765625 0.472509259765625 0.697029166015625 0.551865740234375 0.768272396484375 0.5001518515625 0.621683333984375 0.43517777734375 0.5442765625 0.472509259765625
1 0.541672396484375 0.471583333984375 0.615715103515625 0.434514814453125 0.506053125 0.386778703125 0.438166666015625 0.41595092578125 0.541672396484375 0.471583333984375