3 0.4218299609375 0 0.78362294140625 0.960135875 0.9128713671875 0.95343410546875 0.519449177734375 0 0.4218299609375 0
5 0.588631263671875 0 0.994642994140625 0.94919409375 1 0.94891632421875 1 0.874431310546875 0.6138933203125 0 0.588631263671875 0
5 0.645577041015625 0 1 0.80774405078125 1 0.71559419140625 0.6741067890625 0 0.645577041015625 0
5 0.00659505078125 0 0.00141001171875 0.0199528125 0.040062615234375 0.100770466796875 0.0814298515625 0.159842337890625 0.130437587890625 0.256327458984375 0.203620818359375 0.618030912109375 0.30492774609375 0.984957107421875 0.344534455078125 0.98290342578125 0.23758617578125 0.58746220703125 0.168557134765625 0.301163708984375 0.1333908515625 0.182354849609375 0.088855884765625 0.114444845703125 0.094683685546875 0.02951991796875 0.1228760546875 0 0.00659505078125 0
6 0.602963478515625 0.7197574296875 0.6570833984375 0.887997076171875 0.703365185546875 0.964297388671875 0.708588666015625 0.964026541015625 0.70411879296875 0.85134903125 0.610388265625 0.605941654296875 0.54080171484375 0.418698830078125 0.43743444921875 0.137781583984375 0.407485712890625 0.029504951171875 0.371251423828125 0.0031535546875 0.392500654296875 0.1113039453125 0.45080016796875 0.288329259765625 0.53971294921875 0.55019084375 0.602963478515625 0.7197574296875
7 0.5714988425925926 0.7101924189814814 0.04004629629629619 0.0684317129629628
7 0.4900245949074074 0.5541377314814815 0.036082175925925886 0.06432291666666679
7 0.4176287615740741 0.6810329861111111 0.02806712962962965 0.05024594907407409
7 0.11956018518518519 0.9457031250000001 0.03587962962962965 0.050651041666666785
7 0.8719039351851852 0.2733940972222222 0.027980324074074137 0.04438657407407409
7 0.9731987847222223 0.18409288194444445 0.03194444444444455 0.04849537037037033