5 0.308396982421875 0 0.244523134765625 0.072268189453125 0.119211603515625 0.104523904296875 0.011092349609375 0.16638525 0.01380677734375 0.207101671875 0.026640435546875 0.24550073046875 0.266161537109375 0.396844212890625 0.571563466796875 0.56769751953125 0.809561619140625 0.69619676953125 0.85735999609375 0.750374349609375 0.845982056640625 0.78363928515625 0.878192962890625 0.7824480078125 0.913068142578125 0.744748236328125 0.846023224609375 0.6822933828125 0.66257042578125 0.581707796875 0.386249021484375 0.41369637890625 0.147934029296875 0.280437396484375 0.05730695703125 0.1956528046875 0.14664264453125 0.159103189453125 0.271383533203125 0.11828072265625 0.353422169921875 0.04875505078125 0.4221375390625 0.0852849609375 0.718488416015625 0.298808455078125 0.90598096875 0.434499484375 1 0.513398001953125 1 0.472689126953125 0.994809818359375 0.466819875 0.847247982421875 0.3437641484375 0.73701505078125 0.27080337890625 0.4728755546875 0.056088578125 0.37721526953125 0.023267232421875 0.410039767578125 0.005781845703125 0.4774860078125 0.02327480859375 0.4940151484375 0 0.308396982421875 0
5 0.0487049375 0.730574052734375 0.34763309765625 0.85414901171875 0.5664901875 0.950462341796875 0.59899761328125 0.96451126953125 0.649198171875 0.96116456640625 0.6125963125 0.92826730859375 0.04542001171875 0.681300169921875 0.0487049375 0.730574052734375
1 0.02898184375 0.43472765234375 0.78771066015625 0.832864486328125 0.972455986328125 0.641358123046875 0.349679869140625 0.22205253515625 0.028256294921875 0.42384442578125 0.02898184375 0.43472765234375
1 1 0.350522046875 0.640507669921875 0.04682533984375 0.368778091796875 0.202614146484375 0.98026223046875 0.62378458203125 1 0.604886474609375 1 0.350522046875
7 0.9445963541666667 0.23522135416666667 0.024479166666666607 0.017187500000000022
7 0.8764973958333333 0.28782552083333335 0.030468750000000044 0.01953125
7 0.7311197916666667 0.4024739583333333 0.03867187499999991 0.025911458333333304
7 0.6472005208333333 0.4679036458333333 0.03255208333333348 0.021614583333333326
7 0.46067708333333335 0.6127604166666667 0.03645833333333326 0.02187500000000009
7 0.3525390625 0.6974609375 0.046744791666666674 0.030338541666666607
7 0.11249999999999999 0.89296875 0.056510416666666674 0.030989583333333348