5 0.32304225390625 0.49480621484375 0.3360090546875 0.445443501953125 0.3432122734375 0.400127119140625 0.361941650390625 0.3985090390625 0.372027162109375 0.440588701171875 0.393637826171875 0.486714125 0.4267746484375 0.473766666015625 0.41524949609375 0.435732767578125 0.405163984375 0.392844068359375 0.369145875 0.35804745703125 0.31295774609375 0.368567796875 0.27838028125 0.438970056640625 0.25388732421875 0.51908305078125 0.2049024140625 0.51827401171875 0.2005845078125 0.5587446328125 0.30143158984375 0.56359039453125 0.30863480859375 0.544977966796875 0.32304225390625 0.49480621484375
5 0.500252515625 0.561971751953125 0.48728571484375 0.543359322265625 0.45270825 0.571682486328125 0.468556337890625 0.608906779296875 0.47287826953125 0.6695983046875 0.4498269609375 0.706012994140625 0.41092655859375 0.711677966796875 0.41990040234375 0.724846328125 0.4671146875 0.734336158203125 0.507455734375 0.708440677734375 0.526185111328125 0.643703390625 0.500252515625 0.561971751953125
5 0.648646880859375 0.574919208984375 0.638562375 0.55630734375 0.6126287734375 0.570063841796875 0.62271428515625 0.595149716796875 0.67025855078125 0.592722033203125 0.723565392578125 0.554688701171875 0.74949798828125 0.521510734375 0.759583501953125 0.49966158203125 0.704836015625 0.48590451953125 0.695554326171875 0.498857626953125 0.710598591796875 0.507753671875 0.677461771484375 0.557116384765625 0.648646880859375 0.574919208984375
5 0.071326052734375 1 0.076678068359375 0.97224745703125 0.07523641796875 0.93340451953125 0.049303822265625 0.871094349609375 0.036337021484375 0.821732203125 0.014726357421875 0.766705083984375 0 0.803395251953125 0 0.92113376953125 0.004640845703125 0.92854915234375 0.0075221328125 0.97710282421875 0 0.992530400390625 0 1 0.071326052734375 1
6 0 0.754800763671875 0.01328571484375 0.756994349609375 0.08820321875 0.728671185546875 0.166003017578125 0.703585310546875 0.180410462890625 0.744046892578125 0.212106640625 0.79988305078125 0.23076559375 0.80959208984375 0.238039236328125 0.79098135546875 0.236598591796875 0.747283615234375 0.235157947265625 0.703585310546875 0.20634305859375 0.68092768359375 0.230836015625 0.6695983046875 0.31583903515625 0.64774915234375 0.36770523046875 0.619426552734375 0.366264587890625 0.604051412109375 0.292786720703125 0.61295254296875 0.15159557421875 0.6404661015625 0.02048893359375 0.67121694921875 0 0.68411873046875 0 0.754800763671875
7 0.4482421875 0.626953125 0.0234375 0.01171875
7 0.419921875 0.6416015625 0.0234375 0.015625
7 0.44140625 0.6083984375 0.021484375 0.015625
7 0.4150390625 0.6220703125 0.0234375 0.017578125
7 0.3876953125 0.5400390625 0.03125 0.017578125
7 0.3779296875 0.5185546875 0.03125 0.015625
7 0.4150390625 0.5283203125 0.03125 0.017578125
7 0.4111328125 0.5068359375 0.0234375 0.01953125
6 0.5527565390625 0.530205083984375 0.532746478515625 0.51581864453125 0.5455533203125 0.491991525390625 0.546354125 0.44568644140625 0.51833903515625 0.440291525390625 0.507133802734375 0.45647570703125 0.517539236328125 0.489744068359375 0.485523138671875 0.509974576171875 0.4575090546875 0.54009548046875 0.498328974609375 0.542343501953125 0.5319466796875 0.547288701171875 0.54155130859375 0.575611298828125 0.54805533203125 0.59277401171875 0.564762576171875 0.571565537109375 0.565563380859375 0.54549039453125 0.5527565390625 0.530205083984375