3 0.332532890625 0.8105543984375 0.35823608203125 0.796250962890625 0.357674603515625 0.75835115234375 0.285096103515625 0.695501462890625 0.268557099609375 0.7056063125 0.332532890625 0.8105543984375
3 0.19711941015625 0.62227433984375 0.232165994140625 0.6726942265625 0.426363361328125 0.558607255859375 0.419867083984375 0.53171601953125 0.4023442109375 0.532235216796875 0.233648984375 0.618483796875 0.2062944921875 0.597762169921875 0.19711941015625 0.62227433984375
3 0.13109703125 0.538918078125 0.148098837890625 0.55466436328125 0.297084748046875 0.47577021484375 0.3120329765625 0.47926665234375 0.29522044921875 0.45280495703125 0.138414857421875 0.5183889375 0.13109703125 0.538918078125
3 0.530739857421875 0.452597060546875 0.503131716796875 0.4412273125 0.368976060546875 0.515403228515625 0.372731173828125 0.539883095703125 0.397191181640625 0.544575666015625 0.398394259765625 0.522872666015625 0.51183289453125 0.4626368515625 0.525727203125 0.474412935546875 0.530739857421875 0.452597060546875
3 0.66861937109375 0.55007520703125 0.6877859609375 0.55763185546875 0.69043276953125 0.530469716796875 0.663566291015625 0.517724845703125 0.52540675390625 0.60713094140625 0.519051162109375 0.6411734296875 0.53599808203125 0.654184787109375 0.5511904765625 0.64970073828125 0.555460947265625 0.6292609453125 0.66861937109375 0.55007520703125
3 0.54603724609375 0.456206078125 0.536213212890625 0.461914470703125 0.534869755859375 0.474142044921875 0.561756283203125 0.48824041015625 0.648489388671875 0.4260876875 0.65849390234375 0.43256171484375 0.67625446484375 0.423086369140625 0.677119595703125 0.40357203515625 0.646684712890625 0.4071829375 0.54603724609375 0.456206078125
3 0.554277736328125 0.379420771484375 0.55604167578125 0.35976349609375 0.53458891796875 0.352274583984375 0.413370720703125 0.40190817578125 0.42135028515625 0.426046333984375 0.43502401171875 0.42293300390625 0.525145349609375 0.383700384765625 0.554277736328125 0.379420771484375
3 0.569153923828125 0.318750353515625 0.567008337890625 0.27683426171875 0.54419880078125 0.27381282421875 0.552793818359375 0.346318814453125 0.611096994140625 0.3716740859375 0.60387944140625 0.39897165625 0.62623427734375 0.415913421875 0.651356248046875 0.4138149765625 0.644980828125 0.395045654296875 0.628078748046875 0.38606687109375 0.633071365234375 0.3628984453125 0.628900828125 0.338646482421875 0.569153923828125 0.318750353515625
3 0.640574363425926 0.30733506944444444 0.06124131944444455 0.048668981481481466
3 0.78031347265625 0.474994185546875 0.7965130625 0.333680193359375 0.759932576171875 0.3241563828125 0.748053849609375 0.45834589453125 0.78031347265625 0.474994185546875
4 0.6623263888888888 0.2588179976851852 0.07336516203703702 0.07635995370370363
2 0.718340365234375 0.253392125 0.6903715859375 0.269116779296875 0.69789438671875 0.303300283203125 0.797314869140625 0.336364619140625 0.834205630859375 0.30548060546875 0.82766925 0.275882375 0.718340365234375 0.253392125