5 0.2319697265625 0.488571814453125 0.3438515625 0.6380584453125 0.41377734375 0.606060806640625 0.440349609375 0.505916171875 0.440349609375 0.484667271484375 0.3929501953125 0.487211236328125 0.380212890625 0.568533607421875 0.3256708984375 0.4107530078125 0.2053984375 0.432105453125 0.2319697265625 0.488571814453125
6 0 0.291633669921875 0.114494140625 0.339127169921875 0.3214755859375 0.385600017578125 0.3900029296875 0.385879771484375 0.3968564453125 0.34872076171875 0.2543466796875 0.319990126953125 0.044568359375 0.282194587890625 0 0.253055609375 0 0.291633669921875
7 0.40234375 0.4628399884259259 0.0234375 0.015798611111111027
7 0.4091796875 0.4422815393518519 0.029296875 0.01974826388888884
7 0.431640625 0.47238859953703705 0.03125 0.015856481481481444
7 0.4384765625 0.45280671296296293 0.02734375 0.017780671296296235
7 0.43359375 0.36006944444444444 0.025390625 0.015813078703703742
7 0.4384765625 0.34147858796296293 0.0234375 0.015798611111111027
7 0.4599609375 0.37354600694444445 0.0234375 0.015798611111111138
7 0.4658203125 0.3549479166666667 0.02734375 0.013874421296296235
5 0.45287109375 0.27812946484375 0.47893359375 0.2714973984375 0.4967333984375 0.287820494140625 0.501818359375 0.33500260546875 0.487833984375 0.377674875 0.4769091796875 0.41175744921875 0.5113544921875 0.429376474609375 0.5234326171875 0.383856236328125 0.53233203125 0.332635919921875 0.5266103515625 0.288320609375 0.504361328125 0.25951014453125 0.463677734375 0.250510404296875 0.4268076171875 0.2640131875 0.45287109375 0.27812946484375
5 0.7429560546875 0.4332790390625 0.7060859375 0.395991162109375 0.6692158203125 0.3815972421875 0.6456953125 0.388568171875 0.6412451171875 0.40255278515625 0.6603154296875 0.415289544921875 0.6666728515625 0.400933109375 0.6819296875 0.402966802734375 0.7079931640625 0.42709901171875 0.726427734375 0.4512871875 0.7423203125 0.468340341796875 0.7130595703125 0.47794060546875 0.7207060546875 0.488532865234375 0.735962890625 0.489135236328125 0.784275390625 0.476972419921875 0.772197265625 0.464183865234375 0.7429560546875 0.4332790390625