7 0.09518229166666667 0.5400390625 0.036458333333333315 0.02213541666666674
7 0.10091145833333334 0.3666449652777778 0.028645833333333315 0.02155671296296302
7 0.43626302083333335 0.49631076388888884 0.032421875000000044 0.01989293981481488
7 0.5061848958333333 0.7156032986111112 0.03216145833333339 0.01598668981481488
7 0.5108723958333333 0.6598668981481481 0.030338541666666607 0.01779513888888884
7 0.5355468750000001 0.10026041666666666 0.03645833333333348 0.022135416666666685
7 0.8643229166666666 0.15364583333333331 0.024348958333333393 0.01540798611111116
4 0.520616642578125 0.414187791015625 0.479680400390625 0.398322177734375 0.472999017578125 0.35157090625 0.316742216796875 0.3647205390625 0.297663052734375 0.377945359375 0.2611929375 0.37907179296875 0.260753576171875 0.343670244140625 0.142849392578125 0.348466521484375 0.13486509765625 0.552214921875 0.24793390625 0.535965271484375 0.24670225390625 0.51243341015625 0.474372474609375 0.484920140625 0.469112376953125 0.451862509765625 0.509187193359375 0.43865751171875 0.520616642578125 0.414187791015625
1 0.1020874375 0.560942572265625 0.08118039453125 0.989048365234375 0.464054015625 0.960687357421875 0.4863569765625 0.510420775390625 0.1020874375 0.560942572265625
1 0.118347998046875 0 0.112164265625 0.34680212890625 0.49721001953125 0.318301111328125 0.514004240234375 0 0.118347998046875 0
1 0.521619205078125 0.651130634765625 0.820837251953125 0.59559603125 0.85076798828125 0.16531437890625 0.549684814453125 0.16714385546875 0.521619205078125 0.651130634765625
1 0.519877845703125 0.740239033203125 0.507733314453125 0.957451853515625 0.7981271484375 0.93594119921875 0.81538646484375 0.67504123046875 0.519877845703125 0.740239033203125
1 0.836178919921875 0.933122548828125 0.933333333984375 0.92592592578125 0.951994412109375 0.64600975390625 0.855194439453125 0.666718607421875 0.836178919921875 0.933122548828125
1 0.860498306640625 0.58716059765625 0.957071783203125 0.569849169921875 0.984197314453125 0.162966208984375 0.888592037109375 0.16487490625 0.860498306640625 0.58716059765625
1 0.561099630859375 0 0.56002550390625 0.07503616015625 0.84941848046875 0.078905544921875 0.85334821484375 0 0.561099630859375 0
1 0.895863572265625 0 0.89227216015625 0.081228779296875 0.989500916015625 0.083412177734375 0.995061728515625 0 0.895863572265625 0
3 0.6681327734375 0.63712821484375 0.701491310546875 0.68269010546875 0.720711001953125 0.688353353515625 0.95257243359375 0.637339435546875 0.95397372265625 0.616320091796875 0.94378866015625 0.575762744140625 0.67309239453125 0.625736541015625 0.6681327734375 0.63712821484375
3 0.573987357421875 0.1385710078125 0.527458451171875 0.143592650390625 0.542598671875 0.1684560078125 0.66227881640625 0.1580163046875 0.670333294921875 0.12119778125 0.808210462890625 0.11054540234375 0.8254111875 0.083725123046875 0.56809630078125 0.079950193359375 0.573987357421875 0.1385710078125
3 0.98040085546875 0.089567828125 0.8754742734375 0.088678732421875 0.8730124921875 0.104609451171875 0.8979116484375 0.109064744140625 0.890315216796875 0.1600231953125 0.984347189453125 0.160718087890625 0.98650421484375 0.128362689453125 0.976409130859375 0.12844771875 0.98040085546875 0.089567828125
6 0.746735779296875 0.65492831640625 0.835362498046875 0.648363373046875 0.81971203125 0.67314576171875 0.81844587890625 0.69213802734375 0.842940748046875 0.681661607421875 0.870478712890625 0.64654942578125 0.85194483984375 0.630598884765625 0.7931768984375 0.630227447265625 0.71376484375 0.64555905859375 0.593873650390625 0.6591645078125 0.535757029296875 0.69102990234375 0.539431779296875 0.719892666015625 0.607993734375 0.720325875 0.666146341796875 0.708931345703125 0.666294671875 0.68510924609375 0.568675220703125 0.701190318359375 0.56816541015625 0.687841478515625 0.612724060546875 0.670366982421875 0.746735779296875 0.65492831640625
6 0.570293884765625 0.130970416015625 0.6475079140625 0.12761316796875 0.79541144140625 0.134768025390625 0.853827802734375 0.119417142578125 0.875069951171875 0.073747572265625 0.84292540234375 0.072978537109375 0.83221583203125 0.10763142578125 0.8049603828125 0.117524529296875 0.7448385078125 0.11646612890625 0.650128001953125 0.109307865234375 0.57578105859375 0.111665482421875 0.519650466796875 0.13472178125 0.49928744921875 0.188200412109375 0.490319380859375 0.259733451171875 0.486626453125 0.315127373046875 0.4606721953125 0.32649859765625 0.394870818359375 0.326648705078125 0.325623080078125 0.336502236328125 0.328595287109375 0.3549804375 0.490249439453125 0.344781224609375 0.51870143359375 0.21195994140625 0.52868916015625 0.167124033203125 0.570293884765625 0.130970416015625