5 0.5449869791666667 0.15815248842592594 0.10039062499999996 0.04173900462962965
5 0.682421875 0.21184895833333334 0.07513020833333339 0.04350405092592591
5 0.557421875 0.30070891203703703 0.1147135416666667 0.05160590277777777
5 0.6712239583333333 0.35164930555555557 0.09270833333333339 0.043634259259259234
5 0.5444010416666667 0.4571325231481481 0.1205729166666667 0.05164930555555558
5 0.6696614583333333 0.48942418981481484 0.08880208333333339 0.04360532407407414
5 0.5390625 0.6115451388888888 0.09791666666666665 0.06319444444444455
5 0.6653645833333334 0.630150462962963 0.0859375 0.05920138888888893
5 0.5270182291666667 0.7679615162037037 0.10585937500000009 0.06520543981481497
5 0.6684895833333333 0.7649594907407408 0.08164062499999991 0.05331307870370372
6 0.6039062500000001 0.6902054398148147 0.1449218750000001 0.036212384259259434
6 0.6049479166666667 0.5446180555555555 0.14583333333333348 0.020601851851851816
6 0.6108723958333333 0.3989945023148148 0.1460937499999999 0.024508101851851816
6 0.61796875 0.2562934027777778 0.15690104166666652 0.040205439814814836