5 0.493975521484375 0.555357408203125 0.482039583984375 0.5858555546875 0.524561458984375 0.60574537109375 0.563353646484375 0.61502777734375 0.561861978515625 0.632265740234375 0.5200859375 0.63889537109375 0.4745796875 0.65082962890625 0.428327603515625 0.664089814453125 0.411169271484375 0.6707194453125 0.415636458984375 0.763536111328125 0.4529453125 0.759562037109375 0.452199478515625 0.71447777734375 0.526053646484375 0.691935185546875 0.590955728515625 0.660111111328125 0.600654166015625 0.60839722265625 0.568576041015625 0.57524722265625 0.529038021484375 0.565964814453125 0.493975521484375 0.555357408203125
5 0.412661458984375 0.4877305546875 0.337315103515625 0.463862962890625 0.277635416015625 0.48110092578125 0.253763021484375 0.51822962890625 0.262511458984375 0.561684259765625 0.274651041015625 0.569943517578125 0.2798734375 0.534140740234375 0.313443228515625 0.512925 0.369393228515625 0.51690277734375 0.403709375 0.531488888671875 0.429819791015625 0.499664814453125 0.412661458984375 0.4877305546875
5 0.417883333984375 0.360434259765625 0.400725521484375 0.35115277734375 0.4171375 0.324632408203125 0.46264375 0.294134259765625 0.470844791015625 0.3079805546875 0.4827859375 0.299437962890625 0.470103646484375 0.24905 0.449961458984375 0.258332408203125 0.419375521484375 0.2822 0.384313541015625 0.331262037109375 0.382075521484375 0.37502037109375 0.4052015625 0.38430277734375 0.417883333984375 0.360434259765625
5 0 0.955810185546875 0.0299625 0.941225 0.074722916015625 0.9438768515625 0.123969791015625 0.97464722265625 0.223922916015625 0.9345944453125 0.173194791015625 0.91470462890625 0.1276890625 0.90277037109375 0.070246875 0.87890277734375 0.034438541015625 0.87757592578125 0 0.884206482421875 0 0.955810185546875
6 0.311951041015625 0.929290740234375 0.340299478515625 0.80862407421875 0.365663541015625 0.67867592578125 0.373869271484375 0.61104907421875 0.3596953125 0.6097231484375 0.333585416015625 0.657459259765625 0.313443228515625 0.735693517578125 0.302998958984375 0.758236111328125 0.282111458984375 0.731715740234375 0.241827083984375 0.730389814453125 0.201543228515625 0.729063888671875 0.184386458984375 0.735758333984375 0.193336978515625 0.752931482421875 0.2448109375 0.782103703125 0.282111458984375 0.795363888671875 0.258985416015625 0.866968517578125 0.232875 0.93592037109375 0.243319271484375 0.99907407421875 0.267936978515625 0.99907407421875 0.311951041015625 0.929290740234375
7 0.3525390625 0.5361328125 0.01171875 0.021484375
7 0.3388671875 0.5615234375 0.013671875 0.0205078125
7 0.3701171875 0.5419921875 0.0146484375 0.01953125
7 0.357421875 0.56640625 0.0166015625 0.021484375
7 0.43359375 0.591796875 0.015625 0.0283203125
7 0.4521484375 0.6005859375 0.015625 0.029296875
7 0.443359375 0.56640625 0.0166015625 0.0283203125
7 0.4638671875 0.5693359375 0.0166015625 0.021484375
6 0.524835416015625 0.471084259765625 0.519861978515625 0.4453 0.477174478515625 0.446037037109375 0.455208853515625 0.45782407421875 0.441946353515625 0.439407408203125 0.427855208984375 0.42762037109375 0.4038171875 0.428357408203125 0.384265625 0.443734259765625 0.4000875 0.44972037109375 0.426197396484375 0.458560185546875 0.43075625 0.48950092578125 0.432828646484375 0.52707037109375 0.460596353515625 0.501287037109375 0.479246353515625 0.47182037109375 0.509915625 0.48139722265625 0.524835416015625 0.471084259765625