4 0.171875 0.3266420717592593 0.0703125 0.08658854166666674
4 0.19140625 0.5612702546296297 0.33203125 0.13534432870370372
4 0.335500970703125 0.329026498046875 0.3257679609375 0.35051921875 0.26876213671875 0.354978634765625 0.243735921875 0.431043783203125 0.20063398046875 0.4420325 0.19283398046875 0.466070021484375 0.234002912109375 0.4736698359375 0.243735921875 0.456872744140625 0.284056310546875 0.453813822265625 0.306302912109375 0.378634681640625 0.32854854296875 0.390333720703125 0.353575728515625 0.380796953125 0.36469805859375 0.33185823828125 0.335500970703125 0.329026498046875
6 0.3174252421875 0.09567137890625 0.356356310546875 0.10518741015625 0.38277281640625 0.135516125 0.435607767578125 0.1867822265625 0.463415533203125 0.222539193359375 0.52737184375 0.268697216796875 0.559350486328125 0.304299162109375 0.573254369140625 0.339787482421875 0.626088349609375 0.385574931640625 0.6817038828125 0.42656318359375 0.73592815625 0.4926488671875 0.769297087890625 0.561855056640625 0.801275728515625 0.609980498046875 0.751222330078125 0.61339935546875 0.75205728125 0.628964607421875 0.822131068359375 0.687476931640625 0.8415961171875 0.6671887890625 0.824911650390625 0.640412744140625 0.838815533203125 0.600763359375 0.82074077734375 0.55290547265625 0.7957145625 0.511567341796875 0.748441748046875 0.449920373046875 0.660847572265625 0.3717646015625 0.60662330078125 0.3252461328125 0.59689126171875 0.289602751953125 0.567693203125 0.25624591015625 0.534324271484375 0.236349009765625 0.4814893203125 0.19056214453125 0.448120388671875 0.1479674296875 0.403629126953125 0.10500159375 0.363307767578125 0.080666560546875 0.327158251953125 0.0773087109375 0.289618447265625 0.076351533203125 0.22705145703125 0.088843693359375 0.22288058203125 0.106217294921875 0.277104853515625 0.094816638671875 0.3174252421875 0.09567137890625
5 0.207586408203125 0.122437298828125 0.19865922265625 0.144542798828125 0.297960193359375 0.144136568359375 0.3174252421875 0.126979029296875 0.39667669921875 0.127174390625 0.445339806640625 0.153549103515625 0.446731068359375 0.175412875 0.496784466796875 0.214259046875 0.552399029296875 0.26229159765625 0.605233009765625 0.325297625 0.708120388671875 0.42323670703125 0.762345630859375 0.506541478515625 0.81100873828125 0.486737501953125 0.7178533984375 0.393916662109375 0.683094173828125 0.336502400390625 0.634431068359375 0.303866486328125 0.57464466015625 0.232507576171875 0.50651650390625 0.174764171875 0.4578533984375 0.11786432421875 0.427265048828125 0.10021252734375 0.33689126171875 0.10199467578125 0.274324271484375 0.098050224609375 0.243735921875 0.09840061328125 0.207586408203125 0.122437298828125
1 0.619136892578125 0.384267365234375 0.512077669921875 0.600341263671875 0.60254271875 0.732862837890625 0.740099029296875 0.51675777734375 0.619136892578125 0.384267365234375
1 0.4342174765625 0.76367688671875 0.502345630859375 0.88794925 0.5967174765625 0.740728861328125 0.51068737890625 0.605871990234375 0.4342174765625 0.76367688671875
1 0.581597087890625 0.3457402421875 0.496784466796875 0.254175986328125 0.421960193359375 0.459769658203125 0.48705145703125 0.559785646484375 0.581597087890625 0.3457402421875
1 0.366088349609375 0.612792537109375 0.417533009765625 0.71733308203125 0.488441748046875 0.564430330078125 0.421960193359375 0.468512828125 0.366088349609375 0.612792537109375
1 0.470366990234375 0.2363697109375 0.402238833984375 0.168450900390625 0.353575728515625 0.34714121484375 0.402238833984375 0.428303904296875 0.470366990234375 0.2363697109375
1 0.310473787109375 0.50918949609375 0.3494038828125 0.589930154296875 0.403629126953125 0.436862248046875 0.353999029296875 0.3628331875 0.310473787109375 0.50918949609375