3 0 0.79180446875 0.208241046875 0.70588796484375 0.26118538671875 0.7130066796875 0.3019141875 0.703167908203125 0.31821294140625 0.6594141953125 0.2838962421875 0.6447330078125 0.25732907421875 0.668506484375 0.204461033203125 0.659327642578125 0 0.750900896484375 0 0.79180446875
3 0 0.22753084765625 0.18250187109375 0.063301109375 0.1831582109375 0.00678363671875 0.14513176171875 0.00537525 0.14650564453125 0.0444315234375 0 0.1915763515625 0 0.22753084765625
5 0.399737234375 0.043494845703125 0.430465453125 0.055979884765625 0.568189818359375 0.05282840234375 0.6834760625 0.025313927734375 0.61780101171875 0.02288151953125 0.491540080078125 0.04173713671875 0.423938126953125 0.0340752578125 0.424235587890625 0.0157124296875 0.40632877734375 0.01504921484375 0.399737234375 0.043494845703125
5 0 0.398542626953125 0.170178201171875 0.396040177734375 0.41852256640625 0.32890224609375 0.562239353515625 0.312562216796875 0.990914427734375 0.282347509765625 0.991921080078125 0.25516786328125 0.7547007734375 0.268112283203125 0.416002896484375 0.297862044921875 0.2635835078125 0.3510160703125 0.174910779296875 0.36733181640625 0 0.378275498046875 0 0.398542626953125
5 0 0.439472341796875 0.20338843359375 0.440595935546875 0.32981244921875 0.395763123046875 0.428066578125 0.368455283203125 0.7443193984375 0.35025308984375 0.98884750390625 0.338154447265625 0.990260265625 0.300009853515625 0.67759446484375 0.3188978671875 0.408903509765625 0.340924853515625 0.209762392578125 0.417105892578125 0.064709982421875 0.41998596875 0 0.421750771484375 0 0.439472341796875
5 0.79226968359375 0.5475860390625 0.793182046875 0.517113138671875 0.63373856640625 0.5122394453125 0.513496986328125 0.489217751953125 0.3706577421875 0.481864169921875 0.297025455078125 0.537936234375 0.30118775 0.62371055859375 0.338406919921875 0.70864568359375 0.433645630859375 0.7132046640625 0.620229341796875 0.728367845703125 0.833381509765625 0.769272205078125 0.97202330859375 0.7924076796875 0.973215244140625 0.760225466796875 0.79078114453125 0.73055809765625 0.58301144921875 0.692947662109375 0.524379412109375 0.69077610546875 0.436279001953125 0.6916393203125 0.38577726171875 0.66810601171875 0.381844634765625 0.62566623046875 0.384820640625 0.5453141015625 0.447956330078125 0.524958255859375 0.627249640625 0.538819802734375 0.79226968359375 0.5475860390625
5 0.581252900390625 1 0.393721849609375 0.948986 0.2522184921875 0.905577201171875 0.146366703125 0.840794333984375 0 0.80359687890625 0 0.82346628515625 0.00749747265625 0.82533540234375 0.146939763671875 0.87485730078125 0.259777240234375 0.94918290234375 0.361962974609375 0.964314806640625 0.439681779296875 0.996076921875 0.4540053828125 1 0.581252900390625 1
5 0.518222998046875 0.064387978515625 0.696497111328125 0.025796189453125 0.559041970703125 0.0207052578125 0.51028269921875 0.031084060546875 0.425770265625 0.034143115234375 0.425182294921875 0.0157474921875 0.33816890234375 0.0125247734375 0.327516638671875 0.06145126171875 0.22762113671875 0.083540494140625 0.0941206640625 0.164507447265625 0.208689015625 0.148859548828125 0.2562506484375 0.103168861328125 0.30511049609375 0.12148383203125 0.348438578125 0.289170228515625 0.434821318359375 0.28514853515625 0.399355697265625 0.053796341796875 0.518222998046875 0.064387978515625
7 0.9341724537037037 0.8902633101851851 0.0557002314814814 0.0293692129629628
7 0.942310474537037 0.6441333912037037 0.0419560185185186 0.02690972222222232
7 0.9402126736111112 0.5423538773148149 0.06004050925925908 0.04123263888888884
7 0.9524377893518519 0.18587239583333331 0.03826678240740744 0.03262442129629628
7 0.9551142939814814 0.06080005787037038 0.0556278935185186 0.027416087962962965