4 0.23563368055555556 0.3570963541666667 0.09262152777777777 0.09973958333333333
3 0.34442274305555554 0.4291015625 0.1679976851851852 0.14375000000000004
3 0.4452184606481482 0.8587890625 0.27955729166666665 0.15898437499999996
3 0.436751587890625 0.501865177734375 0.44527801171875 0.51378180078125 0.467217544921875 0.5054198515625 0.546866560546875 0.631862513671875 0.532153384765625 0.64762858203125 0.55035683984375 0.655970119140625 0.570291734375 0.63424322265625 0.5702820859375 0.61420215625 0.5569283203125 0.61673520703125 0.473908537109375 0.4947883203125 0.47851234765625 0.492509931640625 0.473753078125 0.4895416171875 0.46160419140625 0.493308470703125 0.436751587890625 0.501865177734375
3 0.440159751953125 0.595524154296875 0.4307587890625 0.593522626953125 0.38342179296875 0.51322379296875 0.3853350703125 0.498968388671875 0.382722240234375 0.489613904296875 0.38646128515625 0.4778650390625 0.37045584765625 0.469732615234375 0.3574714453125 0.475682990234375 0.372174701171875 0.488346154296875 0.36886315234375 0.5145230390625 0.418735224609375 0.60155218359375 0.413588244140625 0.6051809140625 0.421474353515625 0.61516930859375 0.44074270703125 0.61519887890625 0.440159751953125 0.595524154296875
1 0.68161261328125 0.400890162109375 0.581329138671875 0.622454287109375 0.673974802734375 0.755083419921875 0.810365328125 0.529316310546875 0.68161261328125 0.400890162109375
1 0.508972654296875 0.7886984765625 0.579755134765625 0.911461181640625 0.67176403515625 0.76303024609375 0.581887712890625 0.628757017578125 0.508972654296875 0.7886984765625
1 0.553673013671875 0.280950818359375 0.486148720703125 0.484889017578125 0.556297708984375 0.581251716796875 0.643208962890625 0.366650384765625 0.553673013671875 0.280950818359375
1 0.436075830078125 0.647250048828125 0.487099146484375 0.74423761328125 0.553258927734375 0.5887951484375 0.486906609375 0.49075234765625 0.436075830078125 0.647250048828125
1 0.46332427734375 0.189186232421875 0.4141549921875 0.38204396875 0.467727640625 0.454110583984375 0.531668005859375 0.24935648828125 0.46332427734375 0.189186232421875
1 0.3775060546875 0.531691716796875 0.4215500078125 0.6109196328125 0.46624893359375 0.459255376953125 0.415837140625 0.38686958203125 0.3775060546875 0.531691716796875
5 0.84414126953125 0.51985091015625 0.87303411328125 0.509710724609375 0.844422208984375 0.470219537109375 0.8101677734375 0.437347595703125 0.765696154296875 0.3946421171875 0.7594415078125 0.3806025703125 0.710124158203125 0.33197761328125 0.677744015625 0.322965365234375 0.634884439453125 0.27555323828125 0.610692068359375 0.23370676171875 0.57222244140625 0.21622914453125 0.540571099609375 0.192383119140625 0.538899849609375 0.175409205078125 0.504752275390625 0.146143857421875 0.49325348828125 0.132453921875 0.40747871484375 0.13122502734375 0.344593701171875 0.13706016015625 0.298092171875 0.124389060546875 0.284350693359375 0.13351915625 0.3190706328125 0.1427040859375 0.2609228671875 0.151490833984375 0.24445194140625 0.167045966796875 0.269818603515625 0.178216474609375 0.275121080078125 0.160120306640625 0.331547359375 0.15307295703125 0.32113676171875 0.17610939453125 0.345474375 0.169887158203125 0.3577603125 0.150997306640625 0.4218783671875 0.14737955859375 0.463319431640625 0.1469169609375 0.486540533203125 0.162125546875 0.508373119140625 0.16986949609375 0.514044755859375 0.18394791015625 0.51015026953125 0.190450619140625 0.519785388671875 0.200321861328125 0.559167384765625 0.228909576171875 0.5928874609375 0.24374690234375 0.611301638671875 0.274061142578125 0.66506129296875 0.336290427734375 0.696819583984375 0.3440305546875 0.72310046875 0.363963001953125 0.74440928515625 0.3934274765625 0.75882208203125 0.426636736328125 0.813684822265625 0.465363875 0.84414126953125 0.51985091015625
6 0.309919291015625 0.126373634765625 0.3733571953125 0.11951618359375 0.40902939453125 0.12140909375 0.44334214453125 0.15624916796875 0.50690716796875 0.21279506640625 0.565934720703125 0.278547828125 0.609211220703125 0.3006333828125 0.62934425 0.3495611640625 0.7135922578125 0.415407490234375 0.80263923828125 0.496162810546875 0.843256123046875 0.566394966796875 0.8799049765625 0.614855908203125 0.86715360546875 0.637719728515625 0.8475160390625 0.62522916796875 0.829781939453125 0.637582916015625 0.8611515234375 0.651919599609375 0.877148166015625 0.679437529296875 0.883480548828125 0.696100701171875 0.88668813671875 0.696401064453125 0.90665391015625 0.68417050390625 0.89126940234375 0.657596671875 0.90201040625 0.625996091796875 0.8980771484375 0.591759529296875 0.860150798828125 0.53350438671875 0.812745732421875 0.470623541015625 0.752628224609375 0.412205009765625 0.674241017578125 0.345421830078125 0.65029120703125 0.305619287109375 0.62021303125 0.27575452734375 0.58893088671875 0.26436894140625 0.546469650390625 0.230400771484375 0.51197230078125 0.1893304765625 0.482869986328125 0.150328380859375 0.43762098828125 0.1208171171875 0.417808541015625 0.102424357421875 0.3530297421875 0.10345734765625 0.276800681640625 0.112153552734375 0.233699951171875 0.13539786328125 0.2496859140625 0.16258838671875 0.312764322265625 0.143597966796875 0.309919291015625 0.126373634765625