3 0.583393287109375 0.940506564453125 0.4751381953125 0.76046419921875 0.417791615234375 0.769192224609375 0.55134845703125 0.982453615234375 0.600963142578125 0.970935443359375 0.601441744140625 0.948533990234375 0.583393287109375 0.940506564453125
3 0.6292842578125 0.4471419765625 0.642581044921875 0.414596736328125 0.62733173828125 0.403210263671875 0.612635056640625 0.404257822265625 0.60556350390625 0.41099773828125 0.503238916015625 0.298051767578125 0.50073415625 0.274864681640625 0.47734529296875 0.279358009765625 0.467431533203125 0.310979873046875 0.598638630859375 0.454231138671875 0.6292842578125 0.4471419765625
3 0.52169521484375 0.68014857421875 0.534844650390625 0.64428794140625 0.52294709375 0.641975873046875 0.43001527734375 0.5081543046875 0.4150238671875 0.50257049609375 0.404121990234375 0.52263804296875 0.495838451171875 0.662284099609375 0.493555041015625 0.6772473125 0.52169521484375 0.68014857421875
3 0.36738009375 0.329834658203125 0.349017875 0.3774740859375 0.412040201171875 0.468607947265625 0.4416177734375 0.470657509765625 0.445300744140625 0.454014484375 0.371854115234375 0.36054673046875 0.37292214453125 0.351407427734375 0.36738009375 0.329834658203125
3 0.325456224609375 0.498390328125 0.316384927734375 0.538868392578125 0.37218834765625 0.63342677734375 0.387437626953125 0.644812669921875 0.39992325 0.62720940625 0.33214961328125 0.528680955078125 0.33432250390625 0.511231052734375 0.325456224609375 0.498390328125
3 0.394247994140625 0.20096319140625 0.37966183203125 0.2044974375 0.250708154296875 0.188989572265625 0.2508190078125 0.224653759765625 0.394174666015625 0.23248328125 0.407655658203125 0.20408271484375 0.394247994140625 0.20096319140625
1 0.7806334375 0.568485716796875 0.64154987109375 0.424565318359375 0.54248297265625 0.65616067578125 0.640447634765625 0.797827826171875 0.7806334375 0.568485716796875
1 0.4689511328125 0.820275130859375 0.54586033984375 0.9584808984375 0.6397051953125 0.80528237890625 0.541584953125 0.66326487109375 0.4689511328125 0.820275130859375
1 0.50305470703125 0.293907091796875 0.44161810546875 0.503835005859375 0.51550681640625 0.60724951953125 0.603058744140625 0.38781065234375 0.50305470703125 0.293907091796875
1 0.387105375 0.67053011328125 0.44368243359375 0.782495326171875 0.519079603515625 0.621297302734375 0.439447994140625 0.515232271484375 0.387105375 0.67053011328125
1 0.408981533203125 0.200744916015625 0.3585205 0.39226326953125 0.4104356484375 0.464702626953125 0.48246466015625 0.261863876953125 0.408981533203125 0.200744916015625
6 0.240945962890625 0.102043326171875 0.178071990234375 0.113757349609375 0.17438904296875 0.130400953125 0.208239017578125 0.12906964453125 0.256453138671875 0.119231880859375 0.301942796875 0.1144105546875 0.350857896484375 0.120321619140625 0.366622943359375 0.143312255859375 0.40010383203125 0.166869685546875 0.435906328125 0.209470087890625 0.4745826640625 0.25036883984375 0.51432600390625 0.28212830078125 0.5392252578125 0.31161876953125 0.573627853515625 0.322721490234375 0.583978806640625 0.356574892578125 0.592634439453125 0.385476759765625 0.64276525390625 0.418741412109375 0.716064171875 0.4757156953125 0.7815172578125 0.55520173828125 0.812973662109375 0.599525025390625 0.837062783203125 0.643957458984375 0.839935955078125 0.675433896484375 0.809406841796875 0.6857931640625 0.872202828125 0.73799271875 0.88144827734375 0.713802306640625 0.870545060546875 0.700692951171875 0.888151080078125 0.665595541015625 0.87164925390625 0.626027357421875 0.816619443359375 0.54887522265625 0.785053548828125 0.502065228515625 0.720557279296875 0.444130705078125 0.6717523671875 0.407528833984375 0.634845037109375 0.373239609375 0.615545060546875 0.337029876953125 0.5905342578125 0.305052734375 0.558746630859375 0.286446873046875 0.523423044921875 0.254621931640625 0.494251388671875 0.2285123359375 0.461542748046875 0.189183673828125 0.424340689453125 0.14826308203125 0.381761369140625 0.1190339609375 0.360286498046875 0.100275318359375 0.32035928515625 0.09754867578125 0.2834522890625 0.09643694921875 0.240945962890625 0.102043326171875
5 0.64928384765625 0.36638996875 0.671716228515625 0.3735226171875 0.697757201171875 0.395531771484375 0.70221412109375 0.429472494140625 0.74136836328125 0.48114730078125 0.80067121875 0.52173989453125 0.82648503125 0.560457849609375 0.8443185703125 0.5418297109375 0.822402625 0.513123716796875 0.786489634765625 0.468037201171875 0.730539171875 0.40334034375 0.66773719140625 0.350357375 0.59528523828125 0.279269828125 0.527254064453125 0.2081167890625 0.465372736328125 0.142678544921875 0.4410260546875 0.125620947265625 0.395425873046875 0.127955583984375 0.3069151484375 0.126778525390625 0.2433043984375 0.12191500390625 0.1797297578125 0.151057119140625 0.25398587890625 0.1632284921875 0.31369333984375 0.1465847265625 0.385997248046875 0.1480013046875 0.45034583203125 0.169442935546875 0.448945576171875 0.20430026171875 0.5142888125 0.2481215234375 0.55594748046875 0.28980591796875 0.6009588984375 0.340564123046875 0.64928384765625 0.36638996875
4 0.16462673611111112 0.36205873842592595 0.08229166666666665 0.09490740740740744