1 0.78309705078125 0.421843638671875 0.638493767578125 0.22127762890625 0.56218084375 0.356373435546875 0.66984174609375 0.55663728515625 0.78309705078125 0.421843638671875
1 0.55782035546875 0.350460859375 0.6361715703125 0.212881771484375 0.53716771484375 0.08243384375 0.48007648046875 0.20603622265625 0.55782035546875 0.350460859375
1 0.642218455078125 0.597143984375 0.538319392578125 0.39992628125 0.480371955078125 0.498355447265625 0.561744291015625 0.68668460546875 0.642218455078125 0.597143984375
1 0.4800968671875 0.49305015625 0.534278568359375 0.394774775390625 0.46383076171875 0.25751108984375 0.41829894921875 0.34347910546875 0.4800968671875 0.49305015625
1 0.419444333984375 0.6000799296875 0.45988364453125 0.524758134765625 0.403282798828125 0.392630521484375 0.371484072265625 0.456830109375 0.419444333984375 0.6000799296875
1 0.536185328125 0.0634878125 0.447373939453125 0.25280512109375 0.452322951171875 0.270085986328125 0.47053859375 0.257184724609375 0.487749228515625 0.249791486328125 0.5717957421875 0.072799337890625 0.5613343046875 0.05344472265625 0.536185328125 0.0634878125
1 0.56273099609375 0.36698348828125 0.54172957421875 0.32675944921875 0.5122593671875 0.331647103515625 0.523951291015625 0.348677701171875 0.458808974609375 0.47333792578125 0.429111052734375 0.477127130859375 0.43714175390625 0.49843778125 0.46989816796875 0.50481744140625 0.56273099609375 0.36698348828125
1 0.66888632421875 0.564266060546875 0.653515189453125 0.528388783203125 0.60449844140625 0.521092572265625 0.50113448828125 0.665301583984375 0.50911366796875 0.68787476171875 0.543139880859375 0.692688607421875 0.66888632421875 0.564266060546875
1 0.334921767578125 0.611562384765625 0.413212234375 0.610181521484375 0.40890432421875 0.57920997265625 0.362021873046875 0.587020435546875 0.33937096875 0.51496673046875 0.29602290625 0.512776048828125 0.292697357421875 0.500750005859375 0.260552310546875 0.501394013671875 0.26726002734375 0.53130497265625 0.306562919921875 0.533646005859375 0.334921767578125 0.611562384765625
6 0.81574792578125 0.400133146484375 0.65876619921875 0.577548689453125 0.54760593359375 0.726691865234375 0.567231076171875 0.7403916015625 0.658375486328125 0.648177876953125 0.6673943671875 0.613675177734375 0.750880646484375 0.53009760546875 0.804372591796875 0.4673724765625 0.856647314453125 0.381154193359375 0.873089548828125 0.3334692734375 0.85633073046875 0.296884265625 0.860131955078125 0.274562337890625 0.821152580078125 0.295909248046875 0.831731876953125 0.317536876953125 0.81574792578125 0.400133146484375
4 0.24163049768518519 0.6407335069444444 0.08433159722222228 0.0849971064814814
5 0.82953488671875 0.431513275390625 0.59233534375 0.713875205078125 0.617687146484375 0.723336607421875 0.84558635546875 0.454456486328125 0.82953488671875 0.431513275390625
5 0.718177947265625 0.0818043671875 0.688969185546875 0.039606390625 0.662286728515625 0.0200934296875 0.622212525390625 0.054986669921875 0.6532152421875 0.079654572265625 0.718177947265625 0.0818043671875