4 0.6611328125 0.2841796875 0.0703125 0.0859375
2 0.7568359375 0.322265625 0.1201171875 0.0654296875
3 0.5966796875 0.3720703125 0.0869140625 0.1328125
3 0.765625 0.42578125 0.0419921875 0.12890625
3 0.408931771484375 0.540771296875 0.2343671875 0.626961111328125 0.223969791015625 0.633906482421875 0.235858853515625 0.668067591796875 0.2448109375 0.665415740234375 0.248541146484375 0.64154722265625 0.408931771484375 0.564638888671875 0.414899478515625 0.57524722265625 0.422359375 0.567291666015625 0.408931771484375 0.540771296875
3 0.141210416015625 0.532212037109375 0.150241146484375 0.551634259765625 0.157701041015625 0.545740740234375 0.157701041015625 0.53690092578125 0.302757291015625 0.477967591796875 0.308144791015625 0.4875444453125 0.312703646484375 0.483861111328125 0.301099478515625 0.463234259765625 0.141210416015625 0.532212037109375
3 0.681902083984375 0.553843517578125 0.657035416015625 0.539110185546875 0.52565625 0.621617591796875 0.519103646484375 0.64949537109375 0.536431771484375 0.666553703125 0.5459640625 0.65992407421875 0.545549478515625 0.649611111328125 0.536846353515625 0.638561111328125 0.6644953125 0.556053703125 0.673613021484375 0.57299722265625 0.683974478515625 0.57152407421875 0.681902083984375 0.553843517578125
3 0.520144791015625 0.468389814453125 0.506468228515625 0.463233333984375 0.380891666015625 0.520693517578125 0.375585416015625 0.540441666015625 0.38669375 0.553843517578125 0.395811458984375 0.548687037109375 0.394982291015625 0.537637037109375 0.390009375 0.5324805546875 0.512684896484375 0.47502037109375 0.521388541015625 0.483860185546875 0.526776041015625 0.479439814453125 0.520144791015625 0.468389814453125
3 0.65973125 0.430832408203125 0.651856771484375 0.4323055546875 0.641909896484375 0.427885185546875 0.6294765625 0.433042591796875 0.545344271484375 0.478715740234375 0.532992708984375 0.483857408203125 0.541614583984375 0.49639537109375 0.554461978515625 0.4986055546875 0.554461978515625 0.486082408203125 0.643153646484375 0.440409259765625 0.656830208984375 0.447038888671875 0.665947916015625 0.444828703125 0.668848958984375 0.43967222265625 0.65973125 0.430832408203125
3 0.534049478515625 0.382262962890625 0.5158140625 0.382262962890625 0.429609375 0.415412962890625 0.417830728515625 0.425215740234375 0.427536978515625 0.437512962890625 0.436240625 0.436039814453125 0.436655208984375 0.427937037109375 0.5245171875 0.391839814453125 0.534878646484375 0.396996296875 0.545239583984375 0.39405 0.543581771484375 0.385210185546875 0.534049478515625 0.382262962890625
1 0.2482703125 0.614515740234375 0.380351041015625 0.766932408203125 0.521677083984375 0.67190277734375 0.374548958984375 0.5532981484375 0.2482703125 0.614515740234375
1 0.243061978515625 0.613487037109375 0.371647916015625 0.5532981484375 0.273009896484375 0.474475 0.166497396484375 0.519412037109375 0.243061978515625 0.613487037109375
1 0.415803646484375 0.534961111328125 0.56453125 0.641081482421875 0.664930728515625 0.571466666015625 0.514486978515625 0.48527592578125 0.415803646484375 0.534961111328125
1 0.411897396484375 0.531875 0.509203125 0.48527592578125 0.401965103515625 0.4239481484375 0.310580208984375 0.459308333984375 0.411897396484375 0.531875
1 0.544709896484375 0.473232408203125 0.695755728515625 0.55102407421875 0.7700453125 0.499641666015625 0.6199125 0.433893517578125 0.544709896484375 0.473232408203125
1 0.540369271484375 0.470917591796875 0.616804166015625 0.4349981484375 0.508011978515625 0.386378703125 0.430614583984375 0.416213888671875 0.540369271484375 0.470917591796875
6 0.605306771484375 0.65995462890625 0.636079166015625 0.64172222265625 0.654263021484375 0.627633333984375 0.665919271484375 0.6036 0.701354166015625 0.5803944453125 0.713535416015625 0.56710462890625 0.739179166015625 0.559646296875 0.769485416015625 0.5380981484375 0.802589583984375 0.51737962890625 0.8394234375 0.485058333984375 0.859005728515625 0.475112962890625 0.863202083984375 0.4560518515625 0.8673984375 0.4212444453125 0.866465625 0.37732037109375 0.860870833984375 0.331738888671875 0.849214583984375 0.30770462890625 0.823570833984375 0.308533333984375 0.803988021484375 0.330081482421875 0.844552083984375 0.334225 0.851545833984375 0.3731768515625 0.8510796875 0.430360185546875 0.847349478515625 0.4560518515625 0.822638021484375 0.470140740234375 0.788135416015625 0.49500277734375 0.743841666015625 0.525666666015625 0.7046765625 0.543071296875 0.676235416015625 0.5720768515625 0.6440640625 0.6043981484375 0.618886458984375 0.625117591796875 0.5811203125 0.630089814453125 0.538691146484375 0.64832222265625 0.453566666015625 0.723568517578125 0.36839375 0.784525 0.31244375 0.796956482421875 0.288665103515625 0.799442591796875 0.305916146484375 0.772093517578125 0.292861458984375 0.764635185546875 0.24154375 0.823275 0.264943228515625 0.815760185546875 0.2826609375 0.826534259765625 0.298047396484375 0.836478703125 0.340476041015625 0.819075 0.440253646484375 0.776809259765625 0.5129890625 0.719625 0.568006771484375 0.671557408203125 0.605306771484375 0.65995462890625
5 0.731201041015625 0.588939814453125 0.761041146484375 0.565734259765625 0.7922796875 0.559933333984375 0.8202546875 0.54170092578125 0.83284375 0.506892591796875 0.83750625 0.423188888671875 0.836573958984375 0.39832592578125 0.8570890625 0.36517592578125 0.852426041015625 0.34777222265625 0.83284375 0.373463888671875 0.83284375 0.33119722265625 0.818390103515625 0.31462222265625 0.792746353515625 0.33202592578125 0.801605208984375 0.357717591796875 0.8202546875 0.357717591796875 0.821653646484375 0.379264814453125 0.798341146484375 0.377607408203125 0.800672396484375 0.3991555546875 0.815126041015625 0.404956482421875 0.816525 0.4637981484375 0.8155921875 0.50855 0.788083853515625 0.5292694453125 0.747519791015625 0.543358333984375 0.700894791015625 0.583966666015625 0.6430796875 0.62540462890625 0.592258333984375 0.661040740234375 0.552627083984375 0.698335185546875 0.471792708984375 0.746775 0.4274984375 0.7732944453125 0.382819791015625 0.810543517578125 0.405227603515625 0.817675 0.473300521484375 0.77375092578125 0.5208578125 0.743087962890625 0.588930728515625 0.698335185546875 0.622034375 0.6618694453125 0.677984375 0.627890740234375 0.7083546875 0.616287962890625 0.731201041015625 0.588939814453125