3 0.10294056640625 0.533462130859375 0.2429408828125 0.4642481015625 0.25221512890625 0.46933335546875 0.256483935546875 0.453364787109375 0.23793530859375 0.44319627734375 0.081986822265625 0.5237904609375 0.083860462890625 0.543287951171875 0.09114329296875 0.554208509765625 0.10099040625 0.550700763671875 0.10294056640625 0.533462130859375
3 0.1624869140625 0.613609849609375 0.1783757890625 0.639638662109375 0.187090685546875 0.629078220703125 0.187854486328125 0.617621220703125 0.35494083984375 0.5266415625 0.3467167265625 0.505804306640625 0.17512989453125 0.603198701171875 0.1624869140625 0.613609849609375
3 0.4729824921875 0.618572580078125 0.486389318359375 0.5977188984375 0.472764314453125 0.585795517578125 0.59331548046875 0.5078986484375 0.6139509921875 0.510799853515625 0.6165516171875 0.492135029296875 0.590915447265625 0.483821849609375 0.45904384375 0.575304134765625 0.45382037109375 0.605592705078125 0.4729824921875 0.618572580078125
3 0.3379605078125 0.504962419921875 0.335314833984375 0.49658398828125 0.442173271484375 0.443837763671875 0.46451323828125 0.445199705078125 0.4664633984375 0.4279610703125 0.447594314453125 0.425745517578125 0.319412509765625 0.494792873046875 0.31788491015625 0.517706873046875 0.332791806640625 0.52241562109375 0.3379605078125 0.504962419921875
3 0.37692612109375 0.40113861328125 0.4638039296875 0.359703880859375 0.476201318359375 0.36600556640625 0.488082703125 0.355348513671875 0.46835969921875 0.3394392734375 0.376367330078125 0.385492880859375 0.36391523828125 0.3920255625 0.370816203125 0.408674119140625 0.37692612109375 0.40113861328125
3 0.50776110546875 0.3011696328125 0.513789568359375 0.270828392578125 0.491968845703125 0.263498326171875 0.4907813359375 0.279490453125 0.49693257421875 0.28335727734375 0.497477849609375 0.32324170703125 0.55336873828125 0.33804990625 0.543357935546875 0.38006271484375 0.573076197265625 0.390913212890625 0.582691681640625 0.3788661015625 0.56726669140625 0.369914984375 0.57122178515625 0.3226023515625 0.50776110546875 0.3011696328125
3 0.483388958984375 0.462475580078125 0.58225504296875 0.39742946875 0.59607098046875 0.406488849609375 0.6132392578125 0.3908091875 0.57123501953125 0.382481150390625 0.49140834375 0.42629807421875 0.474933216796875 0.433098958984375 0.464035904296875 0.452359705078125 0.483388958984375 0.462475580078125
4 0.6061197916666667 0.24153645833333334 0.07109375000000018 0.07473958333333336
3 0.5884765625 0.2874348958333333 0.06145833333333339 0.046875
3 0.7052734375 0.3729817708333333 0.04960937500000018 0.13164062499999996
2 0.633113396484375 0.27142728515625 0.636373193359375 0.282616044921875 0.726769740234375 0.296549501953125 0.764125517578125 0.276950494140625 0.757797421875 0.251708935546875 0.673933982421875 0.235914302734375 0.64616809765625 0.249236154296875 0.633113396484375 0.27142728515625
5 0.661099671875 0.500528431640625 0.52794617578125 0.59922534765625 0.309183177734375 0.756382064453125 0.342120046875 0.7670169921875 0.43696303125 0.70224008203125 0.508319888671875 0.65328526953125 0.59649360546875 0.58039816796875 0.63886840625 0.5576132890625 0.722636595703125 0.490723427734375 0.75478298046875 0.47717425390625 0.772090125 0.421843306640625 0.782319455078125 0.328489068359375 0.773413279296875 0.257797052734375 0.75584726171875 0.268947568359375 0.7532137890625 0.287895330078125 0.74814123828125 0.4205876328125 0.7379936484375 0.45263011328125 0.697650958984375 0.480983056640625 0.661099671875 0.500528431640625
6 0.199310583984375 0.78224116015625 0.205939158203125 0.778947984375 0.229219845703125 0.790226658203125 0.2595656796875 0.779649791015625 0.3132062109375 0.756113861328125 0.374239119140625 0.717827755859375 0.467895181640625 0.658832517578125 0.55957390234375 0.581433845703125 0.63675427734375 0.52923952734375 0.75044573828125 0.446097431640625 0.803486228515625 0.3955124375 0.8052184921875 0.261379248046875 0.787747873046875 0.271098763671875 0.7863155234375 0.3766972578125 0.629717087890625 0.502620603515625 0.43533975 0.642467625 0.304368603515625 0.732465240234375 0.23614826953125 0.758399787109375 0.235402552734375 0.722629412109375 0.186299142578125 0.773128146484375 0.199310583984375 0.78224116015625
1 0.45698469921875 0.61821346484375 0.312061392578125 0.52094637890625 0.19251716015625 0.59407510546875 0.315688478515625 0.718879861328125 0.45698469921875 0.61821346484375
1 0.214736076171875 0.454723337890625 0.106786744140625 0.5118191953125 0.187165849609375 0.59044963671875 0.31196592578125 0.52237837890625 0.214736076171875 0.454723337890625
1 0.59837576171875 0.51611610546875 0.45305657421875 0.448814751953125 0.35515386328125 0.503588212890625 0.502441880859375 0.5852426484375 0.59837576171875 0.51611610546875
1 0.339201923828125 0.40222792578125 0.256443173828125 0.441962419921875 0.354163603515625 0.501663119140625 0.4496471015625 0.451893322265625 0.339201923828125 0.40222792578125
1 0.702833669921875 0.439292119140625 0.5649341015625 0.39288165625 0.489757609375 0.43089907421875 0.627780443359375 0.4956205390625 0.702833669921875 0.439292119140625
1 0.448188072265625 0.353615763671875 0.37125283984375 0.390110751953125 0.476274462890625 0.431797951171875 0.552345783203125 0.389443970703125 0.448188072265625 0.353615763671875