1 0.610578431640625 0.74151891015625 0.752815185546875 0.574744111328125 0.617953306640625 0.513515439453125 0.457640591796875 0.6495990546875 0.610578431640625 0.74151891015625
1 0.623597173828125 0.51033557421875 0.756284951171875 0.566593193359375 0.843394662109375 0.460331103515625 0.73044381640625 0.421511794921875 0.623597173828125 0.51033557421875
1 0.41489506640625 0.620841525390625 0.568665705078125 0.496271994140625 0.468532083984375 0.454099998046875 0.304766576171875 0.553408791015625 0.41489506640625 0.620841525390625
1 0.475038658203125 0.4466023828125 0.5754285234375 0.49189858203125 0.684202482421875 0.4128733515625 0.598394533203125 0.3767112109375 0.475038658203125 0.4466023828125
1 0.27387565234375 0.5339052265625 0.43450102734375 0.434701078125 0.348548298828125 0.40431779296875 0.19147971875 0.483317802734375 0.27387565234375 0.5339052265625
1 0.357371064453125 0.402372751953125 0.43888194140625 0.440400447265625 0.54966771484375 0.373909888671875 0.478936572265625 0.345388556640625 0.357371064453125 0.402372751953125
3 0.57037019140625 0.531924861328125 0.76339421875 0.625791484375 0.784641572265625 0.594663994140625 0.58055582421875 0.50150849609375 0.57037019140625 0.531924861328125
3 0.691551791015625 0.402481376953125 0.6727044375 0.433466646484375 0.687896689453125 0.4355756484375 0.8563020546875 0.506502115234375 0.875106671875 0.47836380078125 0.864999689453125 0.459050806640625 0.691551791015625 0.402481376953125
3 0.443237798828125 0.6504525546875 0.46353751953125 0.6293376796875 0.464064755859375 0.5937492109375 0.320621013671875 0.510970939453125 0.302156517578125 0.51373960546875 0.283351357421875 0.541876958984375 0.443237798828125 0.6504525546875
3 0.6084143515625 0.509813087890625 0.623049689453125 0.49330051171875 0.616922734375 0.47517387109375 0.477082099609375 0.41661290234375 0.460109466796875 0.428997357421875 0.456611771484375 0.449281419921875 0.475080833984375 0.44375546484375 0.592664072265625 0.493678931640625 0.595611556640625 0.510571771484375 0.6084143515625 0.509813087890625
3 0.576641873046875 0.387956716796875 0.574599830078125 0.363899171875 0.467186853515625 0.329017328125 0.44958294140625 0.3300605234375 0.438002138671875 0.349081576171875 0.451561705078125 0.35838944140625 0.457205 0.355210603515625 0.55971141796875 0.39749425390625 0.576641873046875 0.387956716796875
3 0.414060181640625 0.29945276953125 0.350571494140625 0.321704779296875 0.3453907578125 0.34761354296875 0.352970654296875 0.37560955078125 0.343326787109375 0.379026451171875 0.331155287109375 0.391125400390625 0.352569947265625 0.402657263671875 0.375270783203125 0.3814001015625 0.3717547265625 0.34889565234375 0.433663943359375 0.325315033203125 0.442679474609375 0.259419720703125 0.43084384375 0.245833447265625 0.417072330078125 0.25802820703125 0.414060181640625 0.29945276953125
3 0.19710192578125 0.481562423828125 0.229467703125 0.455465896484375 0.216127017578125 0.330448513671875 0.176869123046875 0.336264880859375 0.19185932421875 0.457694541015625 0.19710192578125 0.481562423828125
6 0.6964918359375 0.77056276171875 0.639868794921875 0.761117322265625 0.527802318359375 0.716555775390625 0.446585974609375 0.64029867578125 0.355976908203125 0.604421044921875 0.27067509375 0.534094888671875 0.179413646484375 0.488300451171875 0.125781681640625 0.4388529140625 0.10794718359375 0.40150812890625 0.116751099609375 0.292892529296875 0.103295939453125 0.283733412109375 0.093839921875 0.328385244140625 0.086447595703125 0.395671130859375 0.09524843359375 0.44919654296875 0.1545026171875 0.496887708984375 0.25351266796875 0.5592904765625 0.349216703125 0.629001201171875 0.493352306640625 0.721442669921875 0.601143501953125 0.784747283203125 0.691921306640625 0.80923525390625 0.738313822265625 0.800058314453125 0.75092521484375 0.76591487109375 0.70565202734375 0.74584137890625 0.6964918359375 0.77056276171875
5 0.29072033984375 0.584109544921875 0.21409423046875 0.521802529296875 0.18922537890625 0.527542869140625 0.1497015 0.49717221875 0.149092150390625 0.430360505859375 0.15471716796875 0.32051008203125 0.133449568359375 0.2990140390625 0.114959890625 0.359846498046875 0.124685017578125 0.512877765625 0.23464478515625 0.591699171875 0.404111814453125 0.701129234375 0.55547018359375 0.791720478515625 0.600848251953125 0.80467670703125 0.6003856796875 0.7819477734375 0.422937505859375 0.671568455078125 0.29072033984375 0.584109544921875
2 0.139345935546875 0.278752697265625 0.134101935546875 0.30893183984375 0.17941730078125 0.32615841015625 0.280373771484375 0.288901099609375 0.27720920703125 0.25493772265625 0.250171783203125 0.24516126953125 0.139345935546875 0.278752697265625
4 0.2876339296875 0.19885080859375 0.272576810546875 0.243833564453125 0.286410734375 0.281416416015625 0.345590583984375 0.257227833984375 0.36244999609375 0.221440240234375 0.343731146484375 0.189836697265625 0.2876339296875 0.19885080859375