5 0.803597724609375 0.887287513671875 0.840962650390625 0.84311840234375 0.886255580078125 0.8269271015625 0.93273390625 0.843368904296875 0.97053537109375 0.882341212890625 0.985734087890625 0.92643874609375 0.985786330078125 0.92979314453125 0.987415935546875 0.819794732421875 0.984090162109375 0.81214866015625 0.92126991015625 0.77243282421875 0.850387810546875 0.7700775234375 0.796461455078125 0.805828392578125 0.745742201171875 0.850394224609375 0.714616658203125 0.867650576171875 0.744349783203125 0.948078287109375 0.769505923828125 0.935815154296875 0.7690235703125 0.912070171875 0.803597724609375 0.887287513671875
6 0.65022033203125 0.65276066796875 0.63460162109375 0.693316833984375 0.595831798828125 0.719708634765625 0.547924751953125 0.743401515625 0.456173107421875 0.798092072265625 0.460454986328125 0.846967541015625 0.489054443359375 0.831270861328125 0.546341384765625 0.793935595703125 0.594182990234375 0.774699126953125 0.634575982421875 0.807655349609375 0.65660831640625 0.784729125 0.64760438671875 0.7166898046875 0.681344044921875 0.691931873046875 0.721716845703125 0.6699470546875 0.748714314453125 0.653472478515625 0.745594833984375 0.635086505859375 0.70803364453125 0.6361994296875 0.65022033203125 0.65276066796875
5 0.371700119140625 0.58676771484375 0.337610134765625 0.578868837890625 0.394721017578125 0.553417388671875 0.455259076171875 0.52192612890625 0.440059779296875 0.477828615234375 0.367001888671875 0.509691869140625 0.330011681640625 0.5286068125 0.305057685546875 0.57983335546875 0.3118210703125 0.6301190859375 0.38156113671875 0.65329681640625 0.44479895703125 0.66478756640625 0.4622174765625 0.6716955859375 0.46373117578125 0.738472013671875 0.467706755859375 0.751718681640625 0.494325228515625 0.760551279296875 0.51407627734375 0.719161369140625 0.509049744140625 0.60794219921875 0.43493851953125 0.59825844921875 0.371700119140625 0.58676771484375
5 0.6600685078125 0.382215146484375 0.63269970703125 0.371146435546875 0.5967640859375 0.375180845703125 0.561619513671875 0.382162501953125 0.529658890625 0.39944359765625 0.500401005859375 0.4032801484375 0.52317799609375 0.442697625 0.551733439453125 0.42997190234375 0.586988611328125 0.415563876953125 0.6178720625 0.4146488125 0.648667484375 0.41967565625 0.64888575390625 0.461246365234375 0.6582712109375 0.46743846484375 0.673860509765625 0.464961884765625 0.679352853515625 0.432130921875 0.676475873046875 0.401032765625 0.6600685078125 0.382215146484375
5 0.502972630859375 0.190259083984375 0.519836537109375 0.2095577734375 0.5296841796875 0.233189095703125 0.515748291015625 0.23525273828125 0.513648859375 0.251813921875 0.534442640625 0.256146880859375 0.546316501953125 0.23682206640625 0.54399907421875 0.20554246484375 0.52858734375 0.18207496875 0.508953037109375 0.162033001953125 0.485206791015625 0.137988126953125 0.466439087890625 0.122045228515625 0.445804275390625 0.106981978515625 0.435211373046875 0.133695037109375 0.43064645703125 0.160228451171875 0.431341310546875 0.175881478515625 0.441244970703125 0.176111666015625 0.449829865234375 0.14811118359375 0.464997826171875 0.156735580078125 0.480617423828125 0.16617195703125 0.502972630859375 0.190259083984375
6 0.48371227734375 0.332720771484375 0.455168794921875 0.35089084375 0.419463083984375 0.351948791015625 0.39566659765625 0.362553052734375 0.37638537109375 0.381273017578125 0.37848405078125 0.396060123046875 0.3999122890625 0.3888254140625 0.429676193359375 0.3821690859375 0.450176521484375 0.40631013671875 0.472617330078125 0.424619255859375 0.494643923828125 0.408293001953125 0.48811615234375 0.379613203125 0.4990995546875 0.35783868359375 0.514975923828125 0.349943109375 0.54571588671875 0.339958478515625 0.545948205078125 0.324276943359375 0.52284789453125 0.319186962890625 0.48371227734375 0.332720771484375
7 0.5942708333333333 0.47436342592592595 0.01591435185185186 0.019994212962962887
7 0.5746527777777778 0.4808015046296296 0.014019097222222276 0.023842592592592582
7 0.5790653935185186 0.4465060763888889 0.015972222222222054 0.023900462962963
7 0.5604094328703704 0.4538917824074074 0.01396122685185186 0.019936342592592582
7 0.49307725694444443 0.518359375 0.017925347222222165 0.023958333333333304
7 0.46948061342592595 0.5297960069444445 0.016030092592592693 0.027806712962962887
7 0.4798394097222222 0.4894675925925926 0.016001157407407374 0.025853587962963
7 0.45825376157407405 0.4969401041666667 0.016030092592592693 0.027806712962962887