6 0.3328390625 0.428061111328125 0.293301041015625 0.4399944453125 0.2955390625 0.500990740234375 0.369393228515625 0.520881482421875 0.426089583984375 0.47314537109375 0.485769791015625 0.352478703125 0.514117708984375 0.339218517578125 0.561115625 0.385628703125 0.605876041015625 0.455906482421875 0.636469791015625 0.469091666015625 0.660333853515625 0.394911111328125 0.6185578125 0.35115277734375 0.532767708984375 0.2888305546875 0.48129375 0.298112037109375 0.393265625 0.441321296875 0.370885416015625 0.441321296875 0.3328390625 0.428061111328125
5 0.715538021484375 0.555357408203125 0.6827140625 0.558009259765625 0.693158333984375 0.61502777734375 0.705094271484375 0.6428731484375 0.700618228515625 0.690609259765625 0.681968228515625 0.697239814453125 0.654366146484375 0.67469722265625 0.643176041015625 0.628287037109375 0.6319859375 0.520881482421875 0.6163203125 0.474471296875 0.582003646484375 0.436016666015625 0.5573859375 0.48110092578125 0.599161978515625 0.500990740234375 0.6133359375 0.625635185546875 0.640938021484375 0.70519537109375 0.663318228515625 0.75027962890625 0.7065859375 0.74497592578125 0.734934375 0.690609259765625 0.732696353515625 0.61237592578125 0.715538021484375 0.555357408203125
7 0.521484375 0.6689453125 0.03515625 0.0654296875
7 0.4580078125 0.658203125 0.03515625 0.0625
7 0.419921875 0.6240234375 0.0302734375 0.05859375
7 0.7470703125 0.5 0.037109375 0.0625
7 0.7001953125 0.4736328125 0.041015625 0.0654296875
7 0.546875 0.4384765625 0.025390625 0.046875
7 0.5107421875 0.4150390625 0.0244140625 0.046875
7 0.46484375 0.4072265625 0.01953125 0.033203125
7 0.822265625 0.6904296875 0.03125 0.1025390625
3 0.811772396484375 0.4864055546875 0.827438541015625 0.489057408203125 0.999479166015625 0.64817777734375 0.999479166015625 0.4864055546875 0.796852603515625 0.336566666015625 0.751346353515625 0.413475 0.754178125 0.435758333984375 0.811772396484375 0.4864055546875