1 0.6611328125 0.28125 0.068359375 0.068359375
2 0.822216146484375 0.339218517578125 0.819232291015625 0.3166768515625 0.720759896484375 0.2888305546875 0.696888021484375 0.298112037109375 0.693761458984375 0.320943517578125 0.787900521484375 0.352478703125 0.822216146484375 0.339218517578125
1 0.247928125 0.613536111328125 0.3783453125 0.77017037109375 0.5253078125 0.669393517578125 0.376107291015625 0.554031482421875 0.247928125 0.613536111328125
1 0.162751041015625 0.51955462890625 0.243761458984375 0.613536111328125 0.3679015625 0.555357408203125 0.27838125 0.474471296875 0.162751041015625 0.51955462890625
1 0.417719791015625 0.535758333984375 0.565591666015625 0.64154722265625 0.667047916015625 0.57524722265625 0.512626041015625 0.4877305546875 0.417719791015625 0.535758333984375
1 0.3141890625 0.459885185546875 0.412511458984375 0.53205462890625 0.5103875 0.4864055546875 0.404455728515625 0.424082408203125 0.3141890625 0.459885185546875
1 0.546886458984375 0.47464722265625 0.700618228515625 0.555357408203125 0.7707421875 0.503642591796875 0.623033853515625 0.433364814453125 0.546886458984375 0.47464722265625
1 0.543761458984375 0.47279537109375 0.617066146484375 0.436016666015625 0.5036734375 0.38695462890625 0.432057291015625 0.4161268515625 0.543761458984375 0.47279537109375
6 0.5067140625 0.72429907421875 0.545613021484375 0.68925462890625 0.57865 0.662735185546875 0.600497396484375 0.659893517578125 0.622344271484375 0.6513694453125 0.655381771484375 0.626743517578125 0.664440103515625 0.606853703125 0.6900171875 0.58980462890625 0.718258853515625 0.563284259765625 0.756624478515625 0.550025 0.782734896484375 0.530134259765625 0.817903125 0.504562037109375 0.842947916015625 0.4770944453125 0.861064583984375 0.46667592578125 0.866393228515625 0.45057407421875 0.866393228515625 0.419318517578125 0.8669265625 0.387115740234375 0.862663541015625 0.3407055546875 0.858400521484375 0.320814814453125 0.842947916015625 0.305661111328125 0.822698958984375 0.313237962890625 0.822698958984375 0.328392591796875 0.841348958984375 0.3359694453125 0.85200625 0.361542591796875 0.8536046875 0.394692591796875 0.8541375 0.430684259765625 0.8514734375 0.451521296875 0.841881771484375 0.4581518515625 0.820034896484375 0.471411111328125 0.792858853515625 0.495089814453125 0.761953125 0.51592777734375 0.738507291015625 0.529187037109375 0.711864583984375 0.54244722265625 0.6857546875 0.561389814453125 0.656447396484375 0.58222777734375 0.63673125 0.613483333984375 0.6154171875 0.631478703125 0.589840103515625 0.6333731484375 0.5584015625 0.6475805546875 0.5269625 0.670312037109375 0.496056771484375 0.701567591796875 0.46888125 0.72429907421875 0.429449478515625 0.7555555546875 0.394280728515625 0.771656482421875 0.356980728515625 0.784916666015625 0.3079578125 0.803859259765625 0.288775 0.801018517578125 0.301563541015625 0.7744981484375 0.2893078125 0.767868517578125 0.264263541015625 0.7906 0.238103646484375 0.808611111328125 0.244547916015625 0.82280277734375 0.2706578125 0.809542591796875 0.293038021484375 0.83037962890625 0.311155208984375 0.83037962890625 0.362309375 0.818066666015625 0.4177265625 0.785863888671875 0.4672828125 0.75650277734375 0.5067140625 0.72429907421875
5 0.716127603515625 0.611588888671875 0.726784375 0.5907518515625 0.752361978515625 0.572756482421875 0.758222916015625 0.563284259765625 0.771544791015625 0.565178703125 0.7955234375 0.5576018515625 0.8168375 0.54244722265625 0.829626041015625 0.5244518515625 0.8338890625 0.486565740234375 0.839217708984375 0.4259481484375 0.839217708984375 0.390903703125 0.855736458984375 0.371961111328125 0.855736458984375 0.34922962890625 0.845611978515625 0.3596481484375 0.8328234375 0.378590740234375 0.8338890625 0.3426 0.823764583984375 0.319867591796875 0.810976041015625 0.324603703125 0.800319271484375 0.343546296875 0.8131078125 0.354912962890625 0.821633333984375 0.378590740234375 0.800319271484375 0.378590740234375 0.801917708984375 0.4022694453125 0.821633333984375 0.411741666015625 0.819502083984375 0.470464814453125 0.81896875 0.505508333984375 0.806713541015625 0.52539907421875 0.78166875 0.531081482421875 0.749697396484375 0.5433944453125 0.711864583984375 0.57559722265625 0.694813021484375 0.597381482421875 0.661776041015625 0.61727222265625 0.622344271484375 0.639056482421875 0.57865 0.673153703125 0.567459896484375 0.696832408203125 0.538152603515625 0.719563888671875 0.5077796875 0.7233518515625 0.475275521484375 0.7470305546875 0.421456771484375 0.78112777734375 0.384680728515625 0.807287962890625 0.409201041015625 0.8171194453125 0.500852603515625 0.754608333984375 0.533890103515625 0.739453703125 0.582913021484375 0.711987037109375 0.594103125 0.693043517578125 0.658045833984375 0.640003703125 0.694280208984375 0.628637962890625 0.716127603515625 0.611588888671875
3 0.396263541015625 0.546236111328125 0.223084896484375 0.63242592578125 0.235871353515625 0.665753703125 0.246530208984375 0.659893517578125 0.246530208984375 0.6428444453125 0.410117708984375 0.561389814453125 0.415979166015625 0.568967591796875 0.421840625 0.568967591796875 0.414913541015625 0.54907777734375 0.40425625 0.544341666015625 0.396263541015625 0.546236111328125
3 0.682408333984375 0.571809259765625 0.681875521484375 0.552865740234375 0.6552328125 0.5415 0.525215625 0.6239018515625 0.519353646484375 0.65252592578125 0.535339583984375 0.668417591796875 0.548128125 0.661787962890625 0.5465296875 0.646633333984375 0.538536978515625 0.640003703125 0.664291146484375 0.555707408203125 0.669619791015625 0.565178703125 0.6717515625 0.57559722265625 0.682408333984375 0.571809259765625
3 0.2928078125 0.465793517578125 0.141377603515625 0.53480092578125 0.1489359375 0.551984259765625 0.156396353515625 0.551984259765625 0.157994791015625 0.534935185546875 0.302399478515625 0.478106482421875 0.3082609375 0.491366666015625 0.3125234375 0.485683333984375 0.301866666015625 0.46389907421875 0.2928078125 0.465793517578125
3 0.5250328125 0.469662962890625 0.515441146484375 0.4649268515625 0.504783853515625 0.463032408203125 0.3795625 0.5217555546875 0.3735203125 0.540092591796875 0.384358333984375 0.552064814453125 0.3966140625 0.54827592578125 0.395015103515625 0.537857408203125 0.390752603515625 0.5312268515625 0.511178646484375 0.4743981484375 0.522368228515625 0.485763888671875 0.5282296875 0.480081482421875 0.5250328125 0.469662962890625
3 0.652944271484375 0.4339481484375 0.641754166015625 0.429212037109375 0.632695833984375 0.430159259765625 0.532002603515625 0.48982777734375 0.550635416015625 0.497406482421875 0.554365625 0.488882408203125 0.643885416015625 0.44057777734375 0.657207291015625 0.447207408203125 0.668397396484375 0.446261111328125 0.668397396484375 0.437736111328125 0.657207291015625 0.430159259765625 0.652944271484375 0.4339481484375
3 0.437136458984375 0.435841666015625 0.439268228515625 0.42637037109375 0.52239375 0.39132592578125 0.534649478515625 0.39985092578125 0.547627603515625 0.398557408203125 0.533051041015625 0.379012962890625 0.5197296875 0.3771194453125 0.433406771484375 0.417846296875 0.4264796875 0.41500462890625 0.416888021484375 0.42637037109375 0.423815103515625 0.4339481484375 0.437136458984375 0.435841666015625
3 0.618841146484375 0.4102694453125 0.6252359375 0.389431482421875 0.623104166015625 0.3667 0.564489583984375 0.344915740234375 0.563956771484375 0.311765740234375 0.550102603515625 0.303241666015625 0.546883333984375 0.3139018515625 0.5559640625 0.31555462890625 0.5559640625 0.361964814453125 0.614578646484375 0.380907408203125 0.616177083984375 0.390378703125 0.607651041015625 0.4159518515625 0.633228646484375 0.432053703125 0.638024478515625 0.42447592578125 0.618841146484375 0.4102694453125
3 0.765377603515625 0.493617591796875 0.766976041015625 0.478463888671875 0.7589828125 0.470886111328125 0.77070625 0.450996296875 0.769640103515625 0.403638888671875 0.766976041015625 0.398903703125 0.767508853515625 0.38374907421875 0.781895833984375 0.387537962890625 0.782746353515625 0.368134259765625 0.770172916015625 0.363859259765625 0.755253125 0.369541666015625 0.757384375 0.40742777734375 0.7579171875 0.445313888671875 0.746727083984375 0.470886111328125 0.750457291015625 0.484146296875 0.765377603515625 0.493617591796875