5 0.3253255208333333 0.79296875 0.19687500000000002 0.19921875
5 0.6740885416666667 0.6044921875 0.09479166666666661 0.07421875
6 0.4412109375 0.5537109375 0.15585937500000002 0.228515625
7 0.26796875 0.7529296875 0.036588541666666696 0.021484375
7 0.20664062500000002 0.78515625 0.03671875000000002 0.0234375
7 0.2508463541666667 0.73046875 0.03671875000000002 0.0234375
7 0.1875 0.76171875 0.04062500000000002 0.0234375
7 0.0681640625 0.6123046875 0.05247395833333332 0.025390625
7 0.16731770833333331 0.6201171875 0.04843750000000002 0.0234375
7 0.14856770833333333 0.587890625 0.050651041666666674 0.02734375
7 0.09381510416666666 0.6455078125 0.044921875 0.029296875