3 0.3141890625 0.461211111328125 0.173969791015625 0.52649907421875 0.176925 0.54474907421875 0.184384896484375 0.555357408203125 0.193336978515625 0.5527055546875 0.1940828125 0.536793517578125 0.320157291015625 0.48110092578125 0.329109375 0.4864055546875 0.332093228515625 0.471818517578125 0.3141890625 0.461211111328125
3 0.254509375 0.61502777734375 0.270921353515625 0.640221296875 0.27838125 0.630939814453125 0.27838125 0.620331482421875 0.428327603515625 0.546075 0.419375521484375 0.526185185546875 0.265636458984375 0.606128703125 0.254509375 0.61502777734375
3 0.668540103515625 0.54740092578125 0.669803125 0.53020277734375 0.6454140625 0.520881482421875 0.528291666015625 0.597788888671875 0.5253078125 0.625635185546875 0.5439578125 0.63889537109375 0.555147916015625 0.620331482421875 0.541719791015625 0.60839722265625 0.64914375 0.5434231484375 0.668540103515625 0.54740092578125
3 0.526053646484375 0.461211111328125 0.508344791015625 0.4579805546875 0.393265625 0.51425092578125 0.393265625 0.535467591796875 0.407439583984375 0.540771296875 0.411169271484375 0.524859259765625 0.408185416015625 0.51690277734375 0.504419791015625 0.474471296875 0.5253078125 0.4771231484375 0.526053646484375 0.461211111328125
3 0.531275521484375 0.404192591796875 0.541678125 0.395017591796875 0.522323958984375 0.3789981484375 0.439517708984375 0.4161268515625 0.428327603515625 0.4214305546875 0.4357875 0.437342591796875 0.441009375 0.430712962890625 0.519339583984375 0.397562962890625 0.531275521484375 0.404192591796875
3 0.6163203125 0.413475 0.617066146484375 0.369716666015625 0.556639583984375 0.3458481484375 0.560369791015625 0.31800277734375 0.539594791015625 0.309832408203125 0.539481771484375 0.324632408203125 0.54545 0.328610185546875 0.548433853515625 0.365738888671875 0.6014 0.3829768515625 0.5946859375 0.4214305546875 0.623033853515625 0.433364814453125 0.631240103515625 0.422756482421875 0.6163203125 0.413475
3 0.6454140625 0.4492768515625 0.660428125 0.435758333984375 0.620795833984375 0.425408333984375 0.5491796875 0.461211111328125 0.534259896484375 0.466514814453125 0.5253078125 0.48375277734375 0.5439578125 0.494361111328125 0.6319859375 0.4399944453125 0.6454140625 0.4492768515625
4 0.64453125 0.296875 0.0625 0.06640625
3 0.630859375 0.3388671875 0.0537109375 0.0390625
3 0.7451171875 0.4248046875 0.0380859375 0.1181640625
2 0.671523958984375 0.325958333984375 0.675254166015625 0.336566666015625 0.7602984375 0.3551305546875 0.793868228515625 0.339218517578125 0.786408333984375 0.31535 0.707332291015625 0.295460185546875 0.682303125 0.306128703125 0.671523958984375 0.325958333984375
5 0.515609896484375 0.71447777734375 0.579019791015625 0.673371296875 0.656604166015625 0.61104907421875 0.69465 0.592485185546875 0.768504166015625 0.535467591796875 0.7975984375 0.524859259765625 0.810280208984375 0.474471296875 0.814010416015625 0.3882805546875 0.801328125 0.3219805546875 0.7856625 0.331262037109375 0.784386458984375 0.348721296875 0.787900521484375 0.471818517578125 0.780440103515625 0.500990740234375 0.744632291015625 0.524859259765625 0.711808333984375 0.540771296875 0.593940103515625 0.624309259765625 0.3999796875 0.756910185546875 0.431311458984375 0.768843517578125 0.515609896484375 0.71447777734375
6 0.541719791015625 0.67602407421875 0.622288021484375 0.6097231484375 0.690919791015625 0.565964814453125 0.791630208984375 0.495687037109375 0.837882291015625 0.451928703125 0.831168228515625 0.327284259765625 0.815502603515625 0.335240740234375 0.820724478515625 0.433364814453125 0.6827140625 0.540771296875 0.5103875 0.658785185546875 0.394011458984375 0.734367591796875 0.332093228515625 0.754258333984375 0.329178125 0.720943517578125 0.286586978515625 0.764865740234375 0.299269271484375 0.7741481484375 0.3052375 0.771496296875 0.3276171875 0.78342962890625 0.355219271484375 0.77547407421875 0.403709375 0.756910185546875 0.458167708984375 0.725086111328125 0.541719791015625 0.67602407421875
1 0.281261458984375 0.598721296875 0.403709375 0.722434259765625 0.529038021484375 0.6375694453125 0.38804375 0.5381194453125 0.281261458984375 0.598721296875
1 0.276053125 0.595017591796875 0.38804375 0.53944537109375 0.293301041015625 0.470493517578125 0.196320833984375 0.51690277734375 0.276053125 0.595017591796875
1 0.427094791015625 0.52464722265625 0.569321875 0.6097231484375 0.654366146484375 0.55137962890625 0.514863541015625 0.479775 0.427094791015625 0.52464722265625
1 0.426053125 0.52279537109375 0.5118796875 0.4824268515625 0.405947396484375 0.429387037109375 0.331347396484375 0.461211111328125 0.426053125 0.52279537109375
1 0.547928125 0.465387962890625 0.680476041015625 0.534140740234375 0.7468703125 0.4864055546875 0.615573958984375 0.434690740234375 0.547928125 0.465387962890625
1 0.535428125 0.465387962890625 0.603638021484375 0.430712962890625 0.504419791015625 0.390932408203125 0.435041666015625 0.42010462890625 0.535428125 0.465387962890625