0 0.410604001953125 0 0.165895935546875 0.376122392578125 0.108665443359375 0.380761861328125 0.027768251953125 0.412513677734375 0 0.4379702109375 0 0.48195005078125 0.02491740234375 0.79737846484375 0.09659009765625 0.823077748046875 0.225025517578125 0.813690130859375 0.2535178671875 0.8225005390625 0.637124013671875 0.710436734375 0.733609029296875 0.55408825 0.580722501953125 0.009097560546875 0.576201439453125 0 0.410604001953125 0
7 0.6865813078703704 0.6052734375 0.02358217592592604 0.02109374999999991
7 0.7163990162037037 0.5330078125 0.02553530092592604 0.021223958333333126
7 0.6938657407407407 0.4125 0.03917824074074083 0.01822916666666674
7 0.6614800347222223 0.3043619791666667 0.02358217592592604 0.021093750000000022
7 0.6519458912037037 0.6690755208333334 0.02753182870370363 0.027213541666666785
7 0.6077690972222223 0.7032552083333334 0.027473958333333215 0.019401041666666785
7 0.5569010416666667 0.7183593749999999 0.02748842592592604 0.021354166666666785
7 0.5099392361111111 0.733203125 0.02358217592592582 0.02109374999999991
7 0.4649450231481482 0.7459635416666667 0.01967592592592593 0.02083333333333326
7 0.4267867476851852 0.7582682291666667 0.025506365740740833 0.017317708333333348
7 0.3964554398148148 0.7680989583333333 0.01963252314814823 0.014973958333333481
7 0.36711516203703703 0.7759114583333333 0.019632523148148118 0.014973958333333481
7 0.3397280092592593 0.7835937500000001 0.019618055555555625 0.013020833333333481
7 0.31525607638888886 0.7930338541666666 0.01572627314814823 0.014713541666666607
7 0.640574363425926 0.22766927083333333 0.01967592592592604 0.02083333333333337
7 0.6186487268518519 0.15690104166666669 0.02358217592592604 0.021093750000000022
7 0.5995949074074074 0.09375 0.03139467592592604 0.021614583333333326
7 0.5601056134259259 0.02220052083333333 0.02748842592592604 0.021354166666666667