3 0.747975 0.645441666015625 0.743312759765625 0.57251157421875 0.725595052734375 0.562566666015625 0.711607552734375 0.496266203125 0.45050703125 0.110067591796875 0.19686640625 0.100122685546875 0.181946353515625 0.08354722265625 0.189406509765625 0.0371375 0.162775 0.04701342578125 0.153038802734375 0.085205091796875 0.177284115234375 0.1283 0.433722134765625 0.138244908203125 0.67151015625 0.49792407421875 0.6873625 0.5841143515625 0.723730208984375 0.62223657421875 0.743312759765625 0.6238944453125 0.747975 0.645441666015625
3 0.432789322265625 0.74489212890625 0.390827083984375 0.73660462890625 0.390827083984375 0.75317962890625 0.3162265625 0.7482069453125 0.306901822265625 0.637154166015625 0.330214322265625 0.45151342578125 0.302239322265625 0.41007592578125 0 0.400131017578125 0.005222916015625 0.449791203125 0.289184115234375 0.463116203125 0.264006509765625 0.628866666015625 0.2742640625 0.774727314453125 0.313429166015625 0.81119212890625 0.38989453125 0.8045625 0.398286978515625 0.81782222265625 0.429991927734375 0.81947962890625 0.432789322265625 0.74489212890625
3 0.999739583984375 0.6006893515625 0.803925521484375 0.030507408203125 0.76942265625 0.028849537109375 0.761030208984375 0.06034212890625 0.940070572265625 0.6421268515625 0.82164296875 0.643784259765625 0.693890103515625 0.668646759765625 0.652859896484375 0.671962037109375 0.615559896484375 0.68687962890625 0.606234896484375 0.75980972265625 0.6159 0.824791203125 0.67151015625 0.806219908203125 0.67151015625 0.758152314453125 0.692025 0.75317962890625 0.8235078125 0.72831712890625 0.966180728515625 0.7250018515625 0.998818228515625 0.680249537109375 0.999739583984375 0.6006893515625
5 0.8328328125 0.09183472265625 0.996020833984375 0.53936157421875 0.998818228515625 0.403445833984375 0.871997916015625 0.085205091796875 0.8468203125 0.047082408203125 0.802992708984375 0 0.76043125 0.005346759765625 0.8328328125 0.09183472265625
5 0.68549765625 0.6504143515625 0.729325 0.6321819453125 0.745177603515625 0.570854166015625 0.731190103515625 0.45980092578125 0.69948515625 0.313940740234375 0.678970052734375 0.201230091796875 0.660319791015625 0.100122685546875 0.6407375 0.047082408203125 0.631525 0.056272685546875 0.63793984375 0.108410185546875 0.655657291015625 0.166422685546875 0.678970052734375 0.303995833984375 0.705079947265625 0.463116203125 0.725595052734375 0.53107407421875 0.723730208984375 0.570854166015625 0.6780375 0.620579166015625 0.68549765625 0.6504143515625
5 0.519512240234375 0.478033796875 0.50738984375 0.2410106484375 0.50738984375 0.110067591796875 0.493402083984375 0.03547962890625 0.4830875 0.056272685546875 0.488739583984375 0.115039814453125 0.488739583984375 0.2923930546875 0.493402083984375 0.487978703125 0.449574740234375 0.607318982421875 0.4672921875 0.645441666015625 0.479414583984375 0.612291666015625 0.512984634765625 0.53107407421875 0.519512240234375 0.478033796875
5 0.277994009765625 0.52278657421875 0.303171615234375 0.408418517578125 0.349796875 0.06697222265625 0.37761875 0.06321712890625 0.33301171875 0.048739814453125 0.308766666015625 0.23769537109375 0.2696015625 0.469746296875 0.222044009765625 0.562566666015625 0.216448958984375 0.63052407421875 0.238829166015625 0.637154166015625 0.277994009765625 0.52278657421875
5 0.075641146484375 0.478033796875 0.12692890625 0.2990231484375 0.18287890625 0.116697685546875 0.20619140625 0.06697222265625 0.235691666015625 0.042383796875 0.217381509765625 0.02553472265625 0.179148958984375 0.05205462890625 0.118536197265625 0.216147685546875 0.045801302734375 0.448198611328125 0 0.483006482421875 0.008501041015625 0.554279166015625 0.075641146484375 0.478033796875
5 0.068359375 0.2392578125 0.0185546875 0.033203125
7 0.19140625 0.24609375 0.0146484375 0.0283203125
7 0.2548828125 0.2490234375 0.017578125 0.0205078125
7 0.376953125 0.25390625 0.017578125 0.0302734375
7 0.439453125 0.2587890625 0.0166015625 0.0244140625
7 0.6171875 0.26171875 0.0166015625 0.021484375
7 0.73828125 0.265625 0.0166015625 0.0263671875
6 0.6071671875 0.277475462890625 0.592247396484375 0.2095180546875 0.587584896484375 0.123327314453125 0.584787240234375 0.0537125 0.553082291015625 0.0537125 0.560542447265625 0.078575 0.569867447265625 0.111725 0.570799740234375 0.18134027734375 0.584787240234375 0.2841055546875 0.598775 0.496266203125 0.6071671875 0.567538888671875 0.63793984375 0.552621759765625 0.6220875 0.433281017578125 0.6071671875 0.277475462890625
6 0.829102865234375 0.280790740234375 0.767557552734375 0.0868625 0.756525 0.100254166015625 0.765692708984375 0.15647777734375 0.79273515625 0.2575856484375 0.802992708984375 0.345433333984375 0.816047916015625 0.491293517578125 0.833765365234375 0.594059259765625 0.8514828125 0.627209259765625 0.852415365234375 0.46808842578125 0.829102865234375 0.280790740234375