0 1 0.534241736328125 0.979809037109375 0.515411591796875 0.648783693359375 0.2930236796875 0.614481560546875 0.271832375 0.6030221328125 0.21413091015625 0.57072602734375 0.144578412109375 0.55122833203125 0.118470099609375 0.43063408984375 0.139446302734375 0.4127705546875 0.12462377734375 0.32655963671875 0.135553765625 0.328193794921875 0.146839552734375 0.216414171875 0.15748625 0.20241443359375 0.174034236328125 0.18580452734375 0.2184771328125 0.19456655859375 0.325989203125 0.195009521484375 0.3643028125 0.185608498046875 0.37749873046875 0.277069009765625 0.782324955078125 0.421649544921875 0.869603865234375 0.478356400390625 0.86992291796875 0.976701705078125 0.667464193359375 1 0.66356892578125 1 0.534241736328125
7 0.31524884259259256 0.7903862847222223 0.0170717592592593 0.020225694444444553
7 0.3745659722222222 0.8240017361111112 0.02155671296296302 0.028211805555555358
7 0.44202112268518523 0.8484375 0.01721643518518512 0.022178819444444553
7 0.5601851851851851 0.8167317708333334 0.02126736111111116 0.02430555555555558
7 0.6641710069444444 0.7787977430555555 0.0194589120370372 0.026171875000000178
7 0.7376302083333334 0.7520182291666666 0.01750578703703698 0.026085069444444553
7 0.8054470486111112 0.7284288194444444 0.01931423611111116 0.024218750000000178
7 0.8660662615740741 0.7002604166666666 0.0170717592592593 0.020225694444444553
7 0.9386574074074074 0.6617621527777777 0.01721643518518512 0.022178819444444553
7 0.28548177083333337 0.7456597222222222 0.02560763888888884 0.030338541666666607
7 0.2729311342592593 0.6952690972222222 0.02546296296296302 0.028385416666666607
7 0.25911458333333337 0.6410156250000001 0.0170717592592593 0.020225694444444553
7 0.2479021990740741 0.5954644097222221 0.017939814814814825 0.03194444444444455
7 0.23817274305555555 0.5567057291666666 0.017071759259259245 0.020225694444444553
7 0.23119212962962965 0.5286024305555554 0.0170717592592593 0.020225694444444553
7 0.22280092592592593 0.4946831597222222 0.016927083333333315 0.018272569444444553
7 0.21596498842592593 0.4685329861111111 0.013165509259259245 0.020052083333333304
7 0.20912905092592593 0.4423828125 0.01482928240740744 0.01623263888888893
7 0.20482494212962965 0.4239583333333333 0.0131655092592593 0.020052083333333304
7 0.19947193287037035 0.40460069444444446 0.01063368055555558 0.01215277777777779