6 0.439257220703125 0.6241559140625 0.43942834765625 0.647258064453125 0.42602805859375 0.686531720703125 0.43865160546875 0.727345162109375 0.501613458984375 0.7250349453125 0.521586029296875 0.64879838671875 0.471864744140625 0.590273119140625 0.346819498046875 0.5286677421875 0.33291153515625 0.499405376953125 0.38047091015625 0.4508913984375 0.452690798828125 0.40468709765625 0.466070634765625 0.373106451171875 0.389296384765625 0.348472580078125 0.34443512890625 0.391596236328125 0.280743119140625 0.480153763671875 0.290719880859375 0.533288171875 0.439257220703125 0.6241559140625
5 0.709814671875 0.3684940859375 0.7561932578125 0.345391935546875 0.750386318359375 0.300728494140625 0.694035712890625 0.271465591796875 0.61327653515625 0.273775806640625 0.554535841796875 0.291487634765625 0.557524873046875 0.3253704296875 0.61631690625 0.314589248046875 0.6449761171875 0.302268279296875 0.694298107421875 0.306888708984375 0.701286791015625 0.326140322265625 0.67822251171875 0.354632794921875 0.6303893359375 0.36618387109375 0.51957815234375 0.3777349453125 0.47177919921875 0.3939059140625 0.432337005859375 0.4293295703125 0.479074955078125 0.4547413984375 0.499291849609375 0.4116177421875 0.627879455078125 0.39698655859375 0.709814671875 0.3684940859375
7 0.672583912037037 0.4912109375 0.06666666666666665 0.03515625
7 0.6623263888888888 0.556640625 0.06471354166666687 0.03515625
7 0.627466724537037 0.5966796875 0.060778356481481444 0.03125
7 0.4970341435185185 0.2587890625 0.06474247685185186 0.0390625
7 0.47004484953703707 0.306640625 0.06672453703703707 0.04296875
7 0.4360677083333333 0.4658203125 0.049030671296296235 0.02734375
7 0.41095196759259256 0.5029296875 0.04900173611111103 0.0234375
7 0.40446325231481484 0.5498046875 0.03530092592592593 0.01953125
7 0.6937282986111111 0.181640625 0.10570023148148167 0.03125
3 0.479990556640625 0 0.328011595703125 0.20755 0.4077677734375 0.254524193359375 0.430753767578125 0.251601076171875 0.4826068828125 0.192148923828125 0.485225142578125 0.175977419921875 0.646722017578125 0 0.479990556640625 0