1 0.346886458984375 0.370943517578125 0.2127328125 0.61767962890625 0.477563541015625 0.686631482421875 0.552909896484375 0.41480092578125 0.346886458984375 0.370943517578125
1 0.352094791015625 0.365387962890625 0.554402083984375 0.40817037109375 0.6133359375 0.210596296875 0.458913541015625 0.1800981484375 0.352094791015625 0.365387962890625
7 0.521484375 0.5908203125 0.0126953125 0.0283203125
7 0.5703125 0.7607421875 0.0107421875 0.02734375
7 0.5869140625 0.6767578125 0.0087890625 0.025390625
7 0.599609375 0.6005859375 0.009765625 0.0302734375
7 0.5830078125 0.5947265625 0.0087890625 0.025390625
7 0.5419921875 0.515625 0.0087890625 0.0263671875
7 0.560546875 0.4501953125 0.0107421875 0.0185546875
7 0.62890625 0.458984375 0.0087890625 0.0341796875
7 0.638671875 0.4111328125 0.0087890625 0.0244140625
7 0.646484375 0.36328125 0.009765625 0.0224609375
7 0.595703125 0.3203125 0.009765625 0.021484375
7 0.607421875 0.2763671875 0.0107421875 0.0224609375
7 0.6171875 0.240234375 0.0068359375 0.0205078125
7 0.3818359375 0.8935546875 0.015625 0.041015625
7 0.2939453125 0.8603515625 0.013671875 0.0341796875
7 0.2080078125 0.830078125 0.01171875 0.037109375
7 0.2060546875 0.611328125 0.013671875 0.041015625
7 0.255859375 0.5146484375 0.013671875 0.0419921875
7 0.2919921875 0.4560546875 0.0126953125 0.0400390625
7 0.3232421875 0.400390625 0.0126953125 0.037109375
7 0.40625 0.259765625 0.01171875 0.041015625
7 0.4248046875 0.2216796875 0.0078125 0.02734375
7 0.44140625 0.193359375 0.0078125 0.029296875