1 0.626361486328125 0.919249638671875 0.931179384765625 0.666073908203125 0.730211251953125 0.4952748515625 0.441522453125 0.636045076171875 0.626361486328125 0.919249638671875
1 1 0.449565125 0.9176030390625 0.399464146484375 0.739438826171875 0.49270298828125 0.942740978515625 0.658574072265625 1 0.606737138671875 1 0.449565125
1 0.392624404296875 0.562754630859375 0.672620427734375 0.4470171953125 0.5523340546875 0.342748033203125 0.302367990234375 0.4246720546875 0.392624404296875 0.562754630859375
1 0.560160830078125 0.3429219609375 0.682456494140625 0.447235775390625 0.86351528125 0.370491046875 0.74017965625 0.294157974609375 0.560160830078125 0.3429219609375
1 0.517442443359375 0.321144787109375 0.4366190078125 0.249921810546875 0.217219140625 0.293645283203125 0.270400728515625 0.38647033203125 0.517442443359375 0.321144787109375
1 0.44461110546875 0.252876333984375 0.52294953515625 0.315704599609375 0.702157443359375 0.27248516015625 0.608934259765625 0.216259701171875 0.44461110546875 0.252876333984375
4 0.32312035546875 0.007180453125 0.31488971484375 0.081980228515625 0.3322326484375 0.097639662109375 0.38454927734375 0.08352821875 0.383014748046875 0.008511439453125 0.32312035546875 0.007180453125
7 0.693431712962963 0.9711805555555555 0.025289351851851993 0.031770833333333304
7 0.43430989583333335 0.5977430555555556 0.01736111111111116 0.029644097222222054
7 0.6801793981481481 0.48422309027777777 0.01287615740740744 0.019791666666666652
7 0.7211877893518519 0.4685546875 0.01287615740740744 0.019791666666666652
7 0.8748191550925926 0.394921875 0.01482928240740744 0.019835069444444464
7 0.30462962962962964 0.40078125 0.008506944444444442 0.011892361111111027
7 0.5165726273148148 0.34014756944444446 0.012760416666666607 0.017838541666666652
7 0.5531032986111111 0.33120659722222223 0.012760416666666607 0.017838541666666652
7 0.7037037037037037 0.2887152777777778 0.008738425925925997 0.015798611111111138
7 0.24856770833333333 0.27762586805555556 0.010807291666666663 0.01779513888888884
7 0.38544560185185184 0.2504340277777778 0.008738425925925997 0.015798611111111138
7 0.4181857638888889 0.243359375 0.01287615740740744 0.019791666666666652
7 0.22564380787037036 0.13765190972222224 0.013107638888888884 0.023697916666666652
7 0.40497685185185184 0.11920572916666666 0.011154513888888884 0.023654513888888895
7 0.43674045138888884 0.112109375 0.015292245370370328 0.027647569444444436
7 0.5445023148148148 0.10377604166666667 0.008738425925925997 0.01579861111111111