1 0.249229166015625 0.6169444453125 0.378536458984375 0.767225 0.522763021484375 0.669984259765625 0.375634896484375 0.552853703125 0.249229166015625 0.6169444453125
1 0.243061978515625 0.614515740234375 0.3720875 0.552117591796875 0.274692708984375 0.475503703125 0.162378125 0.518967591796875 0.243061978515625 0.614515740234375
1 0.417830728515625 0.5342694453125 0.564390103515625 0.64125462890625 0.665929166015625 0.570534259765625 0.515071353515625 0.485817591796875 0.417830728515625 0.5342694453125
1 0.41204375 0.532212037109375 0.5105125 0.4850805546875 0.400269791015625 0.42467407421875 0.312821875 0.461507408203125 0.41204375 0.532212037109375
1 0.5451453125 0.472540740234375 0.696352083984375 0.552117591796875 0.769708853515625 0.496867591796875 0.622580728515625 0.43572407421875 0.5451453125 0.472540740234375
1 0.540515625 0.46945462890625 0.6163640625 0.43572407421875 0.504878125 0.386366666015625 0.431521353515625 0.417307408203125 0.540515625 0.46945462890625
3 0.406630728515625 0.543684259765625 0.222228646484375 0.633034259765625 0.224689583984375 0.654921296875 0.238366146484375 0.668181482421875 0.247483853515625 0.660814814453125 0.2466546875 0.644608333984375 0.4103609375 0.559891666015625 0.414505208984375 0.568731482421875 0.419478646484375 0.567258333984375 0.406630728515625 0.543684259765625
3 0.159621353515625 0.53705462890625 0.301776041015625 0.4795944453125 0.303433853515625 0.48622407421875 0.31250625 0.4869444453125 0.300947396484375 0.46265092578125 0.152990103515625 0.522321296875 0.144286978515625 0.52600462890625 0.1380703125 0.53705462890625 0.148845833984375 0.557681482421875 0.158378125 0.553261111328125 0.159621353515625 0.53705462890625
3 0.3730609375 0.544421296875 0.385908333984375 0.5539981484375 0.395440625 0.555471296875 0.390881771484375 0.53042407421875 0.511070833984375 0.47517407421875 0.514801041015625 0.48622407421875 0.526819791015625 0.48475092578125 0.527234375 0.472963888671875 0.507755728515625 0.463387962890625 0.38010625 0.522321296875 0.3730609375 0.544421296875
3 0.538948958984375 0.63797777734375 0.664111458984375 0.558417591796875 0.671156771484375 0.56210092578125 0.676130208984375 0.573887962890625 0.681518228515625 0.5679944453125 0.679983333984375 0.55484537109375 0.6566515625 0.537790740234375 0.524443228515625 0.621035185546875 0.517397396484375 0.6505018515625 0.534390103515625 0.668181482421875 0.545580208984375 0.668181482421875 0.5472375 0.651237962890625 0.538948958984375 0.63797777734375
3 0.65375 0.433921296875 0.639658853515625 0.427290740234375 0.54185 0.478121296875 0.531835416015625 0.479742591796875 0.536461978515625 0.500221296875 0.5555265625 0.500957408203125 0.555111978515625 0.4876981484375 0.645461458984375 0.439813888671875 0.659966666015625 0.447917591796875 0.669498958984375 0.441287962890625 0.662453646484375 0.42950092578125 0.65375 0.433921296875
3 0.439896353515625 0.426553703125 0.524443228515625 0.393403703125 0.5302453125 0.39635092578125 0.541435416015625 0.39487777734375 0.55266875 0.398466666015625 0.553454166015625 0.3911944453125 0.530659896484375 0.37867037109375 0.431193228515625 0.41845092578125 0.4249765625 0.417713888671875 0.412957291015625 0.426553703125 0.434508333984375 0.43760462890625 0.439896353515625 0.426553703125
3 0.638001041015625 0.422134259765625 0.616035416015625 0.411084259765625 0.625567708984375 0.394140740234375 0.6247390625 0.36614722265625 0.563815625 0.34404722265625 0.564644271484375 0.310160185546875 0.554983333984375 0.31307592578125 0.555941146484375 0.3587805546875 0.613963541015625 0.382353703125 0.615206771484375 0.390457408203125 0.606503646484375 0.4140305546875 0.607332291015625 0.423607408203125 0.630955728515625 0.433184259765625 0.6400734375 0.426553703125 0.638001041015625 0.422134259765625
3 0.6740578125 0.321210185546875 0.631784375 0.305003703125 0.614589583984375 0.30690277734375 0.6147921875 0.338890740234375 0.663282291015625 0.35215092578125 0.6740578125 0.321210185546875
3 0.783471353515625 0.360990740234375 0.754057291015625 0.364515740234375 0.744098958984375 0.478857408203125 0.759847916015625 0.496537962890625 0.767308333984375 0.482540740234375 0.762334896484375 0.47222777734375 0.77228125 0.45012777734375 0.772695833984375 0.392667591796875 0.788030208984375 0.38824722265625 0.783471353515625 0.360990740234375
6 0.581838021484375 0.65597592578125 0.614993228515625 0.65450277734375 0.649280208984375 0.630192591796875 0.6625421875 0.609565740234375 0.707302603515625 0.57567962890625 0.762009375 0.53442592578125 0.797344791015625 0.52042962890625 0.8553671875 0.470336111328125 0.863655728515625 0.4556018515625 0.866556771484375 0.4084555546875 0.863241666015625 0.3480481484375 0.856195833984375 0.314162037109375 0.829671353515625 0.312688888671875 0.840446875 0.333314814453125 0.856195833984375 0.3672018515625 0.857853646484375 0.4114018515625 0.851222396484375 0.445288888671875 0.823040103515625 0.467388888671875 0.779938021484375 0.5071694453125 0.726059896484375 0.53737222265625 0.6949765625 0.547686111328125 0.647315625 0.594832408203125 0.629908853515625 0.623562962890625 0.6050421875 0.631665740234375 0.578931771484375 0.63534907421875 0.522981771484375 0.675866666015625 0.470402083984375 0.724486111328125 0.424813541015625 0.753216666015625 0.375908853515625 0.7775268515625 0.322030728515625 0.801837037109375 0.288875 0.800363888671875 0.3021375 0.778262962890625 0.290947396484375 0.778262962890625 0.240747396484375 0.80690277734375 0.254011458984375 0.822463888671875 0.271003646484375 0.812887037109375 0.290068228515625 0.833513888671875 0.321980728515625 0.832039814453125 0.403626041015625 0.7915231484375 0.50185 0.728906482421875 0.55116875 0.681759259765625 0.581838021484375 0.65597592578125
5 0.8331640625 0.4977694453125 0.8364796875 0.40642222265625 0.8464265625 0.374009259765625 0.833992708984375 0.3769555546875 0.828190625 0.31949537109375 0.817415103515625 0.31949537109375 0.804153125 0.337912037109375 0.8194875 0.358538888671875 0.820730728515625 0.4101055546875 0.819902083984375 0.491139814453125 0.809955208984375 0.522816666015625 0.778457291015625 0.540496296875 0.750689583984375 0.543442591796875 0.715461458984375 0.576593517578125 0.705100521484375 0.597956482421875 0.664484896484375 0.615637037109375 0.587397916015625 0.669412962890625 0.565979166015625 0.70172592578125 0.527435416015625 0.724562037109375 0.488063021484375 0.735612037109375 0.387353125 0.80264907421875 0.385422916015625 0.816162037109375 0.411551041015625 0.81509722265625 0.5288390625 0.739956482421875 0.588519271484375 0.69722962890625 0.7080015625 0.6149 0.757734896484375 0.563333333984375 0.778042708984375 0.563333333984375 0.821973958984375 0.535339814453125 0.8331640625 0.4977694453125