3 0.67853491796875 0.383603552734375 0.712993287109375 0.40016354296875 0.951396177734375 0.434823228515625 0.956594564453125 0.378230884765625 0.732794078125 0.32491747265625 0.67853491796875 0.383603552734375
4 0.094634111328125 0.515824759765625 0.093412037109375 0.598314810546875 0.15069355078125 0.60588649609375 0.16061679296875 0.6568416484375 0.2753344140625 0.661487052734375 0.27582325 0.628490716796875 0.29852416796875 0.627752673828125 0.30896957421875 0.64346175390625 0.480990923828125 0.654179365234375 0.484290849609375 0.6116121171875 0.52860471484375 0.59354825390625 0.501091681640625 0.558685650390625 0.480959234375 0.524708146484375 0.289690615234375 0.503306484375 0.2740674140625 0.476742896484375 0.15550439453125 0.4613323359375 0.1559933828125 0.518414419921875 0.094634111328125 0.515824759765625
7 0.12978877314814816 0.4768880208333333 0.03346354166666665 0.019791666666666652
7 0.11956018518518519 0.639453125 0.03739872685185186 0.022005208333333304
7 0.45086082175925923 0.5129557291666667 0.031481481481481444 0.017708333333333215
7 0.5350405092592593 0.307421875 0.033434606481481444 0.017838541666666652
7 0.5323061342592592 0.3600260416666667 0.03544560185185186 0.021874999999999978
7 0.5137080439814815 0.8895833333333334 0.03541666666666665 0.01992187500000009
7 0.8312138310185185 0.8364583333333333 0.03541666666666665 0.01992187500000009
3 0.784778591796875 0.9034316484375 0.780797865234375 0.8685839765625 0.6459571015625 0.870854392578125 0.643890359375 0.830181849609375 0.52249403125 0.8258416796875 0.4956810703125 0.8338129921875 0.55729604296875 0.90923185546875 0.784778591796875 0.9034316484375
1 0.530505138671875 0.8256252734375 0.816132974609375 0.825900970703125 0.823664955078125 0.4175840234375 0.54794967578125 0.3688929921875 0.530505138671875 0.8256252734375
5 0.881802505859375 0.3573704453125 0.84500057421875 0.31888614453125 0.85306690625 0.134764212890625 0.819431744140625 0.15278951171875 0.8153209765625 0.3401775859375 0.836355275390625 0.361847513671875 0.81230990625 0.363246927734375 0.633743162109375 0.343836119140625 0.59661905859375 0.3270984140625 0.70183669921875 0.342370287109375 0.689229298828125 0.306950646484375 0.603674564453125 0.30129626171875 0.560883826171875 0.306700908203125 0.563017228515625 0.342873974609375 0.66133396484375 0.373449505859375 0.871935900390625 0.39274403515625 0.881802505859375 0.3573704453125