0 0.860038845703125 0.839639205078125 0.8932603671875 0.411519203125 0.8783517734375 0.3976273671875 0.873181349609375 0.33184673046875 0.87173695703125 0.25592289453125 0.864323935546875 0.223175623046875 0.84375130078125 0.20081703515625 0.72252945703125 0.1944100234375 0.722105130859375 0.1800890234375 0.631726927734375 0.1741663515625 0.603352462890625 0.1950746796875 0.496033515625 0.18822069921875 0.469353431640625 0.2119443359375 0.44602262890625 0.29433628125 0.439758162109375 0.354722701171875 0.34603872265625 0.426299921875 0.22233523828125 0.518832158203125 0.071232064453125 0.637976869140625 0.04870233203125 0.6658783046875 0.027147345703125 0.69948288671875 0.021249841796875 0.7171821875 0.022140654296875 0.747247107421875 0.025583677734375 0.755430251953125 0.06234540625 0.772974359375 0.06192280859375 0.785887197265625 0.080600392578125 0.791066814453125 0.10601036328125 0.778846869140625 0.224513044921875 0.836969740234375 0.67259770703125 0.95556082421875 0.721598212890625 0.951241443359375 0.82035791796875 0.88668216796875 0.860038845703125 0.839639205078125
7 0.8869574652777777 0.41062644675925924 0.01034432870370372 0.01982060185185186
7 0.8855251736111112 0.4282624421296296 0.012355324074074137 0.021831597222222276
7 0.88515625 0.4487991898148148 0.016261574074074137 0.021947337962963
7 0.8808232060185186 0.46749855324074074 0.012181712962962887 0.015972222222222276
7 0.8794198495370371 0.4861111111111111 0.014134837962962887 0.016030092592592582
7 0.8773003472222223 0.5135416666666667 0.01229745370370372 0.019878472222222276
7 0.8742042824074074 0.5410011574074074 0.01637731481481497 0.025853587962962887
7 0.8702763310185185 0.5733723958333333 0.016261574074074137 0.021947337962962887
7 0.8682436342592592 0.6037326388888888 0.016319444444444553 0.023900462962962887
7 0.8627097800925927 0.6478804976851852 0.018272569444444553 0.023958333333333304
7 0.8601634837962964 0.6938946759259259 0.01833043981481497 0.025911458333333304
7 0.8549479166666667 0.7487847222222223 0.020341435185185164 0.02792245370370372
7 0.8498191550925926 0.8066044560185185 0.020341435185185386 0.02792245370370372
7 0.8240089699074074 0.8591724537037038 0.024305555555555358 0.029991319444444553
7 0.7664858217592593 0.8970413773148148 0.02850115740740744 0.039872685185185164
7 0.6951750578703704 0.9314091435185186 0.020457175925925997 0.03182870370370372
7 0.5654586226851852 0.9078848379629629 0.024363425925925775 0.03194444444444455
7 0.4452763310185185 0.8762586805555556 0.018619791666666607 0.035677083333333304
7 0.36740451388888884 0.8541304976851851 0.024479166666666607 0.03585069444444455
7 0.2896484375 0.8359085648148148 0.018388310185185164 0.027864583333333304
7 0.22053674768518516 0.8125434027777778 0.020457175925925886 0.03182870370370372
7 0.141283275462963 0.7767722800925926 0.022294560185185164 0.027980324074074137
7 0.05758101851851852 0.7557942708333334 0.020399305555555552 0.02987557870370372
7 0.032154224537037035 0.7223379629629629 0.020283564814814817 0.02596932870370372
7 0.04748263888888889 0.6788773148148148 0.024363425925925927 0.03194444444444455