5 0 0.92651630859375 0.216509599609375 0.99226802734375 0.293416740234375 0.989989298828125 0 0.90725239453125 0 0.92651630859375
5 0 0.717184291015625 0.21683487109375 0.75293740234375 0.4146062734375 0.776703064453125 0.56685937109375 0.83048751953125 0.656407259765625 0.84216916796875 0.666064126953125 0.816080076171875 0.593446869140625 0.805807943359375 0.500155376953125 0.763655947265625 0.356750908203125 0.740190845703125 0.003408259765625 0.699054599609375 0 0.70652233984375 0 0.717184291015625
5 0 0.518469576171875 0.164294619140625 0.520356869140625 0.441871810546875 0.507354052734375 0.55736923828125 0.508710212890625 0.6491298125 0.5470847109375 0.68486365234375 0.546025931640625 0.682566390625 0.52124675 0.61016224609375 0.50619026171875 0.550307181640625 0.47642676171875 0.407413404296875 0.4797049375 0.199475259765625 0.493511251953125 0.056539423828125 0.497746388671875 0 0.499421630859375 0 0.518469576171875
5 0 0.3237069609375 0.134854095703125 0.303337712890625 0.372995890625 0.25996663671875 0.567107951171875 0.21312157421875 0.642021681640625 0.209946193359375 0.668227529296875 0.2703319921875 0.726848099609375 0.251393291015625 0.717233111328125 0.200072521484375 0.646956275390625 0.175396123046875 0.4624155390625 0.198066060546875 0 0.30788257421875 0 0.3237069609375
6 0 0.186845634765625 0.132980685546875 0.154309740234375 0.2534552265625 0.120159123046875 0.42255373828125 0.100813611328125 0.58203805078125 0.068374025390625 0.677243873046875 0.0674642734375 0.6971098515625 0.041072958984375 0.482620806640625 0.0493393515625 0.2289091796875 0.098906044921875 0.103117416015625 0.13799278125 0 0.1664443125 0 0.186845634765625
3 0.6902259609375 0.731265818359375 0.436471171875 0.70533606640625 0.37023596484375 0.7426581640625 0.354672146484375 0.988174322265625 0.419082443359375 0.986265869140625 0.440725927734375 0.762549943359375 0.694225548828125 0.794221009765625 0.851880755859375 0.764702498046875 0.891357544921875 0.717661177734375 0.8786369140625 0.6215159765625 0.941596990234375 0.6196504921875 0.943978662109375 0.566062837890625 0.8080190390625 0.5662684140625 0.799725369140625 0.714642185546875 0.6902259609375 0.731265818359375
3 0 0.752320390625 0.010128794921875 0.586087013671875 0.51329503125 0.276834013671875 0.621177509765625 0.258346861328125 0.682052482421875 0.226917873046875 0.73190948828125 0.1757458671875 0.7328026171875 0.15565046484375 0.628280650390625 0.174993759765625 0.618581728515625 0.202039810546875 0.50878509375 0.22536171875 0 0.5467880234375 0 0.752320390625
3 0.730414443359375 0 0.724549064453125 0.07370808984375 0.756668986328125 0.230440767578125 0.75866886328125 0.300144947265625 0.780492673828125 0.344414501953125 0.853364638671875 0.348945068359375 0.9521576171875 0.33713834375 0.938785515625 0.262315458984375 0.858511078125 0.27138396484375 0.84983256640625 0.237236978515625 0.81775517578125 0.07954732421875 0.8276971484375 0 0.730414443359375 0
7 0.1431640625 0.8822844328703703 0.024131944444444442 0.016319444444444553
7 0.14659288194444445 0.8051359953703703 0.024131944444444442 0.016319444444444553
7 0.16011284722222224 0.654542824074074 0.03211805555555558 0.020457175925925775
7 0.16451822916666664 0.5773654513888888 0.02821180555555558 0.020341435185185386
7 0.1711154513888889 0.4289279513888889 0.028038194444444442 0.016435185185185164
7 0.18125 0.3545066550925926 0.026432291666666663 0.024189814814814747
7 0.18589409722222222 0.20612702546296297 0.03194444444444444 0.01655092592592594
6 0 0.4196808515625 0.080573662109375 0.415803052734375 0.2074720078125 0.39006273046875 0.59322937890625 0.351874474609375 0.585912140625 0.325332603515625 0.378867443359375 0.357270224609375 0.273069265625 0.367094453125 0.205131736328125 0.366240541015625 0.13294104296875 0.38462587109375 0.0370972734375 0.3998894453125 0 0.400988623046875 0 0.4196808515625