5 0.43359375 0.6037760416666667 0.15234375 0.08489583333333339
5 0.65234375 0.5520616319444445 0.09765625 0.08246527777777768
5 0.6181640625 0.3787760416666667 0.06640625 0.0810763888888889
5 0.9248046875 0.4921006944444445 0.150390625 0.11605902777777777
5 0.9208984375 0.29305555555555557 0.146484375 0.09830729166666663
7 0.947265625 0.4393446180555556 0.01953125 0.01258680555555558
7 0.9150390625 0.4476128472222222 0.01953125 0.01258680555555558
7 0.9091796875 0.43127170138888893 0.01953125 0.01258680555555558
7 0.9404296875 0.423046875 0.015625 0.012413194444444442
7 0.8828125 0.35041232638888886 0.01953125 0.01258680555555558
7 0.9111328125 0.3432942708333333 0.01953125 0.01258680555555558
7 0.8876953125 0.366796875 0.01953125 0.01258680555555558
7 0.916015625 0.35772569444444446 0.0234375 0.012760416666666607
6 0.609954376953125 0.4914176171875 0.6626238359375 0.495825966796875 0.73196182421875 0.47737150390625 0.783297951171875 0.44996791015625 0.89330446875 0.41470752734375 0.877970205078125 0.400390619140625 0.81996648046875 0.409342908203125 0.7639636875 0.436953912109375 0.7292942265625 0.456867552734375 0.677958099609375 0.475272193359375 0.615954376953125 0.474653044921875 0.56395158203125 0.4878381015625 0.525282123046875 0.51242899609375 0.483280259765625 0.530418783203125 0.462611732421875 0.548210158203125 0.4612783984375 0.5655170625 0.482597765625 0.565980005859375 0.489280259765625 0.546275154296875 0.573284916015625 0.511420146484375 0.609954376953125 0.4914176171875
6 0.4532783984375 0.377645916015625 0.506614525390625 0.358402646484375 0.52261545703125 0.4161841640625 0.51261545703125 0.421502953125 0.464612662109375 0.438634841796875 0.481946927734375 0.445738251953125 0.52261545703125 0.430807724609375 0.5292830546875 0.448133900390625 0.554617318359375 0.57149275 0.577952513671875 0.573080236328125 0.5806191796875 0.49684601171875 0.519282123046875 0.34771608203125 0.56595158203125 0.323894240234375 0.561741154296875 0.299635296875 0.5412830546875 0.29536967578125 0.545283984375 0.322188193359375 0.455945064453125 0.365154099609375 0.4532783984375 0.377645916015625