5 1 0.61647627734375 0.8784899453125 0.5833070546875 0.73855263671875 0.565125333984375 0.703606787109375 0.59752645703125 0.82001741796875 0.632109833984375 0.908820712890625 0.646463923828125 1 0.688274224609375 1 0.61647627734375
5 1 0.7921571796875 0.944000693359375 0.85124558984375 0.846987033203125 0.850288615234375 0.716558064453125 0.800528861328125 0.51151259765625 0.762251736328125 0.273775302734375 0.707707109375 0.025721609375 0.648377873046875 0.014346166015625 0.645577494140625 0.0149484921875 0.672682119140625 0.171847986328125 0.715362373046875 0.392335685546875 0.759381080078125 0.5616893671875 0.79957188671875 0.689863921875 0.824451630859375 0.779368958984375 0.87038401953125 0.9058627890625 0.89622100390625 0.942702884765625 0.945981025390625 1 0.896105390625 1 0.7921571796875
6 0.550481603515625 0.4483808125 0.33767312890625 0.36704222265625 0.103019904296875 0.2981437734375 0.00662541796875 0.2981437734375 0.007864072265625 0.353883248046875 0.010961626953125 0.36704222265625 0.15206883203125 0.361300908203125 0.30991494921875 0.419673169921875 0.436409251953125 0.445509888671875 0.649175197265625 0.524934794921875 0.811807376953125 0.568953234375 0.92945632421875 0.6015350078125 0.95002189453125 0.586177712890625 0.85358271484375 0.5345040078125 0.550481603515625 0.4483808125
5 0 0 0.000484171875 0.0217876953125 1 0.436778466796875 1 0.405865080078125 0.044366947265625 0 0 0
5 0.1056316796875 0 1 0.37967091796875 1 0.35537062890625 0.185221404296875 0 0.1056316796875 0
7 0.39767795138888884 0.4931640625 0.07109374999999996 0.03515625
7 0.2398003472222222 0.419921875 0.0712673611111111 0.04296875
7 0.28886718749999996 0.5625 0.04752604166666674 0.029296875
7 0.06571180555555556 0.84765625 0.04752604166666666 0.029296875
7 0.6288845486111111 0.130859375 0.04752604166666674 0.029296875
7 0.7048394097222223 0.033203125 0.043532986111111116 0.025390625
6 0.46335056640625 0 0.493181875 0.013937734375 0.75482709375 0.148863708984375 1 0.259988541015625 1 0.23089096484375 0.95002398828125 0.203408337890625 0.817574044921875 0.139294494140625 0.698525046875 0.0656114375 0.543124771484375 0 0.46335056640625 0
6 0.722608890625 1 0.68680000390625 0.992870390625 0.55745506640625 0.991913416015625 0.019837369140625 0.89268162109375 0.02119791015625 0.953905953125 0.2631173671875 0.99382709765625 0.32680824609375 1 0.722608890625 1
3 1 0.493764609375 0.002159328125 0.097169802734375 0.004851609375 0.218322416015625 1 0.58282425390625 1 0.493764609375