1 0.6502539375 0.443004615234375 0.553959064453125 0.647067361328125 0.647951634765625 0.784291765625 0.77564043359375 0.581703384765625 0.6502539375 0.443004615234375
1 0.485703583984375 0.796477439453125 0.55310330078125 0.919103232421875 0.642613744140625 0.794747025390625 0.55569885546875 0.657149099609375 0.485703583984375 0.796477439453125
1 0.526436130859375 0.30976769140625 0.45963425390625 0.498450841796875 0.528609666015625 0.602098234375 0.611861353515625 0.40258460546875 0.526436130859375 0.30976769140625
1 0.41182951953125 0.646615015625 0.467506029296875 0.747881466796875 0.5250245234375 0.6083515625 0.458635998046875 0.508390607421875 0.41182951953125 0.646615015625
1 0.43695896875 0.21827804296875 0.38701512890625 0.38247175 0.437629328125 0.464303462890625 0.496772033203125 0.28363494140625 0.43695896875 0.21827804296875
1 0.349421037109375 0.5111817734375 0.3896950625 0.602426462890625 0.43591640625 0.469580662109375 0.3902665390625 0.396474474609375 0.349421037109375 0.5111817734375
3 0.4921208984375 0.74838884375 0.470015904296875 0.7418626875 0.45387920703125 0.748471859375 0.557951912109375 0.939337697265625 0.586731859375 0.941598404296875 0.59568757421875 0.925153912109375 0.57777521875 0.9211509296875 0.49106561328125 0.756788826171875 0.4921208984375 0.74838884375
3 0.46316431640625 0.329330611328125 0.499994919921875 0.333760228515625 0.59266552734375 0.43771330859375 0.561889064453125 0.4553321328125 0.58872955078125 0.479012693359375 0.63604934375 0.465325865234375 0.647173654296875 0.433622318359375 0.6196486328125 0.428351953125 0.512687896484375 0.3075179921875 0.4825674375 0.30595619140625 0.452903310546875 0.316715357421875 0.46316431640625 0.329330611328125
3 0.557781888671875 0.63957983203125 0.53838641015625 0.63242521875 0.451504712890625 0.500335087890625 0.4146817421875 0.502268892578125 0.407066517578125 0.518013939453125 0.410146822265625 0.5273967734375 0.434562068359375 0.522514365234375 0.515710017578125 0.64738985546875 0.496900923828125 0.6734319375 0.531939623046875 0.679743873046875 0.557781888671875 0.63957983203125
3 0.384929734375 0.3295668203125 0.381538072265625 0.38218775390625 0.436644134765625 0.4680520546875 0.471100798828125 0.475987619140625 0.472926185546875 0.45148765625 0.397254306640625 0.363788029296875 0.40469933984375 0.343422060546875 0.384929734375 0.3295668203125
3 0.36368271875 0.416616474609375 0.38553104296875 0.416212521484375 0.39525779296875 0.383667560546875 0.38510325390625 0.36776953125 0.367419052734375 0.369926763671875 0.361543640625 0.39575408984375 0.339410111328125 0.38845750390625 0.30926113671875 0.386125810546875 0.294543125 0.468370140625 0.242516357421875 0.46567245703125 0.23833802734375 0.493678380859375 0.257234322265625 0.494104951171875 0.267645564453125 0.480041171875 0.3127406875 0.48007366015625 0.3275442265625 0.473923916015625 0.34126400390625 0.401619888671875 0.36368271875 0.416616474609375
4 0.20883969907407407 0.3490451388888889 0.08130787037037035 0.08998842592592593
3 0.26417824074074076 0.36945891203703707 0.07515914351851849 0.08187210648148158
3 0.296682349609375 0.194095041015625 0.275204814453125 0.204510283203125 0.280206197265625 0.232914384765625 0.421613505859375 0.246688521484375 0.435903662109375 0.226677486328125 0.41639410546875 0.216442765625 0.296682349609375 0.194095041015625
5 0.456183337890625 0.14702731640625 0.253727314453125 0.141141154296875 0.244399875 0.14757484375 0.22551777734375 0.154281521484375 0.24555087890625 0.17316443359375 0.2625974375 0.15927836328125 0.29685350390625 0.161823552734375 0.374807138671875 0.163559814453125 0.437985748046875 0.17221571484375 0.467535767578125 0.195268357421875 0.4697319140625 0.217671603515625 0.5165382890625 0.2639078515625 0.55681233203125 0.281367634765625 0.581456681640625 0.3195379453125 0.630145462890625 0.37970647265625 0.68733362890625 0.4111095390625 0.726210123046875 0.4646208984375 0.75347842578125 0.49985253515625 0.8203647890625 0.571725119140625 0.841785275390625 0.5597695546875 0.782771783203125 0.4790826171875 0.713147369140625 0.40706805859375 0.648428619140625 0.3568282890625 0.586818712890625 0.279849330078125 0.5555574140625 0.247484837890625 0.48156925390625 0.16832721484375 0.456183337890625 0.14702731640625
6 0.585677828125 0.35972346484375 0.62623706640625 0.421776240234375 0.72042027734375 0.492758439453125 0.779520287109375 0.575755640625 0.826354234375 0.6596547265625 0.793506986328125 0.695250734375 0.87076478515625 0.75188178125 0.869566923828125 0.682646853515625 0.8622645390625 0.63307898828125 0.805874998046875 0.549453376953125 0.739958357421875 0.466870595703125 0.653990271484375 0.39631490625 0.613459546875 0.3350320234375 0.5725285546875 0.29986036328125 0.515882294921875 0.2461960234375 0.46431287109375 0.1820355234375 0.400706455078125 0.12493609765625 0.311287240234375 0.10877065234375 0.2299100859375 0.1253031015625 0.218159271484375 0.140065298828125 0.269956927734375 0.136602716796875 0.301189720703125 0.131304861328125 0.347710919921875 0.132948658203125 0.373865939453125 0.13814744921875 0.398168037109375 0.1670768984375 0.4590069140625 0.223263876953125 0.51214598046875 0.2928862734375 0.585677828125 0.35972346484375