5 0.37916666666666665 0.4562572337962963 0.20742187499999998 0.47721354166666663
5 0.735546875 0.3012225115740741 0.10807291666666652 0.27476851851851847
5 0.3673177083333333 0.10612702546296296 0.1127604166666667 0.19874131944444445
5 0.6501953125 0.07121672453703703 0.09023437500000009 0.1242621527777778
7 0.4106119791666667 0.3071614583333333 0.01302083333333326 0.019704861111111027
7 0.4106119791666667 0.27783564814814815 0.013281249999999911 0.023611111111111138
7 0.40996093749999996 0.17029803240740743 0.01302083333333326 0.019704861111111138
7 0.4115234375 0.1468605324074074 0.01497395833333326 0.01973379629629629
7 0.6887369791666667 0.25556278935185184 0.013151041666666696 0.021657986111111138
7 0.7124348958333333 0.25200376157407406 0.012890625000000044 0.017751736111111138
7 0.7104166666666667 0.2236255787037037 0.015234374999999911 0.02364004629629629
7 0.6864583333333334 0.23109085648148148 0.017447916666666785 0.0275752314814815
7 0.6986979166666667 0.12081163194444444 0.017578125 0.0295283564814815
7 0.6761718750000001 0.12145543981481483 0.01914062499999991 0.023697916666666652
7 0.6975260416666667 0.09440104166666666 0.015104166666666696 0.02168692129629629
7 0.6727864583333334 0.09892216435185186 0.014973958333333481 0.01973379629629629
7 0.976953125 0.1992259837962963 0.017317708333333348 0.025622106481481444
7 0.9698567708333333 0.17370515046296298 0.01718749999999991 0.023668981481481444
7 0.9877604166666667 0.16908275462962963 0.005729166666666785 0.02740162037037036
7 0.9720052083333333 0.0681640625 0.014973958333333481 0.01973379629629629
7 0.9491536458333334 0.07369068287037037 0.017057291666666696 0.0217158564814815
7 0.9656901041666667 0.04558738425925926 0.01692708333333326 0.01976273148148147
7 0.9449218749999999 0.04918981481481481 0.01718749999999991 0.02366898148148147