5 0.9674262152777777 0.8616681134259259 0.06514756944444455 0.22400173611111107
5 0.561349826388889 0.6407696759259259 0.1039351851851853 0.17465277777777777
5 0.6689742476851852 0.44290364583333336 0.16435185185185186 0.14134837962962965
5 0.33911313657407405 0.555396412037037 0.1250434027777778 0.10313946759259252
6 1 0.67020348046875 0.980635810546875 0.660754822265625 0.861526607421875 0.64089026171875 0.70830203515625 0.607219798828125 0.64994828125 0.605829744140625 0.64395260546875 0.62224944921875 0.6754055546875 0.626129748046875 0.695810150390625 0.64268078125 0.73361990234375 0.6485787734375 0.7654748359375 0.647634923828125 0.845526828125 0.663978423828125 0.928117986328125 0.67634746484375 1 0.705840484375 1 0.67020348046875
7 0.6336226851851852 0.523191550925926 0.024363425925925775 0.016319444444444553
7 0.6037471064814814 0.5142939814814815 0.024247685185185164 0.014366319444444553
7 0.6000795717592593 0.5349464699074074 0.026316550925925775 0.01637731481481497
7 0.6280598958333333 0.5448784722222222 0.028269675925925997 0.016435185185185164
7 0.611205150462963 0.6236400462962963 0.024363425925925997 0.016319444444444553
7 0.5792100694444444 0.6285011574074073 0.024247685185185164 0.014366319444444553
7 0.5840277777777778 0.6107494212962963 0.024363425925925775 0.016319444444444553
7 0.6064453125 0.6423683449074074 0.024247685185185164 0.014366319444444553
7 0.40554108796296295 0.4712528935185185 0.01620370370370372 0.010228587962962998
7 0.3979817708333333 0.5252821180555556 0.012181712962962887 0.008159722222222276
7 0.39769965277777775 0.5370298032407408 0.012181712962962887 0.008159722222222054
6 0.422998962890625 0.521759703125 0.4327530390625 0.52234886328125 0.437919634765625 0.528494318359375 0.470041595703125 0.5302418515625 0.540799451171875 0.535643248046875 0.589682712890625 0.55009065234375 0.5909616484375 0.535656326171875 0.51263858203125 0.519681900390625 0.482116845703125 0.508889115234375 0.43848923046875 0.511081734375 0.422117625 0.513966130859375 0.422998962890625 0.521759703125