6 0.650092169921875 0.552173716796875 0.51384401953125 0.61051405859375 0.457534783203125 0.66972930078125 0.473900375 0.751516552734375 0.5404135390625 0.757418087890625 0.556336837890625 0.714913013671875 0.544612052734375 0.672609091796875 0.546241556640625 0.648166544921875 0.709195419921875 0.56014373828125 0.72308898828125 0.50445251953125 0.661209861328125 0.407224408203125 0.616418578125 0.35911846875 0.533592978515625 0.38097704296875 0.54577840234375 0.415137349609375 0.619341259765625 0.4680058046875 0.666651123046875 0.52196512109375 0.650092169921875 0.552173716796875
5 0.476654162109375 0.38293862890625 0.36006203125 0.364629591796875 0.310145001953125 0.34977778125 0.2875130078125 0.31835444140625 0.296118890625 0.2983616640625 0.34862596484375 0.29617884375 0.378195169921875 0.3107929609375 0.439762658203125 0.325431490234375 0.44505135546875 0.28973310546875 0.38397271875 0.267761810546875 0.29861744921875 0.260883279296875 0.23712425 0.288762517578125 0.228176357421875 0.33571673828125 0.2758292421875 0.362714669921875 0.360788158203125 0.3973697734375 0.4960071640625 0.419914732421875 0.514707353515625 0.466667802734375 0.565782158203125 0.442336951171875 0.526245328125 0.4026783828125 0.476654162109375 0.38293862890625
7 0.30703125 0.4951099537037037 0.07291666666666674 0.04270833333333335
7 0.31412760416666663 0.5650535300925925 0.07096354166666674 0.04260706018518512
7 0.3485026041666667 0.6079933449074074 0.06458333333333333 0.034490740740740655
7 0.5080078125 0.2585865162037037 0.07109374999999996 0.04456018518518523
7 0.5329427083333333 0.31083622685185186 0.07317708333333339 0.04661458333333335
7 0.5598307291666667 0.48077980324074077 0.052604166666666785 0.02997685185185195
7 0.5835937499999999 0.5212094907407407 0.052604166666666785 0.02997685185185195
7 0.5880859375 0.5714192708333334 0.036588541666666696 0.023307291666666785
7 0.3044921875 0.16571903935185184 0.11562499999999998 0.041030092592592604
3 0.578600572265625 0.25431120703125 0.602752689453125 0.258666947265625 0.690135837890625 0.21332646484375 0.57097855859375 0.029606294921875 0.402376505859375 0.020863966796875 0.525672517578125 0.171278828125 0.527430650390625 0.188538919921875 0.578600572265625 0.25431120703125