1 0.478844541015625 0.102082333984375 0.45084775 0.121397587890625 0.341085765625 0.277177474609375 0.150416888671875 0.550110193359375 0.18987114453125 0.56221828515625 0.31405998046875 0.371072921875 0.418989486328125 0.227618400390625 0.483392341796875 0.128297392578125 0.646040724609375 0.1264373046875 0.658929888671875 0.099436607421875 0.570569052734375 0.095042056640625 0.478844541015625 0.102082333984375
6 0.23594704296875 0.521767244140625 0.429336822265625 0.251884470703125 0.54783487890625 0.09237626953125 0.600786123046875 0.09004079296875 0.676544052734375 0.088762056640625 0.647650251953125 0.0639897265625 0.52030154296875 0.06912862890625 0.46377396875 0.151931521484375 0.36507411328125 0.283781939453125 0.273426990234375 0.41762154296875 0.18654076171875 0.54074645703125 0.145730431640625 0.623420333984375 0.145767650390625 0.65471805859375 0.1642704375 0.6884095078125 0.19757298828125 0.64603036328125 0.176734732421875 0.6328191015625 0.23594704296875 0.521767244140625
3 0.5572482638888889 0.17248987268518517 0.12469618055555554 0.044401041666666696
3 0.6435329861111111 0.2910734953703704 0.053038194444444464 0.05379050925925921
3 0.44981744921875 0.273142361328125 0.428797279296875 0.256977796875 0.318214373046875 0.4061396640625 0.33031658203125 0.4230786796875 0.36926869921875 0.414349720703125 0.44981744921875 0.273142361328125
3 0.413739599609375 0.506416576171875 0.39931163671875 0.5164714296875 0.295065205078125 0.702049970703125 0.328862994140625 0.712887951171875 0.42598487890625 0.5201364921875 0.413739599609375 0.506416576171875
3 0.498668640625 0.62016166015625 0.4747160234375 0.612753263671875 0.46816806640625 0.62781658203125 0.387116001953125 0.784073654296875 0.409565083984375 0.7931764609375 0.425747248046875 0.782586771484375 0.498668640625 0.62016166015625
3 0.512084291015625 0.414714947265625 0.47990589453125 0.408596939453125 0.41051943359375 0.546735142578125 0.422693177734375 0.562064607421875 0.447181224609375 0.55740340234375 0.512084291015625 0.414714947265625
3 0.48369262890625 0.41077966796875 0.550565611328125 0.28803834765625 0.530098154296875 0.266663689453125 0.517949484375 0.28274809375 0.52761585546875 0.290200708984375 0.46045629296875 0.387277390625 0.48369262890625 0.41077966796875
3 0.586443537109375 0.38061385546875 0.56680476953125 0.383275923828125 0.51520304296875 0.5052187421875 0.5316012265625 0.5219037421875 0.594213990234375 0.398611943359375 0.586443537109375 0.38061385546875
3 0.60971123828125 0.307004978515625 0.5970378203125 0.302940623046875 0.56245323828125 0.309805453125 0.561735494140625 0.29379711328125 0.54182956640625 0.2917661015625 0.53381123828125 0.3115027578125 0.549959109375 0.333819779296875 0.581786982421875 0.324710623046875 0.593783337890625 0.37616646484375 0.6448376640625 0.3843765234375 0.66655508203125 0.3829679765625 0.66305979296875 0.3600227578125 0.622996572265625 0.36159394140625 0.60971123828125 0.307004978515625
4 0.6863498263888889 0.27003038194444445 0.08515625000000004 0.0751736111111111
2 0.668202876953125 0.11574034375 0.65277175 0.109431720703125 0.622628677734375 0.144925595703125 0.650947091796875 0.240451455078125 0.678412556640625 0.2395315546875 0.6940210234375 0.209714923828125 0.668202876953125 0.11574034375