0 0 0.751112484375 0.028674736328125 0.75418225390625 0.544374908203125 0.93050505078125 0.60235073046875 0.9267492734375 0.7475536328125 0.8289951171875 0.828842431640625 0.41061630859375 0.818830654296875 0.39772767578125 0.818125759765625 0.3586282578125 0.823836318359375 0.248456271484375 0.80550882421875 0.204137736328125 0.79069333984375 0.1881088203125 0.6760716015625 0.18401316796875 0.677401546875 0.1724049453125 0.58891646875 0.16647364453125 0.57109809375 0.182670443359375 0.447150826171875 0.168573876953125 0.42800250390625 0.19637889453125 0.3970800859375 0.269262970703125 0.387106025390625 0.328800751953125 0.352670865234375 0.3524869296875 0.020902279296875 0.599305388671875 0 0.62056937890625 0 0.751112484375
7 0.7082899305555556 0.8395326967592592 0.018532986111111205 0.021744791666666652
7 0.6499999999999999 0.8774811921296296 0.020746527777777857 0.02763310185185186
7 0.5804253472222223 0.9058376736111111 0.016579861111110983 0.021715856481481444
7 0.4595269097222222 0.8812789351851852 0.020659722222222232 0.02567997685185186
7 0.3516710069444444 0.8487196180555555 0.018793402777777857 0.027604166666666652
7 0.2756076388888889 0.8254484953703703 0.018793402777777746 0.027604166666666652
7 0.20523003472222223 0.8059968171296297 0.02057291666666672 0.02372685185185186
7 0.14292534722222222 0.7805700231481482 0.016579861111111094 0.021715856481481444
7 0.0673828125 0.745580150462963 0.016579861111111094 0.021715856481481444
7 0.0008897569444444448 0.7203848379629629 0.0017795138888888895 0.027690972222222054
7 0.7377170138888889 0.7922526041666667 0.024826388888888884 0.031597222222222276
7 0.7488064236111112 0.7403645833333333 0.024652777777777857 0.027690972222222276
7 0.7610460069444445 0.6845558449074074 0.01649305555555558 0.019762731481481444
7 0.7719618055555556 0.6365740740740741 0.018967013888888884 0.03151041666666665
7 0.7805772569444445 0.596433738425926 0.01649305555555558 0.019762731481481444
7 0.7867621527777777 0.5670645254629629 0.018532986111110983 0.021744791666666652
7 0.794140625 0.5327980324074074 0.016406250000000178 0.017809606481481444
7 0.8002387152777778 0.5053819444444445 0.01453993055555558 0.019733796296296457
7 0.8062934027777777 0.4789424189814815 0.014366319444444553 0.015827546296296235
7 0.8101345486111111 0.4583912037037037 0.01258680555555558 0.019704861111111027
7 0.8149088541666667 0.4388020833333333 0.010286458333333304 0.01186342592592593