4 0.16953125000000002 0.6745442708333333 0.09401041666666665 0.095703125
3 0.28020833333333334 0.6011067708333333 0.16888020833333328 0.13797743055555545
3 0.39570312499999993 0.17625868055555555 0.2787760416666667 0.15065104166666665
3 0.382725689453125 0.51569405859375 0.373876732421875 0.527595470703125 0.398096248046875 0.535466560546875 0.4099507734375 0.538905275390625 0.41475622265625 0.53588334765625 0.4102948828125 0.533743654296875 0.49667012109375 0.41204466015625 0.509758744140625 0.41424412890625 0.510496560546875 0.394540779296875 0.491609615234375 0.37361444921875 0.473338982421875 0.382211841796875 0.487288505859375 0.39739158984375 0.404076970703125 0.523437130859375 0.382725689453125 0.51569405859375
3 0.32302140625 0.53156336328125 0.321650970703125 0.51759000390625 0.371292447265625 0.437614046875 0.3806442890625 0.4354415 0.38193466796875 0.41608582421875 0.362914998046875 0.41653459765625 0.354768126953125 0.426526345703125 0.359716525390625 0.429981779296875 0.307328251953125 0.516629779296875 0.309645609375 0.5422931484375 0.29467275390625 0.555063056640625 0.307272619140625 0.5606302734375 0.323366126953125 0.552286345703125 0.320102501953125 0.540817029296875 0.32302140625 0.53156336328125
1 0.74364528515625 0.492469201171875 0.61722702734375 0.273479728515625 0.52096248828125 0.405890517578125 0.611894451171875 0.62153435546875 0.74364528515625 0.492469201171875
1 0.52174286328125 0.39968189453125 0.615333705078125 0.265715052734375 0.529911400390625 0.12179102734375 0.455585201171875 0.244025533203125 0.52174286328125 0.39968189453125
1 0.5727443125 0.656033296875 0.49475821484375 0.446943576171875 0.422016671875 0.543209423828125 0.481254599609375 0.742238091796875 0.5727443125 0.656033296875
1 0.42297780859375 0.537428451171875 0.49203294921875 0.43959353125 0.4323795078125 0.28821316015625 0.3784930234375 0.384676740234375 0.42297780859375 0.537428451171875
1 0.458386681640625 0.773779001953125 0.402715875 0.57387012890625 0.34721873046875 0.6458885 0.388742232421875 0.834423345703125 0.458386681640625 0.773779001953125
1 0.3490544375 0.641107611328125 0.401443296875 0.568844294921875 0.362835236328125 0.420710970703125 0.31648303515625 0.499562333984375 0.3490544375 0.641107611328125
5 0.244669234375 0.883263841796875 0.210065552734375 0.89305016796875 0.223297126953125 0.90172699609375 0.269656375 0.888256662109375 0.3315142265625 0.89262365234375 0.416221849609375 0.889547142578125 0.42806908203125 0.875837578125 0.462837541015625 0.846321892578125 0.465103958984375 0.82959778125 0.497211603515625 0.8054644140625 0.5358177265625 0.787443556640625 0.561217220703125 0.74577572265625 0.605244208984375 0.698229478515625 0.637532146484375 0.688663892578125 0.68797728125 0.639784603515625 0.69466105078125 0.62584555078125 0.7401081484375 0.5828914765625 0.775113146484375 0.54982768359375 0.804789294921875 0.510379162109375 0.776639453125 0.501039296875 0.744597720703125 0.555270990234375 0.689038763671875 0.594540140625 0.6736059609375 0.627503376953125 0.651502609375 0.6569351796875 0.624838029296875 0.67710398046875 0.593210111328125 0.6854053515625 0.537885873046875 0.747756337890625 0.51860876171875 0.77796052734375 0.484786572265625 0.79328215625 0.444876166015625 0.82224565234375 0.43500721484375 0.8321603203125 0.4386149140625 0.838468552734375 0.432505181640625 0.85243312109375 0.410674173828125 0.860522048828125 0.387201384765625 0.875979994140625 0.346314287109375 0.876427859375 0.283158794921875 0.874267724609375 0.27171856640625 0.85596399609375 0.24792253125 0.850376796875 0.25736104296875 0.872798041015625 0.201922259765625 0.867098591796875 0.19734612890625 0.84942305078125 0.17190233203125 0.86095773828125 0.187594486328125 0.875891822265625 0.244669234375 0.883263841796875
6 0.798228599609375 0.37082698046875 0.766744630859375 0.38560521484375 0.78379992578125 0.397364376953125 0.803636859375 0.38465668359375 0.815392076171875 0.406857232421875 0.77745719140625 0.455299326171875 0.734814544921875 0.52523196875 0.64398713671875 0.606565234375 0.5584382890625 0.673136365234375 0.5367881875 0.721677677734375 0.493270046875 0.744333482421875 0.4326181484375 0.81026327734375 0.36782217578125 0.86724028515625 0.332688095703125 0.902240294921875 0.29740948828125 0.904878294921875 0.2350430625 0.89951826953125 0.238477150390625 0.882522396484375 0.176906470703125 0.86522615234375 0.160139615234375 0.892306404296875 0.201836978515625 0.914219962890625 0.276761939453125 0.921109125 0.340663541015625 0.920713693359375 0.36088757421875 0.90219951171875 0.40662249609375 0.87220025 0.436764923828125 0.833221884765625 0.4723076171875 0.792092689453125 0.515452876953125 0.757772388671875 0.546743294921875 0.7458973984375 0.577516884765625 0.715881046875 0.602602685546875 0.676227966796875 0.6824007421875 0.60886344140625 0.74386194140625 0.550120466796875 0.79293763671875 0.4872673203125 0.83248937890625 0.429168345703125 0.837615810546875 0.395423392578125 0.828162396484375 0.364589609375 0.844313185546875 0.338128751953125 0.825050666015625 0.326539310546875 0.82187373828125 0.32690447265625 0.815017896484375 0.343424609375 0.798228599609375 0.37082698046875