1 0.619559166015625 0.722061626953125 0.616016015625 0.664915126953125 0.46822860546875 0.63651691015625 0.456910517578125 0.6934836484375 0.619559166015625 0.722061626953125
1 0.678740185546875 0.670677298828125 0.68361610546875 0.73793575390625 0.85715803125 0.7612464296875 0.842412013671875 0.699314873046875 0.678740185546875 0.670677298828125
1 0.542267681640625 0.641505693359375 0.54623484375 0.588677654296875 0.41488887109375 0.572044318359375 0.400205423828125 0.619127748046875 0.542267681640625 0.641505693359375
1 0.574893076171875 0.59343046484375 0.57226642578125 0.646588072265625 0.72701421875 0.673534435546875 0.7194438671875 0.616009015625 0.574893076171875 0.59343046484375
1 0.7479413828125 0.621979890625 0.7577686796875 0.6772407109375 0.924228189453125 0.7003415390625 0.90091827734375 0.64234976171875 0.7479413828125 0.621979890625
1 0.546502275390625 0.58433005078125 0.550687681640625 0.541965455078125 0.42481871484375 0.523422521484375 0.41394612890625 0.56502880078125 0.546502275390625 0.58433005078125
1 0.5771047109375 0.544700021484375 0.57414055859375 0.58934151171875 0.7185638046875 0.611789412109375 0.71193619921875 0.561279509765625 0.5771047109375 0.544700021484375
1 0.737891494140625 0.56507878515625 0.747744638671875 0.615449064453125 0.897552369140625 0.6324664375 0.879937708984375 0.583028509765625 0.737891494140625 0.56507878515625
1 0.729114115234375 0.516022740234375 0.737844375 0.559252126953125 0.879057666015625 0.5788098828125 0.862354671875 0.534989033203125 0.729114115234375 0.516022740234375
1 0.722838361328125 0.480703689453125 0.728131119140625 0.511445830078125 0.858295201171875 0.529278685546875 0.8479810625 0.489840662109375 0.722838361328125 0.480703689453125
1 0.7141477890625 0.43555389453125 0.72257003515625 0.473546154296875 0.84794996484375 0.488441248046875 0.83215811328125 0.4502384375 0.7141477890625 0.43555389453125
1 0.7112989453125 0.406191900390625 0.7154658515625 0.4369982734375 0.831278068359375 0.4460198125 0.821181466796875 0.4163708515625 0.7112989453125 0.406191900390625
1 0.705240205078125 0.380638474609375 0.7084865234375 0.406044158203125 0.820363578125 0.4149491015625 0.810298048828125 0.386698576171875 0.705240205078125 0.380638474609375
1 0.803431119140625 0.252774623046875 0.7726554453125 0.250016310546875 0.76525280078125 0.376978802734375 0.800760865234375 0.382223443359375 0.803431119140625 0.252774623046875
1 0.68419291015625 0.37457702734375 0.682524333984375 0.3467841484375 0.585072857421875 0.33809778515625 0.58405862890625 0.363224009765625 0.68419291015625 0.37457702734375
1 0.69026109765625 0.399913103515625 0.68642867578125 0.374225580078125 0.58726858203125 0.36611415234375 0.582381361328125 0.3939216328125 0.69026109765625 0.399913103515625
1 0.694186423828125 0.43497025390625 0.692617626953125 0.40563837890625 0.583955537109375 0.393968275390625 0.58070409765625 0.424619255859375 0.694186423828125 0.43497025390625
1 0.6989290703125 0.4714481640625 0.69326866796875 0.43493525390625 0.581521986328125 0.426041005859375 0.578995755859375 0.45391844140625 0.6989290703125 0.4714481640625
1 0.70449015234375 0.50934783984375 0.698532328125 0.474127994140625 0.582174634765625 0.455410146484375 0.5798659375 0.49307664453125 0.70449015234375 0.50934783984375
1 0.709419828125 0.5542173671875 0.701554783203125 0.511302490234375 0.579928111328125 0.49587449609375 0.577774248046875 0.5405331640625 0.709419828125 0.5542173671875
1 0.565170716796875 0.3626643671875 0.567790197265625 0.33898322265625 0.477162044921875 0.330707876953125 0.469789509765625 0.352850673828125 0.565170716796875 0.3626643671875
1 0.564218111328125 0.3905884296875 0.56427704296875 0.362798916015625 0.47139476171875 0.35429575390625 0.463297037109375 0.37921307421875 0.564218111328125 0.3905884296875
1 0.56021093359375 0.422614533203125 0.56273028125 0.392030669921875 0.464146552734375 0.382033279296875 0.455354671875 0.41112160546875 0.56021093359375 0.422614533203125
1 0.557777931640625 0.45468728125 0.5601280234375 0.423182990234375 0.45692884765625 0.411168248046875 0.445838703125 0.44298448828125 0.557777931640625 0.45468728125
1 0.552352509765625 0.493658947265625 0.5576125703125 0.458241560546875 0.446688240234375 0.44580566796875 0.438776974609375 0.47911361328125 0.552352509765625 0.493658947265625
1 0.54938077734375 0.53689684375 0.5530295234375 0.499094384765625 0.436478138671875 0.481840533203125 0.42633073828125 0.5206722890625 0.54938077734375 0.53689684375
1 0.15875381640625 0.512744083984375 0.241729744140625 0.530576291015625 0.24162610546875 0.5613205390625 0.333766279296875 0.56684565234375 0.365804400390625 0.486734080078125 0.363728546875 0.431026619140625 0.17814788671875 0.394522970703125 0.1527675 0.420325728515625 0.15875381640625 0.512744083984375
0 1 0.672080177734375 0.861742013671875 0.365861599609375 0.83819427734375 0.367958921875 0.82025896875 0.33947521875 0.72822243359375 0.303205857421875 0.52958969140625 0.283345275390625 0.4454337421875 0.318586669921875 0.443889185546875 0.33190612109375 0.422290568359375 0.338864671875 0.309505259765625 0.64299510546875 0.3421757578125 0.662131814453125 0.4284035234375 0.75553017578125 0.919217060546875 0.82877240625 0.9992928515625 0.751481689453125 1 0.75165340625 1 0.672080177734375