3 0.758842796875 0.700986607421875 0.763623349609375 0.718036609375 0.781815189453125 0.70617145703125 0.77996596484375 0.70072566796875 0.808760884765625 0.689114564453125 0.840028466796875 0.66992837890625 0.858931662109375 0.6489987109375 0.843402193359375 0.623671197265625 0.8214658046875 0.626952189453125 0.806804607421875 0.64069705078125 0.814079798828125 0.651160919921875 0.82905973046875 0.65175915234375 0.758842796875 0.700986607421875
3 0.709056708984375 0.758413509765625 0.703527884765625 0.74735047265625 0.6859763828125 0.749876494140625 0.59330603125 0.581043783203125 0.602824076171875 0.573546875 0.600944818359375 0.56821019140625 0.576666681640625 0.585001681640625 0.581260384765625 0.593643396484375 0.677535802734375 0.771821455078125 0.6943845234375 0.771663896484375 0.709056708984375 0.758413509765625
3 0.517340662109375 0.6885554921875 0.49390969140625 0.703810296875 0.56530569921875 0.866986326171875 0.5897340390625 0.85611306640625 0.586942642578125 0.849345052734375 0.571072546875 0.8483044453125 0.511450205078125 0.70078980078125 0.522693623046875 0.691704716796875 0.517340662109375 0.6885554921875
3 0.703353255859375 0.439746322265625 0.699974501953125 0.429652341796875 0.686818873046875 0.4319178671875 0.674674306640625 0.44006609765625 0.58638894140625 0.31009791796875 0.601061126953125 0.29684753125 0.60092923046875 0.290912173828125 0.58156442578125 0.29106946484375 0.566364765625 0.32019846875 0.658287736328125 0.455399138671875 0.68387369140625 0.45784449609375 0.703353255859375 0.439746322265625
3 0.56814475390625 0.59841703515625 0.563880763671875 0.604612337890625 0.502082517578125 0.47802691796875 0.509687345703125 0.46370940625 0.499939490234375 0.46082062109375 0.486421251953125 0.486383548828125 0.553539494140625 0.614634765625 0.57117892578125 0.61606565234375 0.583278546875 0.6059390234375 0.58128939453125 0.59565703515625 0.56814475390625 0.59841703515625
3 0.5151628671875 0.433511388671875 0.464596158203125 0.336965419921875 0.466969900390625 0.32493895703125 0.4649697578125 0.3141624921875 0.456220982421875 0.316661443359375 0.45203393359375 0.32631917578125 0.45058333203125 0.340271994140625 0.455286953125 0.3538601171875 0.513075130859375 0.45309661328125 0.524910734375 0.436400728515625 0.5151628671875 0.433511388671875
3 0.415165529296875 0.467840810546875 0.42012282421875 0.4531850625 0.41985904296875 0.441314896484375 0.405032984375 0.447640974609375 0.4020978203125 0.474062689453125 0.451940833984375 0.57911792578125 0.46230347265625 0.56855208203125 0.45769876953125 0.559415341796875 0.451554552734375 0.560274568359375 0.415165529296875 0.467840810546875
3 0.451004646484375 0.37706893359375 0.45746751171875 0.350933849609375 0.453654052734375 0.337788103515625 0.4414875078125 0.344947384765625 0.429683650390625 0.368427662109375 0.4101210078125 0.359682189453125 0.378534703125 0.3645258359375 0.359741501953125 0.430020310546875 0.325407751953125 0.43007384375 0.307295810546875 0.44699505859375 0.328583517578125 0.45019910546875 0.332770875 0.444494619140625 0.3827878671875 0.43707340625 0.402493208984375 0.373010259765625 0.4130442890625 0.372385009765625 0.43087057421875 0.382224181640625 0.451004646484375 0.37706893359375
3 0.4964715390625 0.204508107421875 0.49138333984375 0.213228990234375 0.46919416015625 0.20513429296875 0.4251994921875 0.206255451171875 0.41035145703125 0.211592578125 0.39625069921875 0.21094224609375 0.396789162109375 0.195558103515625 0.381799224609375 0.194465337890625 0.379721255859375 0.219846001953125 0.394811083984375 0.225389541015625 0.459819 0.219061033203125 0.482063134765625 0.22962866015625 0.504022494140625 0.22733711328125 0.513308740234375 0.2094535234375 0.4964715390625 0.204508107421875
3 0.3421440972222222 0.34739583333333335 0.048090277777777746 0.05746527777777777
4 0.29678819444444443 0.3305266203703704 0.07981770833333335 0.08080150462962954
2 0.293546310546875 0.26407649609375 0.306581130859375 0.29598958984375 0.338606662109375 0.2926307421875 0.3693688984375 0.189754453125 0.3483225859375 0.153858873046875 0.315890068359375 0.16023804296875 0.293546310546875 0.26407649609375