1 0.657621953125 0.47775005859375 0.381191326171875 0.39879761328125 0.32783538671875 0.621004779296875 0.58379326171875 0.761353984375 0.657621953125 0.47775005859375
1 0.1525448671875 0.339215546875 0.121776744140625 0.513613861328125 0.31806055859375 0.615712716796875 0.365698240234375 0.39366046875 0.1525448671875 0.339215546875
7 0.7501446759259259 0.3680555555555556 0.031597222222222276 0.012644675925925997
7 0.6559678819444444 0.35230758101851856 0.027690972222222276 0.012528935185185164
7 0.5763527199074074 0.33905526620370374 0.027690972222222054 0.012528935185185164
7 0.5747685185185185 0.3595920138888889 0.031481481481481444 0.008738425925925886
7 0.6524305555555556 0.37290219907407407 0.035503472222222054 0.012760416666666607
7 0.49790943287037037 0.3521122685185185 0.03153935185185186 0.010691550925925997
7 0.42097077546296297 0.31438802083333334 0.02763310185185186 0.010575810185185164
7 0.3671440972222222 0.3198857060185185 0.023668981481481444 0.008506944444444442
7 0.31958188657407405 0.3115379050925926 0.02372685185185186 0.010460069444444442
7 0.32584635416666663 0.29769241898148147 0.033434606481481444 0.008796296296296302
7 0.3744140625 0.3050347222222222 0.035387731481481444 0.008854166666666718
7 0.8858723958333333 0.5621021412037037 0.039409722222222276 0.01287615740740744
7 0.8487991898148148 0.6607711226851851 0.03556134259259247 0.014713541666666607
7 0.5783275462962962 0.766355613425926 0.04142071759259247 0.014887152777777857
7 0.4745949074074074 0.710886863425926 0.041362847222222276 0.012934027777777857
7 0.4131944444444444 0.6756293402777778 0.051128472222222276 0.013223379629629717
7 0.35366030092592593 0.6432436342592592 0.03739872685185186 0.010865162037037024