6 0.608716087890625 0.375289642578125 0.574038947265625 0.320276578125 0.49574539453125 0.2750241640625 0.45725404296875 0.28878883984375 0.409223603515625 0.38081123046875 0.378905970703125 0.432260931640625 0.31734095703125 0.43676177734375 0.2621380625 0.43447477734375 0.27364430078125 0.4720343984375 0.318552779296875 0.494717703125 0.3892119296875 0.4901504375 0.4819204609375 0.330395564453125 0.586156546875 0.42263801171875 0.612698455078125 0.456142171875 0.645109845703125 0.408720826171875 0.608716087890625 0.375289642578125
5 0.71204152734375 0.64143542578125 0.689412814453125 0.55398030078125 0.668432955078125 0.548743888671875 0.65802025390625 0.57847791796875 0.676744140625 0.617431810546875 0.674107103515625 0.67676514453125 0.65577744140625 0.697121189453125 0.62405062890625 0.66095952734375 0.610755283203125 0.5680434453125 0.60543683203125 0.48315694921875 0.579434853515625 0.437516251953125 0.54866311328125 0.431003470703125 0.542678466796875 0.4643936953125 0.578492990234375 0.492792220703125 0.595072958984375 0.66521804296875 0.624085236328125 0.728360802734375 0.6753188828125 0.73472201171875 0.71204152734375 0.64143542578125
7 0.4888671875 0.6641276041666667 0.042187500000000044 0.07060185185185186
7 0.4240451388888889 0.6509403935185185 0.03385416666666663 0.058825231481481444
7 0.38934461805555554 0.6189814814814815 0.033506944444444464 0.051012731481481444
7 0.5256076388888888 0.4305338541666667 0.02543402777777759 0.04509548611111114
7 0.48962673611111107 0.40541811342592593 0.025694444444444464 0.05095486111111114
7 0.7229383680555556 0.493504050925926 0.042187500000000044 0.07060185185185186
7 0.6813585069444444 0.46257233796296293 0.04058159722222232 0.07839988425925926
7 0.19754774305555556 0.23381076388888888 0.042013888888888906 0.06669560185185186
7 0.2300347222222222 0.1837818287037037 0.036154513888888906 0.06665219907407405
7 0.30245225694444444 0.15786313657407408 0.033767361111111116 0.056872106481481444
7 0.06599392361111112 0.030750868055555554 0.027387152777777757 0.0451099537037037
7 0.03042534722222222 0.3697699652777778 0.03155381944444444 0.05099826388888884
3 0.8564670138888888 0.4544415509259259 0.25850694444444455 0.2811197916666667