5 0.593940103515625 0.57259537109375 0.4984515625 0.555357408203125 0.476071875 0.563312962890625 0.476053125 0.6005731484375 0.558131771484375 0.6190055546875 0.408185416015625 0.662763888671875 0.426089583984375 0.77812592578125 0.46264375 0.754258333984375 0.460405728515625 0.721107408203125 0.565591666015625 0.6853055546875 0.609605728515625 0.649503703125 0.593940103515625 0.57259537109375
5 0.301507291015625 0.5155768515625 0.326871353515625 0.50894722265625 0.369393228515625 0.51955462890625 0.408344791015625 0.533906482421875 0.416391666015625 0.5049694453125 0.409677603515625 0.4824268515625 0.336569271484375 0.463862962890625 0.273905208984375 0.495687037109375 0.260477083984375 0.556683333984375 0.2903171875 0.563312962890625 0.301507291015625 0.5155768515625
5 0.400725521484375 0.38165092578125 0.414153646484375 0.3736944453125 0.416391666015625 0.337892591796875 0.438025521484375 0.3219805546875 0.467119791015625 0.300763888671875 0.482303125 0.32279537109375 0.491738021484375 0.292808333984375 0.477563541015625 0.238442591796875 0.446231771484375 0.272918517578125 0.403709375 0.3073944453125 0.3865515625 0.336566666015625 0.388789583984375 0.372368517578125 0.400725521484375 0.38165092578125
6 0.347013541015625 0.78857592578125 0.375361458984375 0.671887037109375 0.384313541015625 0.6148694453125 0.359386458984375 0.6005731484375 0.328363541015625 0.67735 0.324633333984375 0.7409981484375 0.299269271484375 0.84177407421875 0.250779166015625 0.995590740234375 0.277635416015625 0.99907407421875 0.317919271484375 0.91852407421875 0.332093228515625 0.8562018515625 0.347013541015625 0.78857592578125
6 0.477933333984375 0.452782408203125 0.479289583984375 0.41179722265625 0.467334896484375 0.395041666015625 0.457248958984375 0.4111944453125 0.4538578125 0.4497694453125 0.448432291015625 0.50100092578125 0.435546875 0.5389731484375 0.4352078125 0.55584907421875 0.452840625 0.550425 0.465047916015625 0.50642592578125 0.477933333984375 0.452782408203125
7 0.513671875 0.3837890625 0.009765625 0.0146484375
7 0.4638671875 0.375 0.0087890625 0.013671875
7 0.451171875 0.37109375 0.0087890625 0.013671875
7 0.4580078125 0.599609375 0.013671875 0.0244140625
7 0.4482421875 0.5673828125 0.0146484375 0.025390625
7 0.4677734375 0.5712890625 0.0146484375 0.025390625
7 0.4384765625 0.59375 0.017578125 0.0244140625
7 0.36328125 0.5703125 0.0146484375 0.0244140625
7 0.345703125 0.564453125 0.013671875 0.021484375
7 0.3759765625 0.544921875 0.015625 0.021484375
7 0.359375 0.5380859375 0.013671875 0.0224609375