5 0.591796875 0.4560546875 0.1728515625 0.466796875
5 0.251953125 0.298828125 0.0888671875 0.26953125
5 0.626953125 0.1123046875 0.09765625 0.1943359375
5 0.3505859375 0.0673828125 0.0810546875 0.134765625
7 0.5703125 0.30859375 0.01171875 0.0205078125
7 0.5732421875 0.2802734375 0.0126953125 0.0234375
7 0.580078125 0.173828125 0.0107421875 0.017578125
7 0.5810546875 0.1513671875 0.0126953125 0.0185546875
7 0.30078125 0.25390625 0.0126953125 0.021484375
7 0.27734375 0.25 0.0126953125 0.017578125
7 0.28125 0.22265625 0.0126953125 0.0244140625
7 0.3046875 0.23046875 0.0166015625 0.025390625
7 0.2998046875 0.1220703125 0.015625 0.029296875
7 0.3212890625 0.1220703125 0.017578125 0.0224609375
7 0.302734375 0.095703125 0.013671875 0.021484375
7 0.3271484375 0.099609375 0.013671875 0.0185546875
7 0.021484375 0.1943359375 0.0146484375 0.0244140625
7 0.029296875 0.169921875 0.015625 0.0234375
7 0.0068359375 0.1640625 0.013671875 0.02734375
7 0.03515625 0.0654296875 0.013671875 0.0205078125
7 0.056640625 0.072265625 0.015625 0.021484375
7 0.0419921875 0.0439453125 0.013671875 0.0205078125
7 0.0625 0.046875 0.015625 0.021484375