1 0.96476449609375 0.411467548828125 0.765377755859375 0.315611390625 0.679128787109375 0.350323681640625 0.8846755078125 0.463527376953125 0.96476449609375 0.411467548828125
1 0.74268574609375 0.546013021484375 0.84895815625 0.484512158203125 0.651495884765625 0.35227445703125 0.53564733203125 0.398548533203125 0.74268574609375 0.546013021484375
1 0.696776021484375 0.57256873828125 0.487122921875 0.413307865234375 0.3632583046875 0.463549060546875 0.529349890625 0.667497298828125 0.696776021484375 0.57256873828125
1 0.76433519921875 0.31141884765625 0.617101724609375 0.247303939453125 0.53196236328125 0.27240774609375 0.675831462890625 0.352095751953125 0.76433519921875 0.31141884765625
1 0.532394607421875 0.398835146484375 0.64772113671875 0.3486391171875 0.51170966015625 0.279093181640625 0.392391701171875 0.3014440078125 0.532394607421875 0.398835146484375
1 0.484914865234375 0.40907215234375 0.356236009765625 0.309027552734375 0.260289263671875 0.332243978515625 0.35697451953125 0.453313662109375 0.484914865234375 0.40907215234375
7 0.32890624999999996 0.3817274305555556 0.010807291666666607 0.03551793981481488
7 0.3031756365740741 0.3592664930555556 0.00868055555555558 0.02958622685185186
7 0.2813512731481481 0.3369502314814815 0.012528935185185164 0.02777777777777768
7 0.18325376157407408 0.2492404513888889 0.008333333333333304 0.01786747685185186
7 0.16987123842592594 0.23896846064814814 0.00839120370370372 0.01982060185185186
7 0.15847077546296295 0.22779224537037038 0.010575810185185164 0.027705439814814825
7 0.004560908564814815 0.4762008101851852 0.00912181712962963 0.05121527777777779