5 0.66629524609375 0.95953093359375 0.67035300390625 0.95926041796875 0.70137637890625 0.948628857421875 0.757631123046875 0.932507681640625 0.7847828515625 0.8688442265625 0.77383651171875 0.81459376953125 0.718124640625 0.7963831875 0.714703603515625 0.821284830078125 0.74996616015625 0.842300318359375 0.747211771484375 0.87409783203125 0.658007591796875 0.92128065625 0.66629524609375 0.95953093359375
5 0.547320291015625 0.91903781640625 0.51120840625 0.922819708984375 0.494224416015625 0.88409148828125 0.51902739453125 0.859070669921875 0.5600428359375 0.846715275390625 0.594357703125 0.839187111328125 0.590234982421875 0.795219984375 0.51626889453125 0.81252095703125 0.466906259765625 0.866668712890625 0.46893576953125 0.927012318359375 0.48782433984375 0.958741400390625 0.5114944375 0.96678538671875 0.54837621484375 0.96295216796875 0.547320291015625 0.91903781640625
5 0.410150716796875 0.613418982421875 0.428513986328125 0.675422537109375 0.48772796484375 0.670099544921875 0.477983783203125 0.5513270234375 0.428833224609375 0.576436294921875 0.410150716796875 0.613418982421875
5 0.657018759765625 0.617578572265625 0.670389169921875 0.530093111328125 0.633345138671875 0.531188279296875 0.576004345703125 0.56590791796875 0.62184192578125 0.676278341796875 0.657018759765625 0.617578572265625
5 0.3952241171875 0.3876191484375 0.443209837890625 0.362427248046875 0.4208343125 0.297942310546875 0.353763966796875 0.431618078125 0.394053857421875 0.485287693359375 0.444349791015625 0.45994177734375 0.4384714921875 0.42597091015625 0.38566111328125 0.434990294921875 0.3952241171875 0.3876191484375
7 0.5784794560185185 0.9104817708333334 0.012644675925925775 0.016406249999999956
7 0.5695601851851853 0.87578125 0.012760416666666607 0.018359375000000178
7 0.5945023148148147 0.899609375 0.014945023148148273 0.022395833333333393
7 0.5859302662037037 0.8707682291666667 0.015060763888888884 0.024348958333333393
7 0.6613570601851853 0.8696614583333333 0.01287615740740744 0.020312500000000178
7 0.6508897569444445 0.8419270833333333 0.01287615740740744 0.020312499999999956
7 0.6776692708333334 0.863671875 0.01287615740740744 0.020312499999999956
7 0.6672019675925926 0.8359375 0.012991898148148273 0.022265624999999956
6 0.568014083984375 0.740421595703125 0.586829478515625 0.7970114921875 0.599563357421875 0.805325775390625 0.5898832109375 0.745262818359375 0.5505658125 0.67973147265625 0.530686984375 0.632375681640625 0.522246509765625 0.63953028515625 0.568014083984375 0.740421595703125