3 0.5236937578125 0.291692474609375 0.584985267578125 0.133280033203125 0.598117955078125 0.131101115234375 0.597678419921875 0.116266822265625 0.566938029296875 0.106335482421875 0.49860359765625 0.286193408203125 0.51219920703125 0.2996726953125 0.5236937578125 0.291692474609375
3 0.61683722265625 0.4164754921875 0.703832490234375 0.234750671875 0.7243012421875 0.232734779296875 0.722418908203125 0.218691818359375 0.69852634375 0.204160314453125 0.682507033203125 0.205502865234375 0.59001123828125 0.40187823046875 0.599376150390625 0.421028978515625 0.61683722265625 0.4164754921875
3 0.601114072265625 0.380712140625 0.584584037109375 0.367167642578125 0.5613507578125 0.374887001953125 0.49822575390625 0.5209049296875 0.526411333984375 0.5355312578125 0.527498810546875 0.5190846875 0.5796420546875 0.39835365625 0.600061962890625 0.39468931640625 0.601114072265625 0.380712140625
3 0.616897822265625 0.71543579296875 0.634236810546875 0.7067620546875 0.623403662109375 0.687578677734375 0.700247396484375 0.559160890625 0.722378716796875 0.5637708125 0.739832953125 0.550623873046875 0.718345455078125 0.52661987109375 0.680562142578125 0.538134013671875 0.594058375 0.686926560546875 0.616897822265625 0.71543579296875
3 0.558236962890625 0.56671151171875 0.538356373046875 0.539092 0.5179852890625 0.544404208984375 0.475673001953125 0.65052918359375 0.486068744140625 0.69448340625 0.498854298828125 0.690575814453125 0.495285001953125 0.669083677734375 0.539333111328125 0.57205690234375 0.558236962890625 0.56671151171875
3 0.445700244140625 0.430791123046875 0.414123421875 0.552802580078125 0.4349483359375 0.558798533203125 0.44146531640625 0.535291505859375 0.482383646484375 0.43160630859375 0.46406689453125 0.40731512109375 0.445700244140625 0.430791123046875
3 0.400766755859375 0.646393845703125 0.45503330859375 0.646775802734375 0.474645322265625 0.66533087109375 0.482813712890625 0.64409899609375 0.45708868359375 0.617173001953125 0.426568181640625 0.62637778515625 0.40121152734375 0.5623986640625 0.32620539453125 0.5517820625 0.338605625 0.577478732421875 0.373796375 0.577437357421875 0.400766755859375 0.646393845703125
3 0.38570079296875 0.682296390625 0.3679986640625 0.62919378125 0.326508853515625 0.63113813671875 0.35205153515625 0.68484277734375 0.366845765625 0.689289654296875 0.38570079296875 0.682296390625
3 0.40107786328125 0.805351267578125 0.422128185546875 0.81726145703125 0.5533842265625 0.798852837890625 0.53797851171875 0.773802947265625 0.41518940234375 0.78672279296875 0.40107786328125 0.805351267578125
3 0.346785806640625 0.853559859375 0.376498396484375 0.86657391015625 0.39723783984375 0.824207998046875 0.36175066796875 0.714720587890625 0.330920359375 0.71402224609375 0.315683470703125 0.74415608984375 0.346785806640625 0.853559859375
5 0.5090186953125 0.885166724609375 0.59529637109375 0.877200990234375 0.616500802734375 0.850493904296875 0.68385440625 0.74821955078125 0.76962351953125 0.624118220703125 0.80484078125 0.575485744140625 0.824015359375 0.529791484375 0.89936746875 0.40051715625 0.87682001953125 0.381897431640625 0.7873085703125 0.528152384765625 0.777034955078125 0.577339166015625 0.74228373828125 0.592214833984375 0.696182369140625 0.66942994921875 0.652674619140625 0.735173470703125 0.6029306953125 0.78842406640625 0.60231812109375 0.817235537109375 0.571233888671875 0.856900236328125 0.521418826171875 0.858263986328125 0.436413009765625 0.8596691171875 0.365774025390625 0.8505088515625 0.348716966796875 0.869250693359375 0.4195623984375 0.88482559375 0.5090186953125 0.885166724609375
6 0.833753900390625 0.41306020703125 0.761606927734375 0.502050302734375 0.699390642578125 0.57973127734375 0.647811130859375 0.67000239453125 0.60684607421875 0.722624681640625 0.5908256875 0.775801296875 0.545703169921875 0.836566853515625 0.517505546875 0.8746483359375 0.478473765625 0.893546998046875 0.424086138671875 0.889044236328125 0.35935476171875 0.881840859375 0.3435562421875 0.893019583984375 0.388087474609375 0.911304447265625 0.463018134765625 0.91626371875 0.52589160546875 0.910248646484375 0.56005677734375 0.875593919921875 0.600631142578125 0.80978578515625 0.641131228515625 0.74150524609375 0.68637582421875 0.684859943359375 0.713449126953125 0.658283853515625 0.728660576171875 0.627326046875 0.736488125 0.59455622265625 0.784740421875 0.5404490859375 0.8373210859375 0.483966806640625 0.86911555859375 0.41878695703125 0.911841943359375 0.32667231640625 0.912089263671875 0.2854989609375 0.893749125 0.260383861328125 0.90045031640625 0.23911995703125 0.88399249609375 0.2280472421875 0.83431344921875 0.2836257109375 0.87156583984375 0.303540505859375 0.850924048828125 0.34920216015625 0.833753900390625 0.41306020703125
1 0.83703229296875 0.37524835546875 0.66696599609375 0.233907267578125 0.608158138671875 0.37098565625 0.73318953515625 0.532714640625 0.83703229296875 0.37524835546875
1 0.600772205078125 0.369174166015625 0.666693224609375 0.224701283203125 0.557252681640625 0.13760526171875 0.51080734765625 0.252697435546875 0.600772205078125 0.369174166015625
1 0.708316021484375 0.584047734375 0.58427254296875 0.414918091796875 0.5392863828125 0.520993994140625 0.632281220703125 0.6902467109375 0.708316021484375 0.584047734375
1 0.534835900390625 0.519247734375 0.58215516796875 0.41257105859375 0.50041266015625 0.29776341015625 0.463725046875 0.39577772265625 0.534835900390625 0.519247734375
1 0.609804912109375 0.723513826171875 0.51707866796875 0.56332612890625 0.4813709296875 0.644890904296875 0.553433068359375 0.800501283203125 0.609804912109375 0.723513826171875
1 0.482716044921875 0.6408026796875 0.51660868359375 0.550263294921875 0.45164337890625 0.4333939453125 0.42322286328125 0.513473298828125 0.482716044921875 0.6408026796875
4 0.3138237847222222 0.6774305555555555 0.07653356481481477 0.07977430555555554