5 0.531095328125 0.138195935546875 0.858381462890625 0.1300483046875 0.837957107421875 0.053467892578125 0.7922385 0.045601875 0.49942641796875 0.035674744140625 0.531095328125 0.138195935546875
5 0.4260236953125 0.30547108203125 0.80544578515625 0.249705857421875 0.817356740234375 0.20810615625 0.743760615234375 0.171695279296875 0.378352923828125 0.20235723046875 0.4260236953125 0.30547108203125
5 0.74195376953125 0.410262724609375 0.75239807421875 0.37311311328125 0.7237748046875 0.342871265625 0.578010015625 0.356894908203125 0.57858788671875 0.382441150390625 0.681550091796875 0.421538791015625 0.74195376953125 0.410262724609375
5 0 0.593968244140625 0.0369793125 0.59585844921875 0.084959720703125 0.5533424453125 0.133784634765625 0.52737373046875 0.230480111328125 0.552726552734375 0.3657098828125 0.58401046484375 0.40115608984375 0.55904788671875 0.329174423828125 0.510587197265625 0.300905771484375 0.473504896484375 0.344175146484375 0.454838126953125 0.46847068359375 0.494725892578125 0.52042996484375 0.49815195703125 0.500467548828125 0.45515162109375 0.37330927734375 0.4176296484375 0.286660169921875 0.413669859375 0.236190859375 0.450087623046875 0.2501031484375 0.521171873046875 0.154564173828125 0.501867943359375 0.066336396484375 0.5061074296875 0.0110225625 0.525830279296875 0 0.552947556640625 0 0.593968244140625
6 0.5433645390625 0.580079791015625 0.52576346875 0.543393111328125 0.530964259765625 0.503046005859375 0.55936497265625 0.4455410234375 0.6347919140625 0.46785391796875 0.66814933984375 0.46833829296875 0.64630386328125 0.439752154296875 0.5786769296875 0.424485294921875 0.477315626953125 0.3764381171875 0.41097852734375 0.36272015234375 0.394688748046875 0.371876216796875 0.42213419140625 0.39166093359375 0.504050984375 0.4202197265625 0.494939236328125 0.502462830078125 0.407111421875 0.64876865625 0.389112158203125 0.6952343125 0.477562125 0.683495873046875 0.5386314453125 0.64972291015625 0.5433645390625 0.580079791015625
7 0.42208478009259265 0.5034722222222222 0.019878472222222276 0.012442129629629761
7 0.44537760416666666 0.5092230902777778 0.021889467592592582 0.01446759259259256
7 0.5413339120370371 0.5372178819444444 0.023784722222222054 0.01258680555555558
7 0.5645978009259259 0.5439453125 0.019878472222222276 0.01244212962962954
7 0.5356987847222222 0.29846643518518523 0.021831597222222276 0.01251446759259256
7 0.5449797453703704 0.2821903935185185 0.02384259259259247 0.01453993055555558
7 0.563302951388889 0.29069010416666663 0.02384259259259247 0.01453993055555558
7 0.5550274884259259 0.3060257523148148 0.02384259259259247 0.01453993055555558
7 0.6375144675925926 0.32667824074074076 0.015972222222222054 0.01229745370370372
7 0.6262803819444445 0.3428819444444444 0.01993634259259247 0.01439525462962954
7 0.6577907986111111 0.33525028935185186 0.021831597222222276 0.01251446759259256