5 0.341819271484375 0.484115740234375 0.354874478515625 0.50267962890625 0.375016666015625 0.513287962890625 0.396277603515625 0.50732037109375 0.399634375 0.49472407421875 0.386206771484375 0.48345277734375 0.372405728515625 0.484115740234375 0.361961458984375 0.48080092578125 0.352636458984375 0.47417037109375 0.35599375 0.454943517578125 0.366064583984375 0.427760185546875 0.385460416015625 0.399913888671875 0.397396875 0.380687037109375 0.401499478515625 0.383338888671875 0.406255728515625 0.375287037109375 0.401499478515625 0.356156482421875 0.389936458984375 0.357482408203125 0.365691666015625 0.3952731484375 0.357858333984375 0.4145 0.345922396484375 0.43372777734375 0.3399546875 0.458921296875 0.341819271484375 0.484115740234375
5 0.3757625 0.649865740234375 0.380984375 0.681689814453125 0.40261875 0.698265740234375 0.428728646484375 0.696938888671875 0.4317125 0.67970092578125 0.417165625 0.67439722265625 0.4011265625 0.672408333984375 0.392920833984375 0.65782222265625 0.407094791015625 0.639921296875 0.425371875 0.62997592578125 0.443648958984375 0.627987037109375 0.4755265625 0.61602777734375 0.477965103515625 0.61340092578125 0.4757265625 0.590859259765625 0.462671875 0.596162962890625 0.442902603515625 0.6041194453125 0.41194375 0.61340092578125 0.3865796875 0.6259981484375 0.3757625 0.649865740234375
5 0.537644791015625 0.608760185546875 0.540630728515625 0.626212962890625 0.558159896484375 0.622683333984375 0.57755625 0.618041666015625 0.600309375 0.627987037109375 0.624554166015625 0.616715740234375 0.6215703125 0.59152222265625 0.595086978515625 0.587543517578125 0.560770833984375 0.59682592578125 0.537644791015625 0.608760185546875
5 0.420144791015625 0.95942222265625 0.438794791015625 0.987931482421875 0.460802083984375 0.99257222265625 0.488777083984375 0.980637962890625 0.486911978515625 0.952128703125 0.4637859375 0.95345462890625 0.447746875 0.946825 0.433572916015625 0.933564814453125 0.439167708984375 0.907707408203125 0.466396875 0.88715462890625 0.5010859375 0.874557408203125 0.524211978515625 0.86129722265625 0.530553125 0.869916666015625 0.543234896484375 0.86232407421875 0.533536978515625 0.826158333984375 0.517871353515625 0.836103703125 0.496983333984375 0.845385185546875 0.456698958984375 0.86262407421875 0.427231771484375 0.87919907421875 0.411566146484375 0.919641666015625 0.420144791015625 0.95942222265625
5 0.711458333984375 0.889806482421875 0.696538541015625 0.861961111328125 0.673039583984375 0.843396296875 0.642080208984375 0.842733333984375 0.646929166015625 0.87919907421875 0.669309375 0.881187962890625 0.6853484375 0.891132408203125 0.6920625 0.9163268515625 0.679753646484375 0.936216666015625 0.6562546875 0.94549907421875 0.626041146484375 0.957433333984375 0.608510416015625 0.961411111328125 0.59993125 0.9607481484375 0.5880265625 0.966953703125 0.596574478515625 0.99907407421875 0.619327603515625 0.99907407421875 0.640961458984375 0.997212962890625 0.686467708984375 0.9720194453125 0.7069828125 0.95345462890625 0.7133234375 0.924282408203125 0.711458333984375 0.889806482421875
6 0.611494271484375 0.7519018515625 0.605899478515625 0.732012037109375 0.583146353515625 0.737316666015625 0.554052083984375 0.743946296875 0.531299478515625 0.7631731484375 0.51600625 0.765825 0.496609896484375 0.758532408203125 0.472738021484375 0.765162037109375 0.4544609375 0.77842222265625 0.437676041015625 0.7890305546875 0.442193228515625 0.804916666015625 0.464531771484375 0.796986111328125 0.492880208984375 0.78505277734375 0.506308333984375 0.787041666015625 0.515260416015625 0.80892037109375 0.54398125 0.7890305546875 0.563377083984375 0.773118517578125 0.591725521484375 0.761184259765625 0.611494271484375 0.7519018515625
6 0.602169271484375 0.449490740234375 0.607391146484375 0.4700444453125 0.614478646484375 0.478 0.620446353515625 0.500541666015625 0.614478646484375 0.50452037109375 0.5838921875 0.51115 0.558528125 0.517117591796875 0.534283333984375 0.525736111328125 0.4999671875 0.535018517578125 0.482063021484375 0.548278703125 0.4719921875 0.554908333984375 0.46938125 0.57082037109375 0.480570833984375 0.57347222265625 0.48915 0.5635268515625 0.514886978515625 0.5509305546875 0.542861978515625 0.5443 0.568599478515625 0.537007408203125 0.593590625 0.52905092578125 0.622311458984375 0.5197694453125 0.629771353515625 0.5197694453125 0.635366666015625 0.53767037109375 0.648421353515625 0.557560185546875 0.675005728515625 0.547509259765625 0.664460416015625 0.53302962890625 0.650659375 0.53767037109375 0.640215625 0.524410185546875 0.631263541015625 0.491260185546875 0.619327603515625 0.472033333984375 0.611121353515625 0.446838888671875 0.602169271484375 0.449490740234375
7 0.6162109375 0.904296875 0.01171875 0.0185546875
7 0.607421875 0.8759765625 0.0107421875 0.017578125
7 0.591796875 0.8818359375 0.01171875 0.01953125
7 0.599609375 0.91015625 0.013671875 0.01953125
7 0.52734375 0.904296875 0.0107421875 0.017578125
7 0.5341796875 0.935546875 0.0126953125 0.01953125
7 0.5107421875 0.9130859375 0.01171875 0.0185546875
7 0.517578125 0.943359375 0.0126953125 0.017578125
7 0.5361328125 0.6376953125 0.0078125 0.013671875
7 0.53125 0.6201171875 0.0087890625 0.015625
7 0.5185546875 0.6220703125 0.0087890625 0.013671875
7 0.5224609375 0.640625 0.009765625 0.013671875
7 0.466796875 0.638671875 0.0087890625 0.01171875
7 0.470703125 0.6572265625 0.0078125 0.013671875
7 0.4521484375 0.642578125 0.0078125 0.0126953125
7 0.4560546875 0.6640625 0.009765625 0.0146484375