1 0.1654770625 0.494298115234375 0.181238109375 0.52137453125 0.32085659765625 0.627529138671875 0.5656504609375 0.811931625 0.581673205078125 0.7737748828125 0.409227689453125 0.653667384765625 0.281070947265625 0.5521865 0.191452888671875 0.489900177734375 0.207171142578125 0.332600095703125 0.182310494140625 0.32013443359375 0.1685166484375 0.405589669921875 0.1654770625 0.494298115234375
6 0.54731251953125 0.72921359375 0.305776951171875 0.5421797109375 0.163475244140625 0.427576251953125 0.16691063671875 0.37636616015625 0.173830962890625 0.303099341796875 0.146634259765625 0.331042734375 0.137907416015625 0.45420393359375 0.2123155 0.508873732421875 0.32986225390625 0.604329673828125 0.450102841796875 0.692964818359375 0.56043983984375 0.776995490234375 0.636416150390625 0.81646487109375 0.66684719921875 0.8164292578125 0.70159518359375 0.798535302734375 0.663983607421875 0.76632731640625 0.648894396484375 0.78648019140625 0.54731251953125 0.72921359375
3 0.2425564236111111 0.4189453125 0.041232638888888895 0.11875000000000002
3 0.36728153935185187 0.3354166666666667 0.04950810185185184 0.05286458333333344
3 0.328650400390625 0.52237280078125 0.310670443359375 0.542701572265625 0.4437665625 0.64965002734375 0.461538447265625 0.637945978515625 0.457249708984375 0.600274607421875 0.328650400390625 0.52237280078125
3 0.551547388671875 0.557267154296875 0.559767798828125 0.57122080859375 0.7289503046875 0.672041591796875 0.7431287421875 0.639355298828125 0.56620514453125 0.54542469921875 0.551547388671875 0.557267154296875
3 0.671279890625 0.475132197265625 0.661496515625 0.498297095703125 0.6754351875 0.504629921875 0.81861130078125 0.583018673828125 0.829879931640625 0.561307892578125 0.82132858984375 0.545657712890625 0.671279890625 0.475132197265625
3 0.472994234375 0.4621551875 0.4635789609375 0.49327539453125 0.59039731640625 0.560381921875 0.606612138671875 0.548608669921875 0.604719376953125 0.524925802734375 0.472994234375 0.4621551875
3 0.466109015625 0.48961320703125 0.35398836328125 0.4249376953125 0.3310028125 0.444731865234375 0.3453306484375 0.45648125 0.35361755859375 0.447132826171875 0.44075666796875 0.51208518359375 0.466109015625 0.48961320703125
3 0.4478545859375 0.39024066015625 0.448326373046875 0.40923368359375 0.561316330078125 0.459140091796875 0.579304189453125 0.443281328125 0.466189302734375 0.38272594140625 0.4478545859375 0.39024066015625
3 0.3788007421875 0.36773716796875 0.373483796875 0.37999380078125 0.37643090234375 0.41344123046875 0.3607905625 0.414135177734375 0.356671037109375 0.433386521484375 0.374994595703125 0.441141423828125 0.398430826171875 0.425524810546875 0.393004775390625 0.394743416015625 0.44432183984375 0.383142158203125 0.45780498828125 0.33376673828125 0.458775841796875 0.312763431640625 0.4360923046875 0.316143505859375 0.433302662109375 0.354889357421875 0.3788007421875 0.36773716796875
4 0.35085358796296295 0.29357638888888893 0.07436342592592593 0.08125000000000004
2 0.19915990625 0.311166564453125 0.191363962890625 0.326090197265625 0.222622271484375 0.355242515625 0.31854217578125 0.327856451171875 0.3206074765625 0.301294115234375 0.293302259765625 0.286198537109375 0.19915990625 0.311166564453125