5 0.6221860532407407 0.6541594328703704 0.17459490740740735 0.09434317129629632
5 0.39581163194444446 0.5979166666666667 0.11296296296296293 0.12271412037037033
5 0.42412471064814816 0.43238570601851856 0.05769675925925921 0.10237268518518516
5 0.09772135416666666 0.5612991898148147 0.165234375 0.1078703703703705
5 0.09603587962962963 0.33954716435185184 0.17500000000000002 0.10801504629629632
7 0.1331886574074074 0.40640914351851853 0.023842592592592582 0.014019097222222276
7 0.12785011574074073 0.42407407407407405 0.01987847222222222 0.01200810185185186
7 0.10167824074074074 0.3980830439814815 0.01987847222222222 0.01200810185185186
7 0.10551938657407407 0.49474826388888893 0.01987847222222222 0.01200810185185186
7 0.0982277199074074 0.5124421296296297 0.01987847222222222 0.01200810185185186
7 0.09533420138888889 0.41478587962962965 0.01792534722222222 0.011979166666666652
6 0.543436173828125 0.566683189453125 0.4978036171875 0.546782400390625 0.47265146484375 0.5289396875 0.423387162109375 0.528320349609375 0.356152755859375 0.5293164140625 0.312601734375 0.51882961328125 0.27850449609375 0.50314347265625 0.22910048828125 0.477563837890625 0.17268191015625 0.478737107421875 0.179555263671875 0.4877426640625 0.225889908203125 0.49390555859375 0.299022439453125 0.53296401953125 0.366616501953125 0.54410637109375 0.40671693359375 0.539464189453125 0.43438056640625 0.54074097265625 0.4498771328125 0.557040115234375 0.488686271484375 0.56962065234375 0.528646681640625 0.580498087890625 0.5645337265625 0.59582027734375 0.573120466796875 0.6122093515625 0.5890076015625 0.604800216796875 0.583745224609375 0.589361201171875 0.543436173828125 0.566683189453125