5 0.3876519097222222 0.4330222800925926 0.07052951388888884 0.1376736111111112
5 0.4499782986111111 0.6480613425925925 0.08832465277777779 0.09890046296296306
5 0.5050130208333333 0.9189091435185185 0.09839409722222214 0.14979745370370368
5 0.7257595486111111 0.9166160300925926 0.09982638888888884 0.13810763888888888
5 0.6244140625 0.6151837384259259 0.07699652777777777 0.06359953703703702
5 0.56640625 0.43135127314814814 0.05924479166666674 0.05943287037037037
6 0.62193829296875 0.868510033203125 0.483110138671875 0.452373322265625 0.4634499375 0.470272177734375 0.589386205078125 0.894873384765625 0.62193829296875 0.868510033203125
7 0.656640625 0.8785517939814815 0.01453993055555558 0.019733796296296457
7 0.6657118055555555 0.9067563657407407 0.012413194444444553 0.01579861111111125
7 0.6403862847222221 0.8866102430555556 0.014713541666666607 0.023640046296296235
7 0.6493272569444444 0.9118851273148147 0.012500000000000178 0.01775173611111125
7 0.5758680555555555 0.9080873842592592 0.012499999999999956 0.01775173611111125
7 0.5595703125 0.9151692708333333 0.01258680555555558 0.019704861111111027