3 0.144846875 0.554031482421875 0.158275 0.554031482421875 0.160513021484375 0.54209722265625 0.3052375 0.4824268515625 0.312697396484375 0.471818517578125 0.300761458984375 0.459885185546875 0.136469791015625 0.52649907421875 0.144846875 0.554031482421875
3 0.223969791015625 0.62835092578125 0.22243125 0.6428731484375 0.235113021484375 0.664089814453125 0.2477953125 0.665415740234375 0.250033333984375 0.6468518515625 0.416391666015625 0.563312962890625 0.420867708984375 0.54740092578125 0.403709375 0.53944537109375 0.223969791015625 0.62835092578125
3 0.511133853515625 0.479775 0.526053125 0.47835092578125 0.513371875 0.45325462890625 0.3798375 0.51425092578125 0.372377603515625 0.535467591796875 0.384313541015625 0.55005277734375 0.3969953125 0.5487268515625 0.400725521484375 0.530162962890625 0.511133853515625 0.479775
3 0.5253078125 0.61767962890625 0.514117708984375 0.6521555546875 0.535428125 0.670943517578125 0.547688021484375 0.654807408203125 0.5439578125 0.634917591796875 0.661826041015625 0.561987037109375 0.678984375 0.5712694453125 0.687190103515625 0.555357408203125 0.661826041015625 0.535467591796875 0.5253078125 0.61767962890625
3 0.667047916015625 0.4492768515625 0.670844791015625 0.437610185546875 0.631240103515625 0.429387037109375 0.534259896484375 0.470493517578125 0.529038021484375 0.489057408203125 0.553655728515625 0.50629537109375 0.558878125 0.489057408203125 0.647652083984375 0.446625 0.667047916015625 0.4492768515625
3 0.5439578125 0.376346296875 0.432803646484375 0.40817037109375 0.411169271484375 0.425408333984375 0.432803646484375 0.441321296875 0.527545833984375 0.401540740234375 0.548969791015625 0.395017591796875 0.5439578125 0.376346296875
3 0.567083853515625 0.339218517578125 0.5678296875 0.3073944453125 0.544803125 0.2968694453125 0.552909896484375 0.364412962890625 0.610352083984375 0.385628703125 0.6014 0.413475 0.625271875 0.436016666015625 0.644668228515625 0.428061111328125 0.628255728515625 0.4108231484375 0.629002083984375 0.361760185546875 0.567083853515625 0.339218517578125
3 0.668540103515625 0.329936111328125 0.664809896484375 0.3166768515625 0.616678125 0.295017591796875 0.614081771484375 0.332588888671875 0.661826041015625 0.34717407421875 0.668540103515625 0.329936111328125
3 0.755822396484375 0.371042591796875 0.741647916015625 0.4824268515625 0.764028125 0.495687037109375 0.783344791015625 0.37649907421875 0.772980208984375 0.357782408203125 0.755822396484375 0.371042591796875
3 0.828930728515625 0.333914814453125 0.817740625 0.3073944453125 0.719268228515625 0.2822 0.691666146484375 0.296786111328125 0.691678125 0.32464722265625 0.790138021484375 0.35380462890625 0.828930728515625 0.333914814453125
5 0.573052083984375 0.67204537109375 0.558878125 0.7038694453125 0.514117708984375 0.71447777734375 0.3798375 0.799341666015625 0.396249478515625 0.819232408203125 0.514863541015625 0.74762777734375 0.556639583984375 0.729063888671875 0.6014 0.695913888671875 0.715538021484375 0.61502777734375 0.809534375 0.55137962890625 0.834152603515625 0.531488888671875 0.8431046875 0.45325462890625 0.844596353515625 0.372368517578125 0.831914583984375 0.30872037109375 0.814594791015625 0.32464722265625 0.8214703125 0.3882805546875 0.818486458984375 0.465188888671875 0.8162484375 0.5102731484375 0.779694271484375 0.53944537109375 0.753584375 0.540771296875 0.7043484375 0.587181482421875 0.643921875 0.628287037109375 0.573052083984375 0.67204537109375
6 0.5253078125 0.71182592578125 0.575289583984375 0.666741666015625 0.605130208984375 0.658785185546875 0.633478125 0.6442 0.658095833984375 0.6190055546875 0.710316146484375 0.5765731484375 0.772980208984375 0.5381194453125 0.83340625 0.499664814453125 0.865484375 0.467840740234375 0.8721984375 0.4108231484375 0.869214583984375 0.343196296875 0.8535484375 0.303416666015625 0.8431046875 0.31800277734375 0.8483265625 0.376346296875 0.851310416015625 0.425408333984375 0.83340625 0.461211111328125 0.798344271484375 0.4877305546875 0.742394271484375 0.530162962890625 0.693904166015625 0.546075 0.6454140625 0.58452962890625 0.5626078125 0.633591666015625 0.490991666015625 0.691935185546875 0.408931771484375 0.759562037109375 0.350743228515625 0.7768 0.3089671875 0.796689814453125 0.291678125 0.763536111328125 0.240334896484375 0.80995 0.250033333984375 0.824536111328125 0.269429166015625 0.817906482421875 0.291809375 0.833818517578125 0.329109375 0.832491666015625 0.413407291015625 0.791386111328125 0.4730875 0.760887962890625 0.5253078125 0.71182592578125
1 0.250011458984375 0.613536111328125 0.374615625 0.763539814453125 0.519339583984375 0.665415740234375 0.375361458984375 0.556683333984375 0.250011458984375 0.613536111328125
1 0.241678125 0.613536111328125 0.373869271484375 0.55005277734375 0.270175 0.471818517578125 0.1649890625 0.51690277734375 0.241678125 0.613536111328125
1 0.415636458984375 0.533906482421875 0.566338021484375 0.64154722265625 0.6640640625 0.569943517578125 0.512626041015625 0.490383333984375 0.415636458984375 0.533906482421875
1 0.413553125 0.53205462890625 0.511133853515625 0.4864055546875 0.400725521484375 0.425408333984375 0.311205208984375 0.461211111328125 0.413553125 0.53205462890625
1 0.551417708984375 0.469166666015625 0.69465 0.5487268515625 0.7655203125 0.495687037109375 0.626018228515625 0.434690740234375 0.551417708984375 0.469166666015625
1 0.539594791015625 0.469091666015625 0.622288021484375 0.436016666015625 0.50815 0.385628703125 0.435041666015625 0.413475 0.539594791015625 0.469091666015625
4 0.6591796875 0.2822265625 0.0703125 0.068359375