5 0 0.653729166015625 0.101751302734375 0.7564944453125 0.125063802734375 0.880807408203125 0.18287890625 0.999537037109375 0.256546615234375 0.98025787109375 0.419734375 0.7564944453125 0.606234896484375 0.469746296875 0.747042447265625 0.24598287109375 0.802992708984375 0.202887962890625 0.834697916015625 0.216147685546875 0.83563046875 0.184655091796875 0.801127603515625 0.14819027734375 0.735852603515625 0.2095180546875 0.625817447265625 0.381898611328125 0.4439796875 0.6404694453125 0.298509115234375 0.864232408203125 0.209921353515625 0.94710787109375 0.180081509765625 0.85760277734375 0.148376302734375 0.7332893515625 0.085898697265625 0.6487569453125 0.125996353515625 0.5841143515625 0.353526822265625 0.3089680546875 0.49806484375 0.134930091796875 0.622410416015625 0.005346759765625 0.600640103515625 0 0.535364583984375 0.05039722265625 0.405746875 0.1863125 0.327416666015625 0.289078240234375 0.10081875 0.532731482421875 0.062586197265625 0.6238944453125 0.047666146484375 0.590743982421875 0.069113541015625 0.526101388671875 0 0.469746296875 0 0.653729166015625
5 0.960585677734375 0.453171296875 0.6780375 0.999537037109375 0.726527603515625 0.999537037109375 0.871065365234375 0.7067694453125 0.979235677734375 0.499581482421875 0.998818228515625 0.461458796875 0.999739583984375 0.415048611328125 0.960585677734375 0.453171296875
1 0.435586978515625 0.999537037109375 0.878920833984375 0.276180091796875 0.704147396484375 0.08354722265625 0.254681509765625 0.663674537109375 0.435586978515625 0.999537037109375
1 0.4533046875 0.0056444453125 0.102683853515625 0.36863842578125 0.2369640625 0.643784259765625 0.687514583984375 0.074791203125 0.624884896484375 0 0.4533046875 0.0056444453125
7 0.3056640625 0.0849609375 0.015625 0.0244140625
7 0.353515625 0.154296875 0.0166015625 0.0283203125
7 0.4560546875 0.3037109375 0.0234375 0.037109375
7 0.513671875 0.3896484375 0.01953125 0.03125
7 0.642578125 0.5810546875 0.0205078125 0.0361328125
7 0.71875 0.69140625 0.025390625 0.0439453125
7 0.8935546875 0.939453125 0.02734375 0.052734375