5 0.4188946759259259 0.36126302083333334 0.18090277777777786 0.09401041666666665
5 0.6592954282407408 0.43203125 0.1109085648148147 0.1108072916666667
5 0.42701822916666665 0.5387369791666667 0.061501736111111094 0.06848958333333321
5 0.6284288194444445 0.6020182291666667 0.06391782407407387 0.09986979166666665
5 0.9232638888888889 0.4955729166666667 0.14265046296296302 0.1460937499999999
5 0.9278790509259258 0.7119140625 0.1265335648148147 0.1118489583333333
6 0.61794580078125 0.516669482421875 0.685756 0.514709755859375 0.74308505859375 0.538782181640625 0.79168633203125 0.567943322265625 0.883677791015625 0.588656009765625 0.88392955078125 0.571662224609375 0.802263380859375 0.535437158203125 0.686043724609375 0.495288287109375 0.645715669921875 0.491789912109375 0.566774939453125 0.466276705078125 0.482423314453125 0.446141771484375 0.47747396875 0.45870306640625 0.53752846875 0.4934873515625 0.61794580078125 0.516669482421875
7 0.9400896990740741 0.5475260416666667 0.02361111111111125 0.013281249999999911
7 0.9712384259259259 0.5564453125 0.023640046296296235 0.015234374999999911
7 0.9329933449074075 0.5646484375 0.02358217592592604 0.011328124999999911
7 0.9651186342592593 0.5736328125000001 0.023640046296296235 0.015234374999999911
7 0.9055989583333333 0.6322265625000001 0.02361111111111125 0.013281249999999911
7 0.9376953125 0.6431640625 0.021686921296296457 0.015104166666666696
7 0.901417824074074 0.6505208333333333 0.023668981481481666 0.01718749999999991
7 0.9296079282407408 0.6611979166666666 0.02165798611111125 0.013151041666666696