5 0.213651302734375 0.822794908203125 0.349796875 0.6421268515625 0.53386875 0.560902314453125 0.5558796875 0.408418517578125 0.411341927734375 0.3155981484375 0.144646353515625 0.501238888671875 0.001041146484375 0.71174212890625 0 0.999537037109375 0.157701302734375 0.999537037109375 0.213651302734375 0.822794908203125
7 0.5673828125 0.9208984375 0.04296875 0.076171875
7 0.4208984375 0.818359375 0.0380859375 0.0751953125
7 0.5849609375 0.3388671875 0.0341796875 0.046875
7 0.419921875 0.244140625 0.0302734375 0.052734375
7 0.302734375 0.1845703125 0.025390625 0.04296875
7 0.42578125 0.4814453125 0.041015625 0.076171875
7 0.3095703125 0.3818359375 0.0380859375 0.0537109375
7 0.7080078125 0.275390625 0.0234375 0.0400390625
7 0.67578125 0.193359375 0.02734375 0.0419921875
7 0.791015625 0.140625 0.0244140625 0.0478515625
7 0.0224609375 0.41015625 0.037109375 0.0634765625