1 0.247928125 0.617239814453125 0.3783453125 0.764865740234375 0.522323958984375 0.6707194453125 0.374615625 0.5527055546875 0.247928125 0.617239814453125
1 0.244803125 0.609832408203125 0.369393228515625 0.55005277734375 0.270921353515625 0.47314537109375 0.1649890625 0.5155768515625 0.244803125 0.609832408203125
1 0.420844791015625 0.533906482421875 0.5626078125 0.64154722265625 0.666302083984375 0.57259537109375 0.514863541015625 0.489057408203125 0.420844791015625 0.533906482421875
1 0.414594791015625 0.53020277734375 0.508895833984375 0.4824268515625 0.394757291015625 0.424082408203125 0.3141890625 0.462537037109375 0.414594791015625 0.53020277734375
1 0.546886458984375 0.469091666015625 0.695396353515625 0.5527055546875 0.772980208984375 0.500990740234375 0.627509896484375 0.436016666015625 0.546886458984375 0.469091666015625
1 0.542719791015625 0.47464722265625 0.619304166015625 0.434690740234375 0.5066578125 0.3882805546875 0.440263541015625 0.418778703125 0.542719791015625 0.47464722265625
3 0.237351041015625 0.665415740234375 0.418761458984375 0.567239814453125 0.409677603515625 0.53944537109375 0.217955208984375 0.6375694453125 0.237351041015625 0.665415740234375
3 0.324633333984375 0.48110092578125 0.307475 0.45325462890625 0.144846875 0.5155768515625 0.135148958984375 0.534140740234375 0.152306771484375 0.559335185546875 0.310428125 0.483906482421875 0.324633333984375 0.48110092578125
3 0.5171015625 0.6521555546875 0.5357515625 0.6707194453125 0.686444271484375 0.560661111328125 0.6692859375 0.535467591796875 0.652094791015625 0.533906482421875 0.5171015625 0.6190055546875 0.5171015625 0.6521555546875
3 0.3984875 0.532814814453125 0.508895833984375 0.479775 0.526053125 0.483906482421875 0.523069791015625 0.465188888671875 0.507403646484375 0.4545805546875 0.376107291015625 0.51690277734375 0.370139583984375 0.534140740234375 0.383567708984375 0.5487268515625 0.395503646484375 0.5487268515625 0.3984875 0.532814814453125
3 0.532021875 0.398888888671875 0.544803125 0.389462037109375 0.534259896484375 0.372368517578125 0.517847916015625 0.372368517578125 0.4171375 0.4108231484375 0.414899478515625 0.433364814453125 0.430565625 0.441321296875 0.5268 0.396237037109375 0.532021875 0.398888888671875
3 0.631240103515625 0.3829768515625 0.6267640625 0.359108333984375 0.5678296875 0.34187037109375 0.565591666015625 0.303416666015625 0.552909896484375 0.292808333984375 0.541678125 0.306128703125 0.5491796875 0.367064814453125 0.606621875 0.385628703125 0.602891666015625 0.4161268515625 0.623780208984375 0.434690740234375 0.643921875 0.422756482421875 0.632731771484375 0.41214907421875 0.623780208984375 0.409496296875 0.631240103515625 0.3829768515625
3 0.772980208984375 0.4771231484375 0.788646353515625 0.363086111328125 0.752094791015625 0.359832408203125 0.737918228515625 0.4771231484375 0.767758333984375 0.499664814453125 0.772980208984375 0.4771231484375
6 0.8721984375 0.413475 0.866230728515625 0.35115277734375 0.858024478515625 0.310046296875 0.845342708984375 0.319328703125 0.85205625 0.42010462890625 0.8348984375 0.455906482421875 0.7841703125 0.5049694453125 0.698380208984375 0.5527055546875 0.617811978515625 0.622983333984375 0.532767708984375 0.661437962890625 0.4559296875 0.7370194453125 0.350743228515625 0.7847555546875 0.297777083984375 0.796689814453125 0.289571353515625 0.7741481484375 0.247048958984375 0.795363888671875 0.258344791015625 0.82649907421875 0.301507291015625 0.832491666015625 0.3865515625 0.804646296875 0.4880078125 0.73967222265625 0.623780208984375 0.64552592578125 0.714046353515625 0.57524722265625 0.807296353515625 0.51159907421875 0.863246353515625 0.463862962890625 0.8721984375 0.413475
5 0.813264583984375 0.4492768515625 0.811772396484375 0.51159907421875 0.774472396484375 0.54209722265625 0.751346353515625 0.5381194453125 0.678984375 0.600441666015625 0.554402083984375 0.689284259765625 0.387297396484375 0.8019944453125 0.3865515625 0.823210185546875 0.4290734375 0.80862407421875 0.571559896484375 0.715803703125 0.731204166015625 0.6044194453125 0.8348984375 0.524859259765625 0.846088541015625 0.38165092578125 0.8296765625 0.325958333984375 0.809534375 0.34717407421875 0.813264583984375 0.4492768515625
2 0.828930728515625 0.335240740234375 0.8244546875 0.3073944453125 0.72150625 0.2822 0.6961421875 0.292808333984375 0.692719791015625 0.32464722265625 0.786408333984375 0.35380462890625 0.828930728515625 0.335240740234375
4 0.700618228515625 0.2822 0.687190103515625 0.2410944453125 0.634969791015625 0.235789814453125 0.617066146484375 0.266287962890625 0.632303125 0.298721296875 0.687190103515625 0.31800277734375 0.700618228515625 0.2822