3 0.520444791015625 0.3073106484375 0.489672134765625 0.3321731484375 0.5279046875 0.371953240234375 0.9205875 0.15580972265625 0.885052865234375 0.1283 0.520444791015625 0.3073106484375
3 0.333347916015625 0.21136527734375 0.35166171875 0.232722685546875 0.750772916015625 0.088519908203125 0.717202865234375 0.078575 0.333347916015625 0.21136527734375
3 0.404814583984375 0.192942591796875 0.386164322265625 0.20620277734375 0.402949478515625 0.236037962890625 0.371244271484375 0.2841055546875 0.069113541015625 0.39350092578125 0.048598697265625 0.423336111328125 0.063816666015625 0.542383796875 0.135321353515625 0.521128703125 0.094291146484375 0.448198611328125 0.102683853515625 0.421678703125 0.37031171875 0.313940740234375 0.412274478515625 0.260900462890625 0.43185703125 0.232722685546875 0.404814583984375 0.192942591796875
3 0.548419791015625 0.3006805546875 0.501794791015625 0.2675305546875 0.475684634765625 0.2509555546875 0.410409375 0.2575856484375 0.342336978515625 0.23935277734375 0.080303646484375 0.34377592578125 0.043936197265625 0.355378240234375 0.007568490234375 0.294050462890625 0.000014583984375 0.3479393515625 0.022488541015625 0.386870833984375 0.05605859375 0.38521342578125 0.357256771484375 0.2758180546875 0.40388203125 0.302337962890625 0.457034634765625 0.2841055546875 0.484077083984375 0.28742037109375 0.5232421875 0.3172555546875 0.548419791015625 0.3006805546875
1 0.528660416015625 0.357198611328125 0.76009765625 0.537704166015625 0.834697916015625 0.461458796875 0.6071671875 0.318912962890625 0.528660416015625 0.357198611328125
1 0.843764583984375 0.452106017578125 0.908365365234375 0.395158333984375 0.683632552734375 0.2758180546875 0.616492447265625 0.313940740234375 0.843764583984375 0.452106017578125
1 0.700535416015625 0.27386527734375 0.9167578125 0.39350092578125 0.972708072265625 0.34377592578125 0.7535703125 0.23935277734375 0.700535416015625 0.27386527734375
1 0.2487125 0.137291203125 0.344201822265625 0.2095180546875 0.406679427734375 0.1863125 0.313429166015625 0.121669908203125 0.2487125 0.137291203125
1 0.32293125 0.11645787109375 0.41320703125 0.17968287109375 0.477549478515625 0.16145 0.37963671875 0.106752314453125 0.32293125 0.11645787109375
1 0.444025 0.19516157421875 0.568934896484375 0.289078240234375 0.639804947265625 0.24598287109375 0.498997134765625 0.178025 0.444025 0.19516157421875
1 0.512984634765625 0.17305277734375 0.648197396484375 0.252612962890625 0.714404947265625 0.22112037109375 0.567069791015625 0.154819908203125 0.512984634765625 0.17305277734375
1 0.388035416015625 0.100254166015625 0.48314453125 0.158135185546875 0.534432291015625 0.13990277734375 0.443047134765625 0.09183472265625 0.388035416015625 0.100254166015625