5 0.077706771484375 0.4492768515625 0.117244791015625 0.28087407421875 0.079178125 0.217239814453125 0.041152603515625 0.372368517578125 0.034438541015625 0.4877305546875 0.0635328125 0.55005277734375 0.13141875 0.540771296875 0.1597671875 0.41480092578125 0.116498958984375 0.390932408203125 0.094864583984375 0.45060277734375 0.077706771484375 0.4492768515625
5 0.24108125 0 0.179908853515625 0.01434722265625 0.164594791015625 0.115387962890625 0.200051041015625 0.1191018515625 0.230636978515625 0.071365740234375 0.251525 0.068713888671875 0.216463021484375 0.201313888671875 0.235858853515625 0.28750462890625 0.287333333984375 0.203965740234375 0.307475 0.02097777734375 0.24108125 0
5 0.37163125 0.601767591796875 0.399233333984375 0.45325462890625 0.4171375 0.38695462890625 0.366678125 0.37835092578125 0.33433125 0.54474907421875 0.338061458984375 0.665415740234375 0.364171353515625 0.735693517578125 0.4171375 0.731715740234375 0.468611458984375 0.661437962890625 0.436533853515625 0.58055092578125 0.400725521484375 0.649503703125 0.37163125 0.601767591796875
5 0.8348984375 0.6800018515625 0.805058333984375 0.731715740234375 0.808788541015625 0.86962037109375 0.780440103515625 0.894813888671875 0.736426041015625 0.815253703125 0.743140103515625 0.690609259765625 0.757314583984375 0.599115740234375 0.719803125 0.556128703125 0.699126041015625 0.7131518515625 0.6961421875 0.8431 0.718522396484375 0.917356482421875 0.763282291015625 0.970396296875 0.815502603515625 0.98100462890625 0.8431046875 0.889510185546875 0.8669765625 0.695913888671875 0.8348984375 0.6800018515625
5 0.5894640625 0.2132481484375 0.568576041015625 0.136339814453125 0.528291666015625 0.11114537109375 0.491738021484375 0.127057408203125 0.479178125 0.17835092578125 0.5014359375 0.192032408203125 0.528291666015625 0.170815740234375 0.5491796875 0.193358333984375 0.547688021484375 0.271592591796875 0.523815625 0.3882805546875 0.563353646484375 0.4108231484375 0.576781771484375 0.32065462890625 0.5894640625 0.2132481484375
6 0.676 0.5434231484375 0.742394271484375 0.54740092578125 0.788646353515625 0.530162962890625 0.786408333984375 0.490383333984375 0.687190103515625 0.458559259765625 0.540227603515625 0.42010462890625 0.471595833984375 0.35115277734375 0.426089583984375 0.31535 0.319411458984375 0.310046296875 0.226907291015625 0.257006482421875 0.1329109375 0.165512037109375 0.003852603515625 0.14429537109375 0.002094791015625 0.183906482421875 0.050850521484375 0.21722592578125 0.117244791015625 0.235789814453125 0.257493228515625 0.328610185546875 0.3052375 0.368390740234375 0.430565625 0.372368517578125 0.51859375 0.45060277734375 0.578273958984375 0.503642591796875 0.676 0.5434231484375
7 0.125 0.3291015625 0.01953125 0.03125
7 0.1494140625 0.3408203125 0.0146484375 0.0283203125
7 0.134765625 0.296875 0.01953125 0.021484375
7 0.1591796875 0.306640625 0.013671875 0.0263671875
7 0.171875 0.17578125 0.017578125 0.02734375
7 0.181640625 0.1435546875 0.017578125 0.0224609375
7 0.1943359375 0.185546875 0.0166015625 0.025390625
7 0.2021484375 0.154296875 0.0146484375 0.0224609375
7 0.427734375 0.4921875 0.017578125 0.0283203125
7 0.4365234375 0.451171875 0.0205078125 0.0341796875
7 0.45703125 0.5087890625 0.0185546875 0.03515625
7 0.46484375 0.46875 0.0185546875 0.037109375
7 0.4658203125 0.3134765625 0.0146484375 0.025390625
7 0.4931640625 0.3251953125 0.021484375 0.0380859375
7 0.4736328125 0.28125 0.01953125 0.0361328125
7 0.4990234375 0.2958984375 0.021484375 0.0341796875
7 0.8046875 0.6943359375 0.025390625 0.0400390625
7 0.80859375 0.646484375 0.0205078125 0.0400390625
7 0.822265625 0.4853515625 0.01953125 0.033203125
7 0.8251953125 0.4443359375 0.01953125 0.0390625