4 0.7115017361111111 0.2849537037037037 0.07591145833333335 0.07459490740740737
2 0.659986330078125 0.12637644921875 0.638063248046875 0.158816314453125 0.658685484375 0.255574181640625 0.685795896484375 0.25320774609375 0.700990990234375 0.220407212890625 0.68264212890625 0.131869728515625 0.659986330078125 0.12637644921875
6 0.274589365234375 0.480371232421875 0.36073166796875 0.3545004296875 0.43597731640625 0.256618734375 0.496016529296875 0.165715173828125 0.5504546171875 0.10476447265625 0.60208882421875 0.097906798828125 0.662445955078125 0.104963794921875 0.68226590234375 0.087079611328125 0.62891234375 0.075050359375 0.5299433671875 0.0839531640625 0.4739937734375 0.1480314140625 0.431026072265625 0.22197408203125 0.337434376953125 0.335374001953125 0.264264626953125 0.445284587890625 0.1700794140625 0.570112755859375 0.120720453125 0.689246578125 0.1391389375 0.7504365546875 0.203056955078125 0.68845583984375 0.1548758203125 0.681146072265625 0.189879603515625 0.60463736328125 0.274589365234375 0.480371232421875
5 0.2752402734375 0.41577207421875 0.32940180859375 0.360154880859375 0.386735 0.269411150390625 0.4365200234375 0.220129259765625 0.451951203125 0.1827575078125 0.487923783203125 0.139610724609375 0.554210375 0.1364419921875 0.63240188671875 0.13788490625 0.6811701171875 0.13423557421875 0.650185490234375 0.107209064453125 0.460329 0.125295666015625 0.366143787109375 0.250123833984375 0.286888455078125 0.373307375 0.214270783203125 0.472552591796875 0.14237551171875 0.583906908203125 0.1583205390625 0.60626201171875 0.164596748046875 0.5977810390625 0.22956560546875 0.489874623046875 0.2752402734375 0.41577207421875
3 0.39707097265625 0.824776517578125 0.427186578125 0.836379349609375 0.510985828125 0.657764640625 0.477580099609375 0.651389671875 0.39707097265625 0.824776517578125
3 0.43139848046875 0.553108458984375 0.399307724609375 0.547414396484375 0.306497638671875 0.723809333984375 0.289583134765625 0.73772400390625 0.33625765234375 0.774453396484375 0.355543841796875 0.76426445703125 0.32955881640625 0.747507513671875 0.422368904296875 0.57111257421875 0.43139848046875 0.553108458984375
3 0.4888389296875 0.43425509765625 0.4948962734375 0.4475678359375 0.437218822265625 0.57099194140625 0.421212939453125 0.567383208984375 0.41345687109375 0.586831640625 0.431981326171875 0.5985295625 0.520377580078125 0.450615060546875 0.505200353515625 0.431006916015625 0.4888389296875 0.43425509765625
3 0.584696474609375 0.407307751953125 0.53700705859375 0.52026615234375 0.5270970703125 0.529208509765625 0.53844988671875 0.544486056640625 0.55733694140625 0.543375837890625 0.6049706953125 0.4326903359375 0.599348859375 0.410996693359375 0.584696474609375 0.407307751953125
3 0.632197751953125 0.32398249609375 0.5917094609375 0.3241031875 0.572364515625 0.332844763671875 0.56777915625 0.3171667109375 0.554638306640625 0.310349689453125 0.54305974609375 0.32546687890625 0.563294470703125 0.35161116796875 0.594782341796875 0.342909375 0.612280916015625 0.395799294921875 0.659103076171875 0.40365836328125 0.68337992578125 0.4022759453125 0.683102029296875 0.383247919921875 0.642533802734375 0.3848920703125 0.632197751953125 0.32398249609375
3 0.486131935546875 0.43441551171875 0.506791826171875 0.426355375 0.50738437109375 0.414927716796875 0.55734624609375 0.31018921875 0.5443864921875 0.28430583984375 0.530787966796875 0.301889220703125 0.53835587109375 0.312074466796875 0.47103464453125 0.413283904296875 0.486131935546875 0.43441551171875
3 0.308526515625 0.424433271484375 0.29571202734375 0.437345083984375 0.328288154296875 0.459719521484375 0.36020961328125 0.442637466796875 0.448614953125 0.299163525390625 0.42601096484375 0.277533390625 0.41142528515625 0.28769566796875 0.42030813671875 0.2985623515625 0.34375885546875 0.42158553515625 0.308526515625 0.424433271484375
3 0.516607771484375 0.185001958984375 0.49650095703125 0.18239560546875 0.48866683984375 0.203367388671875 0.512438162109375 0.21335179296875 0.629557564453125 0.192739693359375 0.631684544921875 0.1635314765625 0.6083239140625 0.15981928515625 0.587348947265625 0.173974044921875 0.516607771484375 0.185001958984375
1 0.191430607421875 0.60074811328125 0.340737072265625 0.72271945703125 0.413219869140625 0.591402384765625 0.3059088828125 0.448893265625 0.191430607421875 0.60074811328125
1 0.411668837890625 0.595292166015625 0.344076498046875 0.73100605078125 0.434486384765625 0.805849638671875 0.48894328515625 0.692490203125 0.411668837890625 0.595292166015625
1 0.333878966796875 0.403942619140625 0.432573236328125 0.5507692421875 0.49083578125 0.44780845703125 0.41103024609375 0.295314283203125 0.333878966796875 0.403942619140625
1 0.490598751953125 0.452379732421875 0.4360781484375 0.555864349609375 0.509829865234375 0.6540352734375 0.5456237265625 0.562289330078125 0.490598751953125 0.452379732421875
1 0.431244287109375 0.2698115390625 0.505575837890625 0.41493360546875 0.545174166015625 0.33673465625 0.48663141015625 0.19057620703125 0.431244287109375 0.2698115390625
1 0.546330130859375 0.340464025390625 0.510860787109375 0.42204434765625 0.55962238671875 0.526521720703125 0.5931146640625 0.4531405625 0.546330130859375 0.340464025390625