5 0.365234375 0.44140625 0.0625 0.1328125
5 0.4169921875 0.6513671875 0.08203125 0.0947265625
5 0.4599609375 0.921875 0.0888671875 0.1533203125
5 0.6728515625 0.916015625 0.0908203125 0.1318359375
5 0.587890625 0.6220703125 0.0732421875 0.060546875
5 0.5390625 0.4423828125 0.0556640625 0.056640625
6 0.437511458984375 0.47835092578125 0.541719791015625 0.893487962890625 0.57454375 0.8682944453125 0.457421353515625 0.461211111328125 0.437511458984375 0.47835092578125
7 0.6083984375 0.87890625 0.013671875 0.01953125
7 0.6162109375 0.9052734375 0.01171875 0.0166015625
7 0.591796875 0.8857421875 0.0126953125 0.0244140625
7 0.599609375 0.9111328125 0.01171875 0.017578125
7 0.52734375 0.90625 0.009765625 0.0166015625
7 0.51171875 0.9130859375 0.0107421875 0.01953125