6 0.6833116319444444 0.15925202546296297 0.3736111111111111 0.24399594907407407
6 0.162917681640625 0.6030645078125 0.175622763671875 0.66158652734375 0.25428878125 0.73553740625 0.289828365234375 0.75438966796875 0.298668099609375 0.84587615234375 0.339274916015625 0.8886230703125 0.332504296875 0.922183708984375 0.3495802734375 0.979407302734375 0.399780880859375 0.990462271484375 0.38965251171875 0.89397694140625 0.35617798828125 0.854191353515625 0.366282416015625 0.75680910546875 0.309948390625 0.70884256640625 0.216825978515625 0.6354424765625 0.240091046875 0.581207107421875 0.162917681640625 0.6030645078125
7 0.540625 0.6478226273148149 0.08904803240740744 0.04557291666666652
7 0.5190972222222222 0.7137586805555556 0.06549479166666661 0.03993055555555558
7 0.5052445023148149 0.751880787037037 0.055613425925925775 0.03530092592592604
7 0.31688368055555555 0.6018880208333334 0.057450810185185164 0.03153935185185186
7 0.28553964120370373 0.6357783564814815 0.04561631944444444 0.02676504629629628
7 0.2870804398148148 0.6828703703703705 0.039583333333333304 0.0204716435185186
7 0.3889033564814815 0.9458550347222222 0.03585069444444444 0.02604166666666674
7 0.09291811342592593 0.9268663194444444 0.06371527777777777 0.04564525462962976
7 0.04110966435185186 0.8917100694444444 0.07135416666666666 0.04036458333333348
7 0.061009837962962964 0.7816116898148149 0.10444155092592593 0.03891782407407396