5 0.46814236111111107 0.8533854166666667 0.10219907407407414 0.04748263888888893
5 0.33128616898148144 0.790625 0.07485532407407414 0.04626736111111107
5 0.46640625 0.7067274305555555 0.11409143518518516 0.05972222222222223
5 0.3539207175925926 0.6479817708333333 0.09441550925925923 0.04908854166666665
5 0.4941840277777778 0.5467230902777778 0.12184606481481475 0.05616319444444451
5 0.3677228009259259 0.5078776041666666 0.09048032407407414 0.046961805555555625
5 0.5121527777777778 0.3892144097222222 0.098582175925926 0.06684027777777779
5 0.38355034722222225 0.36297743055555554 0.086863425925926 0.06631944444444438
5 0.537962962962963 0.2300998263888889 0.10645254629629619 0.07109375000000001
5 0.39244068287037037 0.224609375 0.07893518518518516 0.05815972222222221
6 0.45183015046296293 0.30542534722222225 0.1470341435185185 0.04361979166666674
6 0.4388744212962963 0.45436197916666665 0.14872685185185186 0.026128472222222143
6 0.42103587962962963 0.6030815972222222 0.14881365740740737 0.03198784722222214
6 0.4012876157407408 0.7487847222222223 0.15881076388888893 0.048046875000000044