5 0.00010859375 0.408418517578125 0.118504166015625 0.02386527734375 0.103616146484375 0.0139319453125 0 0.328858333984375 0.00010859375 0.408418517578125
5 0.265871615234375 0.381898611328125 0.3162265625 0.03547962890625 0.29949375 0.028494908203125 0.257479166015625 0.24598287109375 0.228571615234375 0.439911111328125 0.171688802734375 0.590743982421875 0.157701302734375 0.678591666015625 0.18287890625 0.68687962890625 0.1950015625 0.615606482421875 0.238829166015625 0.52278657421875 0.265871615234375 0.381898611328125
5 0.517647134765625 0.559251388671875 0.5185796875 0.420020833984375 0.511119791015625 0.217805091796875 0.511119791015625 0.078575 0.511119791015625 0 0.493504166015625 0.00071712890625 0.485941927734375 0.184655091796875 0.490604427734375 0.454828703125 0.485941927734375 0.567538888671875 0.44584453125 0.6587018515625 0.44584453125 0.693509259765625 0.470089583984375 0.6901944453125 0.486874478515625 0.618921759765625 0.517647134765625 0.559251388671875
5 0.808587759765625 0.6404694453125 0.791802603515625 0.461458796875 0.69482265625 0 0.681004166015625 0.0030319453125 0.698552603515625 0.146532408203125 0.7339875 0.37692592578125 0.77408515625 0.56422407421875 0.775017708984375 0.637154166015625 0.715337759765625 0.6653319453125 0.73212265625 0.721687037109375 0.782477603515625 0.710084259765625 0.808587759765625 0.6404694453125
6 0.895310416015625 0.22940787109375 0.8608078125 0.108410185546875 0.833765365234375 0 0.81511875 0.005346759765625 0.844022916015625 0.138244908203125 0.873862759765625 0.25427037109375 0.887850521484375 0.41836342578125 0.91489296875 0.57251157421875 0.913028125 0.6653319453125 0.93820546875 0.6835643515625 0.936340625 0.474718982421875 0.895310416015625 0.22940787109375
3 0.42253203125 0.814507408203125 0.277994009765625 0.81285 0.2649390625 0.7067694453125 0.297576822265625 0.458143517578125 0.26307421875 0.395158333984375 0.001041146484375 0.390186111328125 0.000014583984375 0.452106017578125 0.2416265625 0.464773611328125 0.203394009765625 0.713399537109375 0.2276390625 0.86589027734375 0.272398958984375 0.902355091796875 0.366581771484375 0.885780091796875 0.366581771484375 0.94710787109375 0.418801822265625 0.94710787109375 0.42253203125 0.814507408203125
3 0.8095203125 0.62223657421875 0.78341015625 0.61394907421875 0.763827865234375 0.507868982421875 0.45050703125 0.00232962890625 0.10418125 0.00071712890625 0.125063802734375 0.032164814453125 0.426261978515625 0.0371375 0.71347265625 0.51449907421875 0.728392708984375 0.618921759765625 0.7573 0.676934259765625 0.805790365234375 0.7233444453125 0.825372916015625 0.7233444453125 0.8095203125 0.62223657421875
3 0.90556796875 0.71174212890625 0.751705208984375 0.749864814453125 0.683632552734375 0.754837037109375 0.639804947265625 0.77804212890625 0.63327734375 0.849314814453125 0.641941666015625 0.94516157421875 0.715337759765625 0.928875462890625 0.708809896484375 0.85097222265625 0.742380208984375 0.841027314453125 0.897175521484375 0.80290462890625 0.999739583984375 0.81119212890625 0.999739583984375 0.7150569453125 0.90556796875 0.71174212890625
7 0.1328125 0.1796875 0.015625 0.0234375
7 0.2080078125 0.1796875 0.015625 0.0234375
7 0.35546875 0.1865234375 0.0185546875 0.029296875
7 0.4296875 0.1875 0.0185546875 0.02734375
7 0.5751953125 0.1875 0.0146484375 0.02734375
7 0.646484375 0.193359375 0.0234375 0.025390625
7 0.7919921875 0.1923828125 0.0166015625 0.03125
6 0.58855625 0 0.590382291015625 0.098464814453125 0.611829947265625 0.22112037109375 0.63793984375 0.595716666015625 0.66405 0.587429166015625 0.638872396484375 0.386870833984375 0.632345052734375 0.2841055546875 0.635142447265625 0.217805091796875 0.61928984375 0.14819027734375 0.6071671875 0.055369908203125 0.6071671875 0 0.58855625 0