5 0.97124828515625 1 0.981497490234375 0.654089365234375 0.8892290859375 0.50982985546875 0.610776029296875 0.3034865859375 0.45375588671875 0.397880541015625 0.47240432421875 0.561144912109375 0.666072806640625 0.65355600390625 0.80550693359375 0.850473958984375 0.848009375 1 0.97124828515625 1
7 0.42554976851851856 0.944089988425926 0.04930555555555549 0.08342013888888888
7 0.5840639467592592 0.8393156828703704 0.0414351851851853 0.08123553240740744
7 0.4253978587962963 0.32244646990740744 0.03666087962962972 0.05182291666666661
7 0.6031828703703703 0.22703993055555555 0.03287037037037033 0.055613425925925886
7 0.7310402199074074 0.16729600694444446 0.028732638888888884 0.047685185185185164
7 0.5908058449074074 0.4798249421296296 0.04539930555555549 0.08330439814814816
7 0.7170066550925926 0.37702546296296297 0.040740740740740744 0.05779803240740744
7 0.2955584490740741 0.25115740740740744 0.026663773148148162 0.04372106481481475
7 0.33331886574074077 0.16430844907407405 0.030627893518518468 0.04578993055555558
7 0.2119212962962963 0.10499855324074074 0.028848379629629606 0.05159143518518519