4 0.6435546875 0.208984375 0.080078125 0.0673828125
4 0.4189453125 0.2275390625 0.1171875 0.31640625
4 0.631240103515625 0.392258333984375 0.634969791015625 0.364412962890625 0.614828125 0.3551305546875 0.612590103515625 0.300763888671875 0.540973958984375 0.276896296875 0.532021875 0.235789814453125 0.509386458984375 0.22835092578125 0.500689583984375 0.267613888671875 0.516355728515625 0.276896296875 0.517847916015625 0.31535 0.588717708984375 0.336566666015625 0.576781771484375 0.357782408203125 0.584988021484375 0.38165092578125 0.631240103515625 0.392258333984375
6 0.58275 0.67469722265625 0.629002083984375 0.622983333984375 0.663318228515625 0.6137018515625 0.6961421875 0.5858555546875 0.716284375 0.554031482421875 0.761790103515625 0.503642591796875 0.803566146484375 0.471818517578125 0.846088541015625 0.429387037109375 0.87070625 0.390932408203125 0.8751828125 0.356456482421875 0.8774203125 0.32065462890625 0.867722396484375 0.260984259765625 0.851310416015625 0.257006482421875 0.8602625 0.30872037109375 0.858024478515625 0.34717407421875 0.847580208984375 0.38430277734375 0.817740625 0.409496296875 0.7670125 0.459885185546875 0.73195 0.4864055546875 0.685697916015625 0.54740092578125 0.6506359375 0.57789907421875 0.6163203125 0.591159259765625 0.5708140625 0.64154722265625 0.529783853515625 0.694587962890625 0.464881771484375 0.7463018515625 0.397741666015625 0.77812592578125 0.350743228515625 0.80862407421875 0.3492515625 0.760887962890625 0.334386458984375 0.761684259765625 0.276143228515625 0.828513888671875 0.294793228515625 0.84707777734375 0.320903125 0.831165740234375 0.358203125 0.84442592578125 0.404455728515625 0.827187962890625 0.444739583984375 0.80332037109375 0.505165625 0.758236111328125 0.58275 0.67469722265625
5 0.629002083984375 0.621657408203125 0.532021875 0.719781482421875 0.4507078125 0.771496296875 0.467865625 0.817906482421875 0.559623958984375 0.729063888671875 0.615573958984375 0.695913888671875 0.648397916015625 0.649503703125 0.718522396484375 0.592485185546875 0.7759640625 0.527511111328125 0.831914583984375 0.48110092578125 0.84981875 0.451928703125 0.851310416015625 0.365738888671875 0.857278646484375 0.306068517578125 0.858024478515625 0.276896296875 0.836390625 0.24242037109375 0.815636458984375 0.233906482421875 0.812518228515625 0.328610185546875 0.828184375 0.34717407421875 0.825200521484375 0.422756482421875 0.798344271484375 0.469166666015625 0.77745625 0.470493517578125 0.7386640625 0.51822962890625 0.690919791015625 0.5712694453125 0.629002083984375 0.621657408203125
1 0.240636458984375 0.619091666015625 0.441755728515625 0.75027962890625 0.572305728515625 0.634917591796875 0.370139583984375 0.532814814453125 0.240636458984375 0.619091666015625
1 0.233344791015625 0.613536111328125 0.3649171875 0.531488888671875 0.217208853515625 0.458559259765625 0.096356771484375 0.523533333984375 0.233344791015625 0.613536111328125
1 0.507303125 0.4468694453125 0.409677603515625 0.50894722265625 0.610352083984375 0.599115740234375 0.700618228515625 0.51822962890625 0.507303125 0.4468694453125
1 0.4052015625 0.5102731484375 0.498969791015625 0.4468694453125 0.363425521484375 0.393584259765625 0.261969271484375 0.44264722265625 0.4052015625 0.5102731484375
1 0.617066146484375 0.38165092578125 0.537990103515625 0.428061111328125 0.718522396484375 0.493035185546875 0.7856625 0.428061111328125 0.617066146484375 0.38165092578125
1 0.529783853515625 0.429387037109375 0.602094791015625 0.38205462890625 0.464135416015625 0.3405444453125 0.385805208984375 0.37767222265625 0.529783853515625 0.429387037109375