4 0.23977864583333336 0.332371238425926 0.07866030092592591 0.07458043981481488
2 0.29325086805555556 0.23432436342592594 0.0810763888888889 0.13713831018518519
3 0.3968460648148148 0.22664930555555554 0.13899016203703707 0.04707754629629629
3 0.60264390625 0.485055353515625 0.632476234375 0.494159658203125 0.632717982421875 0.49206909375 0.650021078125 0.4723680546875 0.64383337109375 0.46279030078125 0.630608208984375 0.464747048828125 0.620119181640625 0.472656099609375 0.534901876953125 0.337044560546875 0.550294611328125 0.3241922578125 0.5461749453125 0.317024384765625 0.530179830078125 0.317333140625 0.51605660546875 0.346663279296875 0.60264390625 0.485055353515625
3 0.460668599609375 0.45037751171875 0.414106005859375 0.3530970546875 0.419045466796875 0.343457654296875 0.415433087890625 0.328766 0.407965646484375 0.33725812890625 0.410016296875 0.342016095703125 0.400906931640625 0.351531943359375 0.40013062109375 0.362468724609375 0.453638876953125 0.4607376640625 0.452213798828125 0.46539264453125 0.4618907578125 0.47311651953125 0.471093857421875 0.451077751953125 0.460668599609375 0.45037751171875
3 0.348532853515625 0.3816138359375 0.364530873046875 0.38091327734375 0.38045351953125 0.390388126953125 0.395738998046875 0.39201505859375 0.407033330078125 0.36925556640625 0.402271669921875 0.35502286328125 0.39390286328125 0.358297529296875 0.38263171875 0.377926966796875 0.363213052734375 0.3710884765625 0.333994705078125 0.37296269140625 0.311980400390625 0.434939458984375 0.275135740234375 0.433847765625 0.2674446875 0.4394911171875 0.263057935546875 0.448322123046875 0.275697541015625 0.451870001953125 0.27784675 0.44332250390625 0.327216599609375 0.443219396484375 0.348532853515625 0.3816138359375
3 0.36384956640625 0.46803898828125 0.36398833203125 0.45677833203125 0.354183232421875 0.458749509765625 0.35482040234375 0.4665968828125 0.347095533203125 0.476936435546875 0.38874765625 0.579942630859375 0.394217029296875 0.59263038671875 0.40751853125 0.580498806640625 0.40618331640625 0.573022091796875 0.395755162109375 0.572713109375 0.358908177734375 0.478069673828125 0.36384956640625 0.46803898828125
3 0.49754048046875 0.635655783203125 0.51839872265625 0.635881916015625 0.52612359375 0.625542361328125 0.523389390625 0.6191987734375 0.5115709453125 0.618848595703125 0.504576005859375 0.624512572265625 0.448519078125 0.494853595703125 0.4583554765625 0.48105342578125 0.444429185546875 0.47829164453125 0.4366687421875 0.4988083359375 0.49754048046875 0.635655783203125
3 0.44967919921875 0.71369827734375 0.457357689453125 0.70961992578125 0.457401173828125 0.70374943359375 0.439274236328125 0.710258146484375 0.43642698046875 0.719176853515625 0.50356976171875 0.884504294921875 0.524957673828125 0.87680667578125 0.522240869140625 0.868114451171875 0.508339884765625 0.8673112265625 0.44967919921875 0.71369827734375
3 0.543054462890625 0.592772236328125 0.5179296875 0.60533673046875 0.611968203125 0.80245148828125 0.64242147265625 0.789474806640625 0.63763662109375 0.778373251953125 0.621644400390625 0.77829075 0.53740633203125 0.6043478984375 0.546490576171875 0.598354482421875 0.543054462890625 0.592772236328125
1 0.652290654296875 0.4897844609375 0.528793177734375 0.640740625 0.591778193359375 0.775071435546875 0.755481251953125 0.63962881640625 0.652290654296875 0.4897844609375
1 0.444592791015625 0.743175380859375 0.489612453125 0.861021203125 0.59076684375 0.7805071484375 0.528082375 0.642702513671875 0.444592791015625 0.743175380859375
1 0.549226328125 0.337313763671875 0.459073625 0.492389208984375 0.510557302734375 0.596669986328125 0.619361072265625 0.443903833984375 0.549226328125 0.337313763671875
1 0.3921525546875 0.609009982421875 0.429009203125 0.7024796796875 0.508591267578125 0.599891142578125 0.45835528515625 0.495499759765625 0.3921525546875 0.609009982421875
1 0.476262978515625 0.225587955078125 0.40699557421875 0.377367703125 0.445537681640625 0.459741177734375 0.529933568359375 0.30194159375 0.476262978515625 0.225587955078125
1 0.355348388671875 0.497180982421875 0.38540914453125 0.56931244140625 0.4445465703125 0.462444650390625 0.406254046875 0.38360885546875 0.355348388671875 0.497180982421875