1 0.242719791015625 0.615387962890625 0.444739583984375 0.754258333984375 0.57454375 0.634917591796875 0.369393228515625 0.531488888671875 0.242719791015625 0.615387962890625
6 0.710316146484375 0.555357408203125 0.758060416015625 0.5049694453125 0.793122396484375 0.47314537109375 0.840866146484375 0.432038888671875 0.863246353515625 0.4068444453125 0.8721984375 0.390932408203125 0.876674478515625 0.329936111328125 0.86846875 0.276896296875 0.861754166015625 0.231812037109375 0.849072396484375 0.227834259765625 0.840866146484375 0.272918517578125 0.855040625 0.268939814453125 0.859516666015625 0.300763888671875 0.863246353515625 0.34187037109375 0.854294271484375 0.3829768515625 0.831168228515625 0.405518517578125 0.807296353515625 0.432038888671875 0.77745625 0.45060277734375 0.737918228515625 0.4864055546875 0.696888021484375 0.535467591796875 0.661080208984375 0.57789907421875 0.623780208984375 0.592485185546875 0.584988021484375 0.61767962890625 0.5573859375 0.67469722265625 0.508895833984375 0.7184555546875 0.4611515625 0.754258333984375 0.400725521484375 0.792712037109375 0.356711458984375 0.80995 0.339553125 0.8072981484375 0.350743228515625 0.78077777734375 0.335077083984375 0.77282222265625 0.292555208984375 0.8351444453125 0.318665103515625 0.821884259765625 0.363425521484375 0.83912222265625 0.4290734375 0.80862407421875 0.513371875 0.75027962890625 0.567083853515625 0.701217591796875 0.629002083984375 0.629613888671875 0.685697916015625 0.58452962890625 0.710316146484375 0.555357408203125
5 0.7386640625 0.567291666015625 0.751346353515625 0.55137962890625 0.761790103515625 0.522207408203125 0.783424478515625 0.51425092578125 0.810280208984375 0.498338888671875 0.831168228515625 0.479775 0.84981875 0.4439731484375 0.84981875 0.364412962890625 0.84981875 0.323306482421875 0.861754166015625 0.28352592578125 0.855786458984375 0.259658333984375 0.843850521484375 0.300763888671875 0.8401203125 0.25302777734375 0.8296765625 0.229160185546875 0.81475625 0.239768517578125 0.827438541015625 0.2742444453125 0.825946353515625 0.294134259765625 0.805804166015625 0.294134259765625 0.8080421875 0.31535 0.828930728515625 0.331262037109375 0.8296765625 0.404192591796875 0.827438541015625 0.4492768515625 0.800582291015625 0.4877305546875 0.787154166015625 0.470493517578125 0.76925 0.493035185546875 0.739410416015625 0.524859259765625 0.7095703125 0.558009259765625 0.667047916015625 0.58055092578125 0.625271875 0.61237592578125 0.6081140625 0.654807408203125 0.57454375 0.67602407421875 0.5253078125 0.722434259765625 0.466373958984375 0.77282222265625 0.458344791015625 0.806128703125 0.480547916015625 0.804646296875 0.537990103515625 0.7516055546875 0.609605728515625 0.694587962890625 0.639445833984375 0.661437962890625 0.64690625 0.636243517578125 0.691666146484375 0.597788888671875 0.717030208984375 0.579225 0.7386640625 0.567291666015625
3 0.6980734375 0.508653703125 0.6960015625 0.491710185546875 0.690613541015625 0.4769768515625 0.685640103515625 0.4548768515625 0.672460416015625 0.46019537109375 0.674864583984375 0.484343517578125 0.678180208984375 0.49097407421875 0.563378646484375 0.585267591796875 0.56255 0.615471296875 0.580371353515625 0.62062777734375 0.5812 0.604421296875 0.690613541015625 0.5064444453125 0.6980734375 0.508653703125
3 0.377707291015625 0.524861111328125 0.377707291015625 0.51012777734375 0.497067708984375 0.43572407421875 0.501742708984375 0.4396194453125 0.503284375 0.42762037109375 0.4929234375 0.4232 0.361958333984375 0.498340740234375 0.350354166015625 0.4880268515625 0.3445515625 0.499813888671875 0.349939583984375 0.51307407421875 0.377707291015625 0.524861111328125
3 0.5559359375 0.439431482421875 0.638825 0.38712777734375 0.656646353515625 0.393021296875 0.6637796875 0.386121296875 0.656231771484375 0.376814814453125 0.6491859375 0.379761111328125 0.636338021484375 0.3731305546875 0.541015625 0.437221296875 0.541430208984375 0.452690740234375 0.552205728515625 0.452690740234375 0.5559359375 0.439431482421875
3 0.408393228515625 0.39007407421875 0.488795833984375 0.34734722265625 0.5004 0.3510305546875 0.511580728515625 0.34599722265625 0.505788021484375 0.337771296875 0.498328125 0.340717591796875 0.48838125 0.33629722265625 0.391401041015625 0.379761111328125 0.388085416015625 0.393757408203125 0.407978646484375 0.39965092578125 0.408393228515625 0.39007407421875
3 0.630950521484375 0.37460462890625 0.6251484375 0.36502777734375 0.602768228515625 0.357661111328125 0.609399478515625 0.337034259765625 0.606497916015625 0.30462037109375 0.5323125 0.28767777734375 0.526924478515625 0.239793517578125 0.505788021484375 0.239057408203125 0.5075296875 0.254434259765625 0.520293228515625 0.25894722265625 0.522780208984375 0.307567591796875 0.5965515625 0.323037037109375 0.598623958984375 0.332613888671875 0.587433853515625 0.359871296875 0.590334896484375 0.376814814453125 0.624319271484375 0.3834444453125 0.630950521484375 0.37460462890625
4 0.652086978515625 0.281784259765625 0.666178125 0.26999722265625 0.689386978515625 0.24937037109375 0.681927083984375 0.200013888671875 0.672394791015625 0.17865 0.626391666015625 0.171283333984375 0.613432291015625 0.1772731484375 0.613129166015625 0.194857408203125 0.604011458984375 0.200013888671875 0.603596875 0.21327407421875 0.614372396484375 0.226533333984375 0.611471353515625 0.236110185546875 0.592821353515625 0.24937037109375 0.5998671875 0.2729444453125 0.652086978515625 0.281784259765625
1 0.233604166015625 0.614137037109375 0.364589583984375 0.532212037109375 0.22886875 0.4587 0.106193228515625 0.516160185546875 0.233604166015625 0.614137037109375
1 0.411464583984375 0.50957777734375 0.613263541015625 0.5993518515625 0.6998828125 0.518318517578125 0.508408853515625 0.446125 0.411464583984375 0.50957777734375
1 0.404797916015625 0.506531482421875 0.501742708984375 0.4427055546875 0.359622916015625 0.391611111328125 0.2667875 0.440231482421875 0.404797916015625 0.506531482421875
1 0.5387796875 0.432417591796875 0.728065103515625 0.496218517578125 0.786502083984375 0.435075 0.609947916015625 0.382035185546875 0.5387796875 0.432417591796875
1 0.533571353515625 0.4283018515625 0.604145833984375 0.382771296875 0.470280208984375 0.340781482421875 0.386147916015625 0.384981482421875 0.533571353515625 0.4283018515625
3 0.76013125 0.4206981484375 0.771321353515625 0.422171296875 0.768005728515625 0.413331482421875 0.780024478515625 0.380181482421875 0.7804390625 0.33745462890625 0.776294271484375 0.3241944453125 0.7791953125 0.3101981484375 0.791672916015625 0.30587407421875 0.788313541015625 0.290307408203125 0.763446875 0.289571296875 0.762617708984375 0.335981482421875 0.76551875 0.347031482421875 0.764275521484375 0.38312777734375 0.755986458984375 0.402281482421875 0.76013125 0.4206981484375