3 0.252271353515625 0.6442 0.408931771484375 0.563312962890625 0.411169271484375 0.5712694453125 0.420844791015625 0.567239814453125 0.411915625 0.536793517578125 0.236605208984375 0.621657408203125 0.2291453125 0.621657408203125 0.2209390625 0.6375694453125 0.230636978515625 0.664089814453125 0.2448109375 0.664089814453125 0.252271353515625 0.6442
3 0.145592708984375 0.55137962890625 0.1567828125 0.55137962890625 0.160513021484375 0.534140740234375 0.307475 0.48110092578125 0.309713541015625 0.466514814453125 0.291063021484375 0.459885185546875 0.139594791015625 0.52835092578125 0.145592708984375 0.55137962890625
3 0.6774921875 0.569943517578125 0.683344791015625 0.5579805546875 0.655858333984375 0.53944537109375 0.51859375 0.625635185546875 0.5200859375 0.665415740234375 0.541719791015625 0.6707194453125 0.5491796875 0.6521555546875 0.543211978515625 0.636243517578125 0.664809896484375 0.560661111328125 0.6774921875 0.569943517578125
3 0.526053646484375 0.470493517578125 0.507303125 0.456128703125 0.376107291015625 0.520881482421875 0.377599478515625 0.54740092578125 0.389535416015625 0.55137962890625 0.397741666015625 0.540771296875 0.395503646484375 0.528837037109375 0.5118796875 0.47314537109375 0.5253078125 0.485078703125 0.526053646484375 0.470493517578125
3 0.548969791015625 0.395017591796875 0.529783853515625 0.369716666015625 0.413407291015625 0.425408333984375 0.435041666015625 0.437342591796875 0.441755728515625 0.425408333984375 0.523815625 0.390932408203125 0.534259896484375 0.397562962890625 0.548969791015625 0.395017591796875
3 0.661080208984375 0.45060277734375 0.671886458984375 0.4468694453125 0.655111978515625 0.4214305546875 0.541719791015625 0.474471296875 0.531275521484375 0.485078703125 0.553655728515625 0.500990740234375 0.558131771484375 0.493035185546875 0.644668228515625 0.44529907421875 0.661080208984375 0.45060277734375
3 0.637954166015625 0.409496296875 0.626018228515625 0.34850092578125 0.570068228515625 0.333914814453125 0.5626078125 0.290156482421875 0.545844791015625 0.306128703125 0.548433853515625 0.319328703125 0.5521640625 0.323306482421875 0.553655728515625 0.364412962890625 0.610352083984375 0.3829768515625 0.600654166015625 0.41745277734375 0.609605728515625 0.437342591796875 0.644668228515625 0.437342591796875 0.637954166015625 0.409496296875
3 0.785428125 0.365387962890625 0.756568228515625 0.361760185546875 0.743886458984375 0.4864055546875 0.768504166015625 0.497012962890625 0.785428125 0.365387962890625
4 0.66015625 0.279296875 0.068359375 0.0673828125
2 0.828930728515625 0.332588888671875 0.815502603515625 0.30872037109375 0.7200140625 0.28352592578125 0.691666146484375 0.298112037109375 0.687511458984375 0.320943517578125 0.793122396484375 0.356456482421875 0.828930728515625 0.332588888671875
5 0.569321875 0.67602407421875 0.374615625 0.8072981484375 0.401471353515625 0.819232408203125 0.534259896484375 0.733041666015625 0.614828125 0.67735 0.730458333984375 0.601767591796875 0.831168228515625 0.535467591796875 0.837882291015625 0.469166666015625 0.837136458984375 0.34717407421875 0.8229625 0.31800277734375 0.810428125 0.339462037109375 0.8162484375 0.42010462890625 0.817740625 0.4864055546875 0.811772396484375 0.51159907421875 0.786408333984375 0.528837037109375 0.74015625 0.55137962890625 0.70285625 0.5858555546875 0.651382291015625 0.621657408203125 0.569321875 0.67602407421875
6 0.573797916015625 0.665415740234375 0.612590103515625 0.658785185546875 0.649890103515625 0.633591666015625 0.667047916015625 0.61237592578125 0.764774478515625 0.54209722265625 0.832660416015625 0.494361111328125 0.866230728515625 0.470493517578125 0.874436458984375 0.37767222265625 0.852802603515625 0.306068517578125 0.8431046875 0.339218517578125 0.854294271484375 0.40817037109375 0.847580208984375 0.45060277734375 0.808788541015625 0.47579722265625 0.7386640625 0.5381194453125 0.693904166015625 0.5487268515625 0.6267640625 0.616353703125 0.5626078125 0.6375694453125 0.4477234375 0.738346296875 0.3611875 0.77812592578125 0.311205208984375 0.795363888671875 0.287511458984375 0.77279537109375 0.249286978515625 0.80862407421875 0.261969271484375 0.823210185546875 0.270921353515625 0.821884259765625 0.291063021484375 0.833818517578125 0.338061458984375 0.825862037109375 0.405947396484375 0.791386111328125 0.478309375 0.74762777734375 0.573797916015625 0.665415740234375