5 0.6642867476851853 0.39947916666666666 0.05335648148148131 0.12777777777777777
5 0.48116319444444444 0.40053530092592593 0.05772569444444442 0.061834490740740766
5 0.43815104166666663 0.5911603009259259 0.08085937499999996 0.05736400462962976
5 0.6228443287037038 0.6203776041666667 0.08770254629629637 0.11423611111111098
5 0.5970341435185185 0.8971643518518518 0.1205729166666667 0.14733796296296298
5 0.3704716435185185 0.9105902777777778 0.1010416666666667 0.14618055555555554
7 0.5361328125 0.8939163773148149 0.012528935185185164 0.016319444444444553
7 0.5192274305555555 0.8890407986111111 0.012528935185185164 0.016319444444444553
7 0.5318431712962963 0.9245370370370369 0.012427662037036935 0.014366319444444553
7 0.5141131365740741 0.9226490162037038 0.016739004629629628 0.022410300925925775
7 0.4337239583333333 0.8647207754629629 0.0127314814814814 0.020225694444444553
7 0.45165653935185185 0.8705150462962963 0.01273148148148151 0.020225694444444553
7 0.4265552662037037 0.8964916087962962 0.01273148148148151 0.020225694444444553
7 0.4443865740740741 0.9003327546296296 0.012630208333333393 0.018272569444444553
6 0.51039909765625 0.872872095703125 0.593009556640625 0.45631075390625 0.5643483828125 0.4405041171875 0.460095701171875 0.859370509765625 0.51039909765625 0.872872095703125
6 0.380954673828125 0.4824350078125 0.382623552734375 0.48294673828125 0.390031619140625 0.464780603515625 0.401965501953125 0.4676486953125 0.41820759765625 0.423174015625 0.402937251953125 0.417739115234375 0.380954673828125 0.4824350078125
6 0.457900791015625 0.506029119140625 0.46379044140625 0.482507193359375 0.401965501953125 0.4676486953125 0.394993474609375 0.486739748046875 0.457900791015625 0.506029119140625
6 0.4908262890625 0.433450298828125 0.476173859375 0.43305062890625 0.46379044140625 0.482507193359375 0.47971887890625 0.486335302734375 0.4908262890625 0.433450298828125
6 0.630657580078125 0.542441701171875 0.635362099609375 0.51617164453125 0.552621189453125 0.503856044921875 0.47971887890625 0.486335302734375 0.47475607421875 0.509964384765625 0.630657580078125 0.542441701171875
6 0.443949689453125 0.561746650390625 0.459313048828125 0.56210419140625 0.47171101953125 0.51026376953125 0.457900791015625 0.506029119140625 0.443949689453125 0.561746650390625
6 0.364069837890625 0.528444337890625 0.37727070703125 0.53526886328125 0.394993474609375 0.486739748046875 0.382623552734375 0.48294673828125 0.364069837890625 0.528444337890625
6 0.426442142578125 0.7402841796875 0.51149895703125 0.77708359375 0.59591946875 0.780955654296875 0.60075888671875 0.759517673828125 0.519063765625 0.72338480859375 0.432733474609375 0.717089994140625 0.426442142578125 0.7402841796875