5 0.5971354166666667 0.6595703125000001 0.12812499999999982 0.04872685185185199
5 0.5947265625 0.4770978009259259 0.06223958333333335 0.05555555555555558
5 0.4037760416666667 0.42256221064814814 0.05794270833333326 0.07890624999999996
5 0.3758463541666667 0.6036096643518518 0.11484375000000002 0.08365162037037033
5 0.10266927083333333 0.5595630787037037 0.13854166666666667 0.1171730324074074
5 0.08756510416666667 0.3330005787037037 0.137109375 0.0956886574074074
7 0.1015625 0.4990596064814815 0.01640625000000001 0.011950231481481444
7 0.10631510416666667 0.482544849537037 0.01640625000000001 0.011950231481481444
7 0.0708984375 0.4927517361111111 0.014453125000000011 0.011921296296296235
7 0.07265625 0.47521701388888893 0.022526041666666663 0.01594328703703707
7 0.13001302083333333 0.3989945023148148 0.02031250000000001 0.01200810185185186
7 0.12434895833333334 0.4164713541666667 0.02031250000000001 0.01200810185185186
7 0.09817708333333333 0.38974247685185187 0.02031250000000001 0.01200810185185186
7 0.09446614583333332 0.4072482638888889 0.01835937500000001 0.011979166666666652
6 0.122480697265625 0.47489709765625 0.539811599609375 0.584867880859375 0.55541263671875 0.55737013671875 0.135615978515625 0.42568916796875 0.122480697265625 0.47489709765625
6 0.51211137890625 0.3719118984375 0.51161177734375 0.37354019140625 0.52983957421875 0.382126447265625 0.527058513671875 0.393822708984375 0.571670166015625 0.41295673046875 0.57699437890625 0.3981077421875 0.51211137890625 0.3719118984375
6 0.489076458984375 0.44698683984375 0.512650884765625 0.4544166171875 0.527058513671875 0.393822708984375 0.5079086640625 0.385609302734375 0.489076458984375 0.44698683984375
6 0.561926216796875 0.48460642578125 0.5622178359375 0.470038267578125 0.512650884765625 0.4544166171875 0.508938935546875 0.470027892578125 0.561926216796875 0.48460642578125
6 0.45392569140625 0.61664315234375 0.480240548828125 0.623075115234375 0.49194984765625 0.541478609375 0.508938935546875 0.470027892578125 0.48526415625 0.4635141875 0.45392569140625 0.61664315234375
6 0.43323456640625 0.429387560546875 0.43299034375 0.4446666484375 0.484942169921875 0.46046123046875 0.489076458984375 0.44698683984375 0.43323456640625 0.429387560546875
6 0.465959740234375 0.35203566796875 0.459230087890625 0.364730970703125 0.5079086640625 0.385609302734375 0.51161177734375 0.37354019140625 0.465959740234375 0.35203566796875
6 0.25449938671875 0.40008292578125 0.218314001953125 0.48235896484375 0.215063876953125 0.566189638671875 0.2365458046875 0.57243481640625 0.272089212890625 0.493462931640625 0.27774891015625 0.4078910234375 0.25449938671875 0.40008292578125