3 0.68011185546875 0 0.55538495703125 0.254435603515625 0.532940416015625 0.24353947265625 0.48927175 0.254712435546875 0.453046857421875 0.218917666015625 0.42598292578125 0.232081609375 0.3453988046875 0.436764130859375 0.3901350234375 0.5040050234375 0.30050415234375 0.712388625 0.28874721875 0.692518556640625 0.306535986328125 0.676874705078125 0.288214337890625 0.628526990234375 0.17350301953125 0.903642462890625 0.187289171875 0.921328474609375 0.272179876953125 0.741126990234375 0.29943380859375 0.782683001953125 0.334296787109375 0.748981806640625 0.314816875 0.801278865234375 0.34310021484375 0.920218814453125 0.306985150390625 0.982003458984375 0.3986669375 0.97589133984375 0.429597412109375 0.924779267578125 0.385815037109375 0.883292111328125 0.364018599609375 0.889908673828125 0.3530260078125 0.841072068359375 0.344285259765625 0.80344530859375 0.456093328125 0.6483155625 0.5461006796875 0.747650181640625 0.694172052734375 0.579776240234375 0.717686939453125 0.5203779921875 0.70203679296875 0.494570966796875 0.679935130859375 0.492946447265625 0.622260994140625 0.3243312265625 0.7075006328125 0.19575786328125 0.76949450390625 0.034655173828125 0.747221630859375 0 0.68011185546875 0
3 0.417276521484375 0.44333167578125 0.42246619140625 0.53386287109375 0.38263925 0.633931658203125 0.453843029296875 0.5379675859375 0.554882375 0.6375989140625 0.612256099609375 0.55012579296875 0.53377777734375 0.36534190625 0.51717430078125 0.31378110546875 0.467093021484375 0.300596998046875 0.40864971875 0.408795287109375 0.417276521484375 0.44333167578125
1 1 0.45895039453125 0.66738178125 0.203595919921875 0.579126478515625 0.3499262265625 0.848172533203125 0.61915396875 1 0.478371013671875 1 0.45895039453125
1 0.395370685546875 0.149441181640625 0.534237638671875 0.278564501953125 0.610506849609375 0.155752923828125 0.433759517578125 0.026727234375 0.395370685546875 0.149441181640625
1 1 0.830892935546875 0.7158542890625 0.520500169921875 0.617609328125 0.627314916015625 0.856980630859375 0.94533709375 1 0.93580246875 1 0.830892935546875
1 0.4498439609375 0 0.4437747265625 0.0181600625 0.604506859375 0.13502897265625 0.685795677734375 0 0.4498439609375 0
1 0.3015436640625 0.194938830078125 0.396551185546875 0.330084365234375 0.440373982421875 0.22389323828125 0.33145701171875 0.10420475 0.3015436640625 0.194938830078125
1 0.277226802734375 0.282273662109375 0.35971355078125 0.42651534375 0.39681825390625 0.337295240234375 0.299522162109375 0.211598763671875 0.277226802734375 0.282273662109375
1 0.473200646484375 0.26714323828125 0.4199114140625 0.365704029296875 0.574110451171875 0.560999482421875 0.645428931640625 0.453938845703125 0.473200646484375 0.26714323828125
1 0.372233044921875 0.4669884375 0.504342490234375 0.661622390625 0.5695787734375 0.577163447265625 0.42391907421875 0.374731033203125 0.372233044921875 0.4669884375
1 0.5452231484375 0.723956857421875 0.680927330078125 0.95707398046875 0.8495816328125 0.945830359375 0.61814208203125 0.641699265625 0.5452231484375 0.723956857421875