3 0.815697765625 1 0.843876904296875 0.9675644765625 0.676730908203125 0.5797946328125 0.65261016015625 0.54632537890625 0.610027556640625 0.582534109375 0.81307183984375 1 0.815697765625 1
3 0.890840078125 0.8327929453125 0.90258075390625 0.79909998828125 0.7837631484375 0.395094064453125 0.761002029296875 0.412263353515625 0.890840078125 0.8327929453125
3 0.786654181640625 0.449686275390625 0.755259359375 0.464642185546875 0.707358423828125 0.4284513125 0.60883109375 0.110088982421875 0.57913746484375 0.08676803515625 0.456227142578125 0.09333149609375 0.474786744140625 0.168325189453125 0.551529265625 0.131766447265625 0.578372248046875 0.142395677734375 0.6767716796875 0.42522550390625 0.7293098203125 0.472320716796875 0.75734444921875 0.49455891796875 0.79941669140625 0.469833349609375 0.786654181640625 0.449686275390625
3 0.736627384765625 0.538147802734375 0.732797927734375 0.47065884375 0.7546207578125 0.402190216796875 0.659369208984375 0.125353515625 0.649116748046875 0.087151328125 0.713735498046875 0.05449488671875 0.7022439375 0.0520180703125 0.647858376953125 0.047989509765625 0.617764142578125 0.062747099609375 0.617934587890625 0.09732236328125 0.716504451171875 0.414727720703125 0.6871521875 0.4605573359375 0.703445662109375 0.516488458984375 0.6988092578125 0.54398705078125 0.66639372265625 0.581909021484375 0.682261572265625 0.60900646484375 0.7184203828125 0.5636813046875 0.736627384765625 0.538147802734375
1 0.504147373046875 0.89055550390625 0.660864515625 0.667905912109375 0.62514042578125 0.58443165625 0.429275056640625 0.80820339453125 0.504147373046875 0.89055550390625
1 0.70161897265625 0.7496510234375 0.665543767578125 0.67785351171875 0.513335568359375 0.900570857421875 0.568852630859375 0.971194103515625 0.70161897265625 0.7496510234375
1 0.640887673828125 1 0.735865060546875 0.824193423828125 0.7028528125 0.767145060546875 0.57017138671875 0.979932380859375 0.586074357421875 1 0.640887673828125 1
1 0.806138197265625 0.47225122265625 0.876754310546875 0.381474599609375 0.863668861328125 0.313875123046875 0.785164505859375 0.40637269921875 0.806138197265625 0.47225122265625
1 0.828430166015625 0.546867990234375 0.889049328125 0.4505504921875 0.8816716953125 0.39162188671875 0.812646568359375 0.47945393359375 0.828430166015625 0.546867990234375
1 0.73424715625 0.7069444453125 0.8104358125 0.56761688671875 0.79535032421875 0.509901912109375 0.69323703125 0.6309411484375 0.73424715625 0.7069444453125
1 0.756369009765625 0.78538884375 0.831153845703125 0.639236958984375 0.814902427734375 0.58234882421875 0.72705783203125 0.71505249609375 0.756369009765625 0.78538884375
1 0.847956552734375 0.60687908984375 0.90147191796875 0.51675599609375 0.895337380859375 0.45966330078125 0.83157802734375 0.5528616484375 0.847956552734375 0.60687908984375