4 0.8294560185185185 0.6861328125 0.07688078703703694 0.09149305555555554
4 0.8005931712962963 0.4375868055555555 0.3554398148148148 0.138671875
4 0.655815876953125 0.6809893203125 0.665466564453125 0.65838049609375 0.725800291015625 0.65455141796875 0.749962107421875 0.5743886015625 0.795341255859375 0.563426865234375 0.80286148828125 0.5380927265625 0.75894965625 0.52939898828125 0.74915162890625 0.547035013671875 0.70647441796875 0.54964247265625 0.685233505859375 0.6289105546875 0.6612675078125 0.61617224609375 0.635017095703125 0.6258796484375 0.6247537890625 0.677532763671875 0.655815876953125 0.6809893203125
6 0.682313564453125 0.9284022109375 0.640715603515625 0.917714224609375 0.611740431640625 0.885181193359375 0.554082716796875 0.83006078125 0.52346131640625 0.79175726953125 0.45416598046875 0.741872125 0.419124845703125 0.70366741015625 0.40326157421875 0.665866349609375 0.345776798828125 0.616547998046875 0.28549185546875 0.572268525390625 0.22589528515625 0.501431986328125 0.188324828125 0.4276176484375 0.152890724609375 0.376150205078125 0.20588173828125 0.373314126953125 0.204507578125 0.356817005859375 0.1283349609375 0.293752421875 0.10832241015625 0.31493301171875 0.126862037109375 0.3435511171875 0.11335648046875 0.38532297265625 0.134032494140625 0.436289126953125 0.1618782578125 0.480459642578125 0.213961212890625 0.546486498046875 0.309336419921875 0.630628669921875 0.368319 0.680742986328125 0.379761505859375 0.718642865234375 0.411782458984375 0.7544263671875 0.447805658203125 0.776020796875 0.505291443359375 0.825338548828125 0.542026869140625 0.87097059375 0.590572873046875 0.9171700078125 0.63411069921875 0.94357351953125 0.67256466015625 0.94769621875 0.712418158203125 0.949298333984375 0.778399296875 0.937049529296875 0.78227873828125 0.91871578125 0.725113580078125 0.92993942578125 0.682313564453125 0.9284022109375
5 0.797994341796875 0.901778083984375 0.806770955078125 0.878507677734375 0.701441958984375 0.877381341796875 0.681331173828125 0.895246541015625 0.597252486328125 0.893797376953125 0.54480145703125 0.86510303125 0.542639505859375 0.841926880859375 0.4883222734375 0.800003119140625 0.427817318359375 0.7482635546875 0.36979225 0.680710248046875 0.25757273828125 0.57537727734375 0.19743482421875 0.486305228515625 0.146432818359375 0.50651539453125 0.24816766015625 0.606275455078125 0.286842970703125 0.667623603515625 0.339490466796875 0.702948736328125 0.405153 0.7794569609375 0.4792375 0.841676736328125 0.532646365234375 0.90269805078125 0.5656493828125 0.921871267578125 0.661464953125 0.92140053125 0.72796184765625 0.9265585546875 0.760399984375 0.92666695703125 0.797994341796875 0.901778083984375
1 0.3531921640625 0.6180417109375 0.45998401953125 0.390891603515625 0.359857375 0.24912953515625 0.2207141796875 0.4758346015625 0.3531921640625 0.6180417109375
1 0.537455435546875 0.219135099609375 0.4612833515625 0.086459306640625 0.36579015625 0.240890509765625 0.461285337890625 0.385056203125 0.537455435546875 0.219135099609375
1 0.3942245546875 0.65943144140625 0.487069736328125 0.75772997265625 0.559994546875 0.541173431640625 0.48780523046875 0.434233416015625 0.3942245546875 0.65943144140625
1 0.61446359765625 0.3799937421875 0.5566090703125 0.2684760078125 0.486184619140625 0.4292927734375 0.55972019921875 0.531914171875 0.61446359765625 0.3799937421875
1 0.515653 0.777001404296875 0.590056791015625 0.849997220703125 0.636073166015625 0.661522009765625 0.581902966796875 0.574805669921875 0.515653 0.777001404296875
1 0.67671227734375 0.490584001953125 0.63288041796875 0.404467171875 0.58015955078125 0.56572035546875 0.635131720703125 0.644897140625 0.67671227734375 0.490584001953125