1 0.239594791015625 0.615387962890625 0.443247396484375 0.7516055546875 0.571559896484375 0.634917591796875 0.370139583984375 0.534140740234375 0.239594791015625 0.615387962890625
1 0.234386458984375 0.613536111328125 0.366409375 0.531488888671875 0.218701041015625 0.459885185546875 0.096356771484375 0.523533333984375 0.234386458984375 0.613536111328125
1 0.413553125 0.5079805546875 0.61184375 0.599115740234375 0.70285625 0.51690277734375 0.5066578125 0.446625 0.413553125 0.5079805546875
1 0.407303125 0.506128703125 0.5036734375 0.446625 0.352235416015625 0.392258333984375 0.267191146484375 0.441321296875 0.407303125 0.506128703125
1 0.541678125 0.42835092578125 0.734188021484375 0.495687037109375 0.790138021484375 0.428061111328125 0.614828125 0.38165092578125 0.541678125 0.42835092578125
1 0.532303125 0.42835092578125 0.607367708984375 0.38165092578125 0.460405728515625 0.343196296875 0.393265625 0.37502037109375 0.532303125 0.42835092578125
3 0.103070833984375 0.54474907421875 0.257493228515625 0.471818517578125 0.268683333984375 0.471818517578125 0.272928125 0.4505731484375 0.276143228515625 0.434690740234375 0.2634609375 0.426735185546875 0.254509375 0.44264722265625 0.084420833984375 0.530162962890625 0.0821828125 0.564638888671875 0.105308853515625 0.567291666015625 0.103070833984375 0.54474907421875
3 0.6961421875 0.470493517578125 0.681221875 0.44264722265625 0.670844791015625 0.456128703125 0.673016146484375 0.495687037109375 0.565591666015625 0.58055092578125 0.556639583984375 0.5527055546875 0.53724375 0.57524722265625 0.553655728515625 0.621657408203125 0.580511978515625 0.632265740234375 0.7013640625 0.507621296875 0.6961421875 0.470493517578125
3 0.5036734375 0.4399944453125 0.50815 0.424082408203125 0.499197396484375 0.396237037109375 0.481261458984375 0.391313888671875 0.480547916015625 0.4161268515625 0.374615625 0.490383333984375 0.3425375 0.485078703125 0.3425375 0.507621296875 0.3649171875 0.536793517578125 0.384313541015625 0.536793517578125 0.38804375 0.512925 0.5036734375 0.4399944453125
3 0.6401921875 0.3882805546875 0.653619791015625 0.394911111328125 0.667719791015625 0.387610185546875 0.636461978515625 0.368390740234375 0.548433853515625 0.418778703125 0.536497916015625 0.428061111328125 0.529783853515625 0.44795092578125 0.560369791015625 0.463862962890625 0.561861978515625 0.44264722265625 0.6401921875 0.3882805546875
3 0.611097916015625 0.335240740234375 0.609605728515625 0.304742591796875 0.535005728515625 0.2888305546875 0.5305296875 0.225182408203125 0.502927603515625 0.230486111328125 0.502094791015625 0.261684259765625 0.515609896484375 0.263636111328125 0.514863541015625 0.30872037109375 0.5946859375 0.329936111328125 0.58275 0.369716666015625 0.61184375 0.3829768515625 0.629002083984375 0.369716666015625 0.604383853515625 0.352478703125 0.611097916015625 0.335240740234375
3 0.653619791015625 0.286178703125 0.66555625 0.260984259765625 0.652128125 0.2463981484375 0.602891666015625 0.24242037109375 0.584386458984375 0.235758333984375 0.597669791015625 0.28352592578125 0.653619791015625 0.286178703125
4 0.642578125 0.2109375 0.0908203125 0.0712890625
6 0.749854166015625 0.5155768515625 0.7893921875 0.471818517578125 0.7737265625 0.451928703125 0.655858333984375 0.568617591796875 0.558131771484375 0.661437962890625 0.438025521484375 0.771496296875 0.382075521484375 0.80995 0.3223953125 0.800667591796875 0.319411458984375 0.827187962890625 0.3649171875 0.84442592578125 0.493975521484375 0.766191666015625 0.58275 0.67469722265625 0.623033853515625 0.624309259765625 0.661826041015625 0.60839722265625 0.690173958984375 0.587181482421875 0.7043484375 0.558009259765625 0.749854166015625 0.5155768515625
5 0.566338021484375 0.6800018515625 0.461897916015625 0.790060185546875 0.451053125 0.811684259765625 0.476071875 0.80597222265625 0.531275521484375 0.77017037109375 0.640938021484375 0.664089814453125 0.793122396484375 0.507621296875 0.818486458984375 0.47579722265625 0.790138021484375 0.463862962890625 0.717776041015625 0.535467591796875 0.566338021484375 0.6800018515625