0 0.542465625 0.3498268515625 0.520831771484375 0.319328703125 0.458167708984375 0.302090740234375 0.268683333984375 0.31402407421875 0.1836390625 0.3458481484375 0.170956771484375 0.37502037109375 0.140370833984375 0.380325 0.000122396484375 0.71182592578125 0.004178125 0.739462037109375 0.0314546875 0.734367591796875 0.115752603515625 0.820558333984375 0.584988021484375 0.755584259765625 0.64914375 0.67469722265625 0.675254166015625 0.668067591796875 0.6774921875 0.636243517578125 0.5641 0.35380462890625 0.542465625 0.3498268515625
1 0.168761458984375 0.683906482421875 0.15006875 0.760887962890625 0.326125521484375 0.730389814453125 0.3306015625 0.669393517578125 0.168761458984375 0.683906482421875
1 0.375011458984375 0.667239814453125 0.374615625 0.734367591796875 0.544703646484375 0.715803703125 0.529783853515625 0.64154722265625 0.375011458984375 0.667239814453125
1 0.264953125 0.61237592578125 0.113553125 0.62649907421875 0.094864583984375 0.687957408203125 0.25973125 0.669393517578125 0.264953125 0.61237592578125
1 0.281261458984375 0.613536111328125 0.274651041015625 0.6707194453125 0.435041666015625 0.6521555546875 0.429819791015625 0.592485185546875 0.281261458984375 0.613536111328125
1 0.444803125 0.591313888671875 0.4507078125 0.6521555546875 0.597669791015625 0.63889537109375 0.582003646484375 0.58187777734375 0.444803125 0.591313888671875
1 0.2768890625 0.57259537109375 0.2716671875 0.561987037109375 0.127094791015625 0.57464722265625 0.112022916015625 0.621657408203125 0.2716671875 0.61237592578125 0.2768890625 0.57259537109375
1 0.150011458984375 0.52464722265625 0.129927083984375 0.5765731484375 0.275397396484375 0.567291666015625 0.283603125 0.51822962890625 0.150011458984375 0.52464722265625
1 0.163553125 0.489462037109375 0.1515609375 0.528837037109375 0.282857291015625 0.5155768515625 0.288079166015625 0.4824268515625 0.163553125 0.489462037109375
1 0.173969791015625 0.4505731484375 0.161258853515625 0.4877305546875 0.291063021484375 0.47844907421875 0.294793228515625 0.44529907421875 0.173969791015625 0.4505731484375
1 0.184386458984375 0.419091666015625 0.176179166015625 0.45325462890625 0.292555208984375 0.4492768515625 0.294793228515625 0.41745277734375 0.184386458984375 0.419091666015625
1 0.194803125 0.389462037109375 0.184384896484375 0.418778703125 0.2985234375 0.4108231484375 0.301507291015625 0.38430277734375 0.194803125 0.389462037109375
1 0.204178125 0.365387962890625 0.197813021484375 0.389606482421875 0.301507291015625 0.38430277734375 0.304491146484375 0.360434259765625 0.204178125 0.365387962890625
1 0.318761458984375 0.3542768515625 0.310459375 0.38430277734375 0.414899478515625 0.380325 0.412661458984375 0.35380462890625 0.318761458984375 0.3542768515625
1 0.309386458984375 0.38205462890625 0.305983333984375 0.409496296875 0.417883333984375 0.404192591796875 0.413407291015625 0.37767222265625 0.309386458984375 0.38205462890625
1 0.305219791015625 0.409832408203125 0.300761458984375 0.44264722265625 0.419375521484375 0.436016666015625 0.414153646484375 0.404192591796875 0.305219791015625 0.409832408203125
1 0.300011458984375 0.443165740234375 0.29703125 0.47844907421875 0.424597396484375 0.470493517578125 0.420867708984375 0.437342591796875 0.300011458984375 0.443165740234375
1 0.296886458984375 0.48020277734375 0.294793228515625 0.5155768515625 0.426089583984375 0.50629537109375 0.422359375 0.470493517578125 0.296886458984375 0.48020277734375
1 0.294803125 0.520943517578125 0.291063021484375 0.567291666015625 0.428327603515625 0.55137962890625 0.424597396484375 0.507621296875 0.294803125 0.520943517578125
1 0.291678125 0.563536111328125 0.2850953125 0.607071296875 0.431311458984375 0.593811111328125 0.42534375 0.546075 0.291678125 0.563536111328125
1 0.443247396484375 0.54740092578125 0.444739583984375 0.589833333984375 0.578273958984375 0.579225 0.565591666015625 0.534140740234375 0.443247396484375 0.54740092578125
1 0.434386458984375 0.506128703125 0.439517708984375 0.54740092578125 0.5678296875 0.532814814453125 0.555147916015625 0.490383333984375 0.434386458984375 0.506128703125
1 0.429178125 0.465387962890625 0.432803646484375 0.50629537109375 0.558131771484375 0.491709259765625 0.544703646484375 0.455906482421875 0.429178125 0.465387962890625
1 0.429178125 0.43205462890625 0.431311458984375 0.470493517578125 0.54545 0.461211111328125 0.534259896484375 0.424082408203125 0.429178125 0.43205462890625
1 0.426053125 0.402425 0.4290734375 0.438668517578125 0.535005728515625 0.428061111328125 0.527545833984375 0.397562962890625 0.426053125 0.402425
1 0.420844791015625 0.37464722265625 0.42534375 0.4068444453125 0.528291666015625 0.396237037109375 0.5200859375 0.371042591796875 0.420844791015625 0.37464722265625
1 0.421886458984375 0.352425 0.42534375 0.380325 0.521577603515625 0.372368517578125 0.514117708984375 0.34717407421875 0.421886458984375 0.352425
1 0.419803125 0.33205462890625 0.424597396484375 0.356456482421875 0.516355728515625 0.3498268515625 0.507403646484375 0.327284259765625 0.419803125 0.33205462890625
1 0.634223958984375 0.51159907421875 0.727473958984375 0.50629537109375 0.7229984375 0.467840740234375 0.708823958984375 0.434690740234375 0.621886458984375 0.452425 0.62005 0.4864055546875 0.634223958984375 0.51159907421875
1 0.634386458984375 0.511684259765625 0.637954166015625 0.554031482421875 0.725236458984375 0.546075 0.723744271484375 0.50894722265625 0.634386458984375 0.511684259765625
1 0.819232291015625 0.532814814453125 0.815502603515625 0.493035185546875 0.794614583984375 0.465188888671875 0.725236458984375 0.47579722265625 0.726053125 0.5079805546875 0.726728125 0.546075 0.819232291015625 0.532814814453125