5 0.596463306640625 0.80145414453125 0.6198515078125 0.90317866015625 0.74895258984375 0.9494429609375 0.874308900390625 0.9468578984375 0.932001453125 0.910572970703125 0.9388660234375 0.817901279296875 0.909547541015625 0.86872353515625 0.844658306640625 0.909797650390625 0.78910146484375 0.90441028515625 0.694132501953125 0.874461603515625 0.66767468359375 0.794298927734375 0.628879201171875 0.662036962890625 0.5550276484375 0.645186734375 0.5396183984375 0.674295955078125 0.5883608984375 0.712043029296875 0.596463306640625 0.80145414453125
5 0.245930126953125 0.961453857421875 0.235322341796875 0.997708173828125 0.390573296875 0.99655816796875 0.458826775390625 0.989700171875 0.54931554296875 0.90121582421875 0.59689308984375 0.7956520625 0.604076818359375 0.69867173828125 0.54882698828125 0.6891396953125 0.52163138671875 0.73821882421875 0.474666796875 0.8354938203125 0.464168853515625 0.897704138671875 0.387984482421875 0.952116798828125 0.245930126953125 0.961453857421875
5 0.9225681171875 0.3351144296875 0.935950189453125 0.39300603515625 0.9697004296875 0.401636787109375 0.977034740234375 0.302623611328125 0.89193578515625 0.271551701171875 0.759212833984375 0.294074515625 0.662339162109375 0.369351279296875 0.57878622265625 0.5629955859375 0.671054611328125 0.56976809375 0.7068451640625 0.52393887109375 0.735576431640625 0.41437230859375 0.76056228515625 0.355368826171875 0.840674896484375 0.3274368203125 0.9225681171875 0.3351144296875
6 0.35588348828125 0.490915783203125 0.434645962890625 0.441454677734375 0.522923697265625 0.4225752421875 0.6161748125 0.396202990234375 0.653928455078125 0.4232619140625 0.669153548828125 0.3966388046875 0.659147076171875 0.3726885 0.591189900390625 0.335912005859375 0.52845031640625 0.367857724609375 0.431331705078125 0.406685251953125 0.24974151171875 0.512412873046875 0.191729037109375 0.5202985703125 0.15906953125 0.543736671875 0.237747171875 0.55752561328125 0.2469785234375 0.549713220703125 0.282461763671875 0.527910703125 0.35588348828125 0.490915783203125
6 0.674431884765625 0.5042969453125 0.643736197265625 0.5608573984375 0.639990140625 0.651185109375 0.6185644296875 0.7217606015625 0.5758978046875 0.8206608359375 0.512175541015625 0.885750734375 0.46306297265625 0.95238948828125 0.403700404296875 0.9387455078125 0.324815759765625 0.890452158203125 0.269933984375 0.895829341796875 0.304740826171875 0.9427921171875 0.389518474609375 0.991041814453125 0.497010888671875 0.971191798828125 0.58719234375 0.90673415625 0.649196416015625 0.805205931640625 0.699659765625 0.72033164453125 0.69039141796875 0.60690473828125 0.7301111953125 0.527908931640625 0.71194097265625 0.4750234453125 0.570745197265625 0.472755765625 0.422428841796875 0.52687391015625 0.37472946484375 0.574448419921875 0.483203275390625 0.575372548828125 0.464787466796875 0.55141339453125 0.5452684765625 0.518508009765625 0.674431884765625 0.5042969453125
6 0.695920953125 0.19430265625 0.647606953125 0.28993057421875 0.622314384765625 0.33319670703125 0.652394802734375 0.36445429296875 0.722992841796875 0.32582321484375 0.740611453125 0.266873724609375 0.7743150703125 0.209462162109375 0.76547556640625 0.149879830078125 0.803162123046875 0.114920634765625 0.772842806640625 0.09017802734375 0.7207240234375 0.117902671875 0.695920953125 0.19430265625
7 0.003996672453703699 0.8882233796296297 0.007993344907407399 0.01581307870370363
7 0.4004267939814815 0.9057146990740741 0.02850115740740744 0.015827546296296235
7 0.6043475115740741 0.5772352430555556 0.02625868055555558 0.011906828703703631
7 0.7224030671296295 0.6173538773148148 0.0244502314814814 0.01384548611111125
7 0.7384982638888888 0.571361400462963 0.02459490740740744 0.01579861111111125
7 0.8441478587962963 0.7394314236111111 0.03703703703703698 0.025651041666666652
7 0.8616898148148149 0.7002604166666666 0.04513888888888884 0.029615162037036846
7 0.9226345486111112 0.5495008680555555 0.04513888888888884 0.02961516203703707
7 0.9372468171296297 0.5103515625 0.04499421296296302 0.02766203703703707
7 0.25560619212962965 0.40998987268518516 0.04079861111111116 0.02372685185185186
7 0.5414134837962963 0.32003038194444444 0.02850115740740744 0.015827546296296235