3 0.222044009765625 0 0.1862125 0.00071712890625 0.289184115234375 0.2260930546875 0.284521615234375 0.2741606484375 0.294779166015625 0.310625462890625 0.334876822265625 0.3238856484375 0.34699921875 0.2923930546875 0.324619271484375 0.269187962890625 0.331146615234375 0.22112037109375 0.222044009765625 0
3 0.999739583984375 0.178025 0.999739583984375 0.13990277734375 0.885052865234375 0.14819027734375 0.7246625 0 0.694025 0.00071712890625 0.869200521484375 0.18134027734375 0.999739583984375 0.178025
5 0.973640884765625 0.746549537109375 0.921420572265625 0.579141666015625 0.899040365234375 0.45980092578125 0.903703125 0.398473611328125 0.996108333984375 0.396550462890625 0.894377865234375 0.37692592578125 0.884120572265625 0.405103240234375 0.89158046875 0.529416666015625 0.935408072265625 0.68687962890625 0.982965625 0.847657408203125 0.999739583984375 0.85097222265625 0.973640884765625 0.746549537109375
5 0.611829947265625 0.26421527734375 0.594112240234375 0.184655091796875 0.576394791015625 0.007302314453125 0.558608333984375 0 0.56800234375 0.18134027734375 0.637007552734375 0.403445833984375 0.656590103515625 0.532731482421875 0.706945052734375 0.999537037109375 0.730257552734375 0.999537037109375 0.703215103515625 0.705112037109375 0.664982552734375 0.400131017578125 0.611829947265625 0.26421527734375
5 0.625817447265625 0.395158333984375 0.550284896484375 0.217805091796875 0.542825 0.0868625 0.5372296875 0 0.52215 0.00071712890625 0.528837240234375 0.21283287109375 0.573597396484375 0.3255430546875 0.601572396484375 0.413391203125 0.62861484375 0.6984819453125 0.654725 0.999537037109375 0.689227603515625 0.99020277734375 0.654725 0.637154166015625 0.625817447265625 0.395158333984375
5 0.29104921875 0.34377592578125 0.290116666015625 0.429966203125 0.282656509765625 0.599031482421875 0.252816666015625 0.79295972265625 0.226706509765625 0.995175462890625 0.2556140625 0.999537037109375 0.28638671875 0.75317962890625 0.313429166015625 0.56422407421875 0.313429166015625 0.511183796875 0.30969921875 0.431623611328125 0.329281771484375 0.38521342578125 0.367514322265625 0.380240740234375 0.440249740234375 0.380240740234375 0.460764583984375 0.436595833984375 0.454236978515625 0.599031482421875 0.4518375 0.748402314453125 0.479414583984375 0.7482069453125 0.47848203125 0.604004166015625 0.4952671875 0.494608796875 0.497132291015625 0.3653231484375 0.4439796875 0.3006805546875 0.366581771484375 0.3073106484375 0.29104921875 0.34377592578125
5 0 0.685221759765625 0.030880990234375 0.594059259765625 0.075641146484375 0.40178842578125 0.11014375 0.272503240234375 0.165161458984375 0.174710185546875 0.196629166015625 0.028494908203125 0.184744009765625 0 0.174486458984375 0.048739814453125 0.134388802734375 0.176367591796875 0.070978646484375 0.280790740234375 0.06072109375 0.3736106484375 0.034611197265625 0.444883796875 0 0.5924018515625 0 0.685221759765625
5 0.954058072265625 0.77638472265625 0.990425521484375 0.88909537109375 0.999739583984375 0.831082408203125 0.96151796875 0.6835643515625 0.909297916015625 0.476376388671875 0.903703125 0.400131017578125 0.999739583984375 0.39350092578125 0.996020833984375 0.3338305546875 0.875727865234375 0.312283333984375 0.852415365234375 0.22277777734375 0.774754166015625 0.104883796875 0.79273515625 0.207860185546875 0.83563046875 0.2492981484375 0.82071015625 0.294050462890625 0.670577603515625 0.338803240234375 0.677105208984375 0.416706017578125 0.885052865234375 0.37692592578125 0.879458072265625 0.484663888671875 0.954058072265625 0.77638472265625
7 0.033203125 0.884765625 0.025390625 0.0419921875
7 0.146484375 0.888671875 0.0244140625 0.0478515625
7 0.369140625 0.8876953125 0.0224609375 0.037109375
7 0.4609375 0.8818359375 0.0341796875 0.0537109375
7 0.7841796875 0.880859375 0.02734375 0.033203125
7 0.896484375 0.8798828125 0.0224609375 0.048828125