4 0.765625 0.7848958333333333 0.07421875 0.08307291666666661
3 0.59118917578125 0.809507220703125 0.751465244140625 0.944858740234375 0.772510923828125 0.9184467578125 0.608966236328125 0.7643125859375 0.59118917578125 0.809507220703125
3 0.664073486328125 0.562593796875 0.79615243359375 0.758918703125 0.81339721875 0.749683576171875 0.678294935546875 0.516635365234375 0.664073486328125 0.562593796875
3 0.16040636328125 0 0.146773583984375 0.013948892578125 0.232101787109375 0.168296658203125 0.32809533203125 0.279923626953125 0.26054419140625 0.504476755859375 0.445421052734375 0.657188783203125 0.4578649453125 0.658359748046875 0.525416087890625 0.557834552734375 0.629816783203125 0.68201891796875 0.708515392578125 0.62464580859375 0.664073486328125 0.590600220703125 0.64096425 0.552131900390625 0.56096921484375 0.433436689453125 0.598300396484375 0.364933138671875 0.605410625 0.334452140625 0.504083912109375 0.1571659140625 0.475641509765625 0.152060677734375 0.445421052734375 0.19608459375 0.4080903671875 0.1975733046875 0.38853575 0.2098794609375 0.2502166484375 0 0.16040636328125 0
1 0 0.957708958984375 0.1369421328125 0.990870525390625 0.144333556640625 0.990377763671875 0.365426513671875 0.589505271484375 0.26409980078125 0.501238876953125 0 0.892092064453125 0 0.957708958984375
1 0.374314796875 0.590912998046875 0.160600357421875 0.98929330859375 0.29949428125 0.98003371484375 0.44364349609375 0.660307845703125 0.374314796875 0.590912998046875
1 0 0.52984804296875 0.14818818359375 0.620552072265625 0.370759185546875 0.303084955078125 0.274765640625 0.1784551953125 0 0.49116177734375 0 0.52984804296875
1 0.4322482109375 0 0.3244543203125 0.121370830078125 0.4080903671875 0.239474142578125 0.528971201171875 0.067378271484375 0.4948207109375 0 0.4322482109375 0
1 0.320984607421875 0.426321974609375 0.401415591796875 0.511491474609375 0.520082919921875 0.287020263671875 0.464975173828125 0.19367232421875 0.320984607421875 0.426321974609375
1 0.52719364453125 0.298549009765625 0.408863455078125 0.519374837890625 0.475641509765625 0.586050064453125 0.575190666015625 0.372366525390625 0.52719364453125 0.298549009765625
1 0.58761221484375 0.01025155078125 0.48630734765625 0.160242638671875 0.539637537109375 0.25070880078125 0.623187189453125 0.100106142578125 0.58761221484375 0.01025155078125
1 0.62733416015625 0.1151453203125 0.54319265234375 0.264474865234375 0.589411619140625 0.345412595703125 0.65163008984375 0.188230060546875 0.62733416015625 0.1151453203125