5 0.1611328125 0.4619140625 0.0400390625 0.0966796875
5 0.2158203125 0.330078125 0.0419921875 0.0703125
5 0.3017578125 0.458984375 0.05078125 0.1083984375
5 0.3525390625 0.3505859375 0.04296875 0.0888671875
5 0.455078125 0.482421875 0.048828125 0.115234375
5 0.486328125 0.361328125 0.0419921875 0.0849609375
5 0.60546875 0.4970703125 0.060546875 0.0927734375
5 0.625 0.3740234375 0.05859375 0.0810546875
5 0.7587890625 0.51953125 0.0634765625 0.1005859375
5 0.7568359375 0.380859375 0.0517578125 0.0751953125
6 0.68359375 0.439453125 0.03515625 0.1396484375
6 0.541015625 0.4287109375 0.0185546875 0.1416015625
6 0.3984375 0.4130859375 0.0244140625 0.140625
6 0.2578125 0.396484375 0.0390625 0.150390625