4 0.21633391203703703 0.17981770833333333 0.07871817129629627 0.08528645833333337
3 0.39883733984375 0.1544125625 0.232713271484375 0.013317197265625 0.210558486328125 0.040853529296875 0.37994670703125 0.201529888671875 0.39883733984375 0.1544125625
3 0.32091163671875 0.41182865625 0.184668259765625 0.20716566796875 0.166610486328125 0.216794595703125 0.30572363671875 0.459742013671875 0.32091163671875 0.41182865625
3 0.3449339765625 0.42273380078125 0.42745287109375 0.5464700859375 0.387987123046875 0.617888640625 0.3803357109375 0.649666048828125 0.484651267578125 0.834482974609375 0.514277509765625 0.83980335546875 0.546137671875 0.793905689453125 0.585085390625 0.79235117578125 0.6055760546875 0.779520498046875 0.717801501953125 0.951652740234375 0.834455306640625 0.943875818359375 0.768416888671875 0.82286073046875 0.669156828125 0.706494275390625 0.741347318359375 0.472389505859375 0.5496984765625 0.3131971875 0.53672843359375 0.311977271484375 0.465495728515625 0.416780935546875 0.35756391015625 0.28732375390625 0.275037537109375 0.34714142578125 0.321127912109375 0.382631509765625 0.3449339765625 0.42273380078125
1 0.8471967890625 0 0.632610783203125 0.383752958984375 0.737613783203125 0.475765283203125 0.9988131484375 0.093558275390625 0.999506173828125 0 0.8471967890625 0
1 0.693674009765625 0 0.551576568359375 0.30994539453125 0.6233511015625 0.3822859765625 0.8313530390625 0 0.693674009765625 0
1 0.99628048828125 0.435467505859375 0.859431962890625 0.35137158203125 0.62483692578125 0.682351083984375 0.723996576171875 0.812273158203125 0.99576028515625 0.5056948828125 0.99628048828125 0.435467505859375
1 0.592706486328125 0.95999240625 0.671730037109375 0.871787861328125 0.585408962890625 0.748668880859375 0.458000244140625 0.928089701171875 0.4777707421875 0.9676547890625 0.592706486328125 0.95999240625
1 0.677703912109375 0.553871173828125 0.594471423828125 0.4650860078125 0.468966947265625 0.69910880859375 0.5257239296875 0.796421830078125 0.677703912109375 0.553871173828125
1 0.4616394296875 0.68709038671875 0.58676411328125 0.456867974609375 0.517628923828125 0.387362470703125 0.412148171875 0.6101376640625 0.4616394296875 0.68709038671875
1 0.406823263671875 0.97238462109375 0.503216134765625 0.83127424609375 0.44829090625 0.736965404296875 0.35998490234375 0.893976697265625 0.390875845703125 0.973447783203125 0.406823263671875 0.97238462109375
1 0.35577571484375 0.878298392578125 0.444689197265625 0.722614298828125 0.397107451171875 0.6382385234375 0.330999240234375 0.80210801171875 0.35577571484375 0.878298392578125