3 0.2368538125 0.64101683203125 0.252421080078125 0.639240412109375 0.2595892734375 0.62780031640625 0.243800712890625 0.614639451171875 0.22084395703125 0.612918685546875 0.205658224609375 0.64044884375 0.22613866015625 0.660752943359375 0.259420080078125 0.6782914609375 0.289836015625 0.68814461328125 0.288121408203125 0.693949185546875 0.30751200390625 0.704883599609375 0.31182996875 0.6867880546875 0.2368538125 0.64101683203125
3 0.47104260546875 0.53657008984375 0.46929253515625 0.542263544921875 0.479487474609375 0.5493246796875 0.389550556640625 0.73200412109375 0.371186470703125 0.73073038671875 0.36585891015625 0.74265886328125 0.38163983984375 0.75530476953125 0.3991811875 0.75417013671875 0.492509751953125 0.56149637890625 0.4969574453125 0.552157451171875 0.47104260546875 0.53657008984375
3 0.557243869140625 0.658938693359375 0.56929571875 0.667518111328125 0.51293150390625 0.82548600390625 0.496454857421875 0.827790970703125 0.4938106640625 0.835042888671875 0.519653642578125 0.84446540234375 0.58766743359375 0.669306802734375 0.56269353125 0.655251873046875 0.557243869140625 0.658938693359375
3 0.49746931640625 0.276043826171875 0.4805271953125 0.24692934375 0.460367248046875 0.24825815625 0.460458822265625 0.2544393984375 0.476239755859375 0.2670853046875 0.38936803125 0.4090188046875 0.376414431640625 0.401482890625 0.362635388671875 0.400141232421875 0.35950814453125 0.410896470703125 0.380479259765625 0.4282122109375 0.4070135078125 0.423697951171875 0.49746931640625 0.276043826171875
3 0.587077845703125 0.4426679921875 0.57202315234375 0.4171316328125 0.561989474609375 0.42088636328125 0.570456212890625 0.435186419921875 0.5110204765625 0.571561583984375 0.50634387109375 0.56544884375 0.492557197265625 0.56359222265625 0.49088342578125 0.574435849609375 0.50386652734375 0.58403219140625 0.522169560546875 0.58118509765625 0.587077845703125 0.4426679921875
3 0.616694888671875 0.27359670703125 0.611964861328125 0.263878095703125 0.602763240234375 0.261954126953125 0.601097095703125 0.2733127109375 0.604031259765625 0.285633865234375 0.55512651171875 0.389911021484375 0.545092841796875 0.393666330078125 0.558054453125 0.410113169921875 0.614371193359375 0.302482111328125 0.6187425703125 0.287991859375 0.616694888671875 0.27359670703125
3 0.6546146484375 0.390679849609375 0.654797787109375 0.403041759765625 0.660522154296875 0.417897517578125 0.62621425390625 0.516806544921875 0.61978654296875 0.516386697265625 0.61534648828125 0.526241162109375 0.626538763671875 0.5364280234375 0.674362240234375 0.4233594296875 0.670288748046875 0.39611458984375 0.6546146484375 0.390679849609375
3 0.7167463828125 0.3743037421875 0.694662173828125 0.307656498046875 0.6616020390625 0.305054689453125 0.641579447265625 0.315655076171875 0.628389294921875 0.2921519609375 0.615450953125 0.28564596875 0.611988955078125 0.299607673828125 0.61972283984375 0.326282634765625 0.6408761015625 0.330090986328125 0.65904941015625 0.318487275390625 0.670054533203125 0.318324236328125 0.69303286328125 0.383413017578125 0.74537408203125 0.3872743984375 0.7499520078125 0.392882736328125 0.77198361328125 0.38791090234375 0.7524812265625 0.371713470703125 0.7167463828125 0.3743037421875
3 0.6399935703125 0.146696728515625 0.594162982421875 0.148921494140625 0.57138173828125 0.15904767578125 0.565749962890625 0.150372572265625 0.54841735546875 0.156811951171875 0.55877151953125 0.174690130859375 0.581714033203125 0.17538038671875 0.604457123046875 0.162678830078125 0.672357982421875 0.164248828125 0.687848951171875 0.157322236328125 0.684707728515625 0.131093732421875 0.66914911328125 0.133385095703125 0.670302673828125 0.149338716796875 0.655652412109375 0.151101548828125 0.6399935703125 0.146696728515625
3 0.7319516782407407 0.2870732060185185 0.05164930555555558 0.05934606481481475
4 0.7785228587962962 0.26587094907407405 0.08318865740740744 0.07934027777777786
2 0.751982869140625 0.090427830078125 0.717982837890625 0.086294728515625 0.6974629296875 0.12523781640625 0.73344519140625 0.229829078125 0.766905203125 0.23085326953125 0.77924071484375 0.196668240234375 0.751982869140625 0.090427830078125