3 0.330596875 0.76567777734375 0.329197916015625 0.779766666015625 0.286769271484375 0.712637962890625 0.270450521484375 0.716781482421875 0.28060625 0.73415462890625 0.285836458984375 0.73252777734375 0.295161458984375 0.7598768515625 0.311480208984375 0.789712037109375 0.330130208984375 0.8079444453125 0.354841666015625 0.7938555546875 0.3529765625 0.773137037109375 0.340854166015625 0.7590481484375 0.330596875 0.76567777734375
3 0.406129166015625 0.54357222265625 0.397736978515625 0.547715740234375 0.224616666015625 0.634617591796875 0.223825 0.650481482421875 0.23548125 0.66457037109375 0.246205208984375 0.65959722265625 0.24480625 0.64302222265625 0.408927083984375 0.559318517578125 0.415454166015625 0.568435185546875 0.420583333984375 0.56677777734375 0.406129166015625 0.54357222265625
3 0.141283333984375 0.526978703125 0.150157291015625 0.5502018515625 0.156684896484375 0.547715740234375 0.15855 0.5327981484375 0.300756771484375 0.479758333984375 0.3086828125 0.490532408203125 0.311946353515625 0.485559259765625 0.298891666015625 0.463183333984375 0.141283333984375 0.526978703125
3 0.6560078125 0.539413888671875 0.5235921875 0.623117591796875 0.5198625 0.6471518515625 0.535814583984375 0.665867591796875 0.54550625 0.6628981484375 0.544107291015625 0.650466666015625 0.537113541015625 0.638863888671875 0.6644 0.558475 0.67605625 0.572563888671875 0.6816515625 0.572563888671875 0.682583853515625 0.554331482421875 0.6560078125 0.539413888671875
3 0.379520833984375 0.521181482421875 0.377189583984375 0.537756482421875 0.3860484375 0.549358333984375 0.395839583984375 0.54770092578125 0.393974478515625 0.5352694453125 0.3883796875 0.53112592578125 0.511003646484375 0.4756 0.524058853515625 0.483058333984375 0.527322396484375 0.473942591796875 0.504009896484375 0.460682408203125 0.379520833984375 0.521181482421875
3 0.64356875 0.43000277734375 0.630513541015625 0.434146296875 0.533861458984375 0.4864694453125 0.548919791015625 0.497960185546875 0.552183853515625 0.4888444453125 0.6459 0.443262962890625 0.657090103515625 0.44574907421875 0.667347396484375 0.444091666015625 0.6654828125 0.435803703125 0.656623958984375 0.431660185546875 0.64356875 0.43000277734375
3 0.5203140625 0.381562037109375 0.418627083984375 0.426284259765625 0.427996353515625 0.436260185546875 0.436855208984375 0.432116666015625 0.4363890625 0.426314814453125 0.525442708984375 0.393993517578125 0.5389640625 0.398966666015625 0.550154166015625 0.398966666015625 0.545025521484375 0.38487777734375 0.5203140625 0.381562037109375
3 0.6457359375 0.43294537109375 0.639674478515625 0.421342591796875 0.618227083984375 0.409739814453125 0.627552083984375 0.391507408203125 0.624754166015625 0.36167222265625 0.564141666015625 0.342611111328125 0.566006771484375 0.310289814453125 0.551086458984375 0.292886111328125 0.546882291015625 0.312858333984375 0.552019271484375 0.3169194453125 0.556215625 0.364158333984375 0.6154296875 0.3840481484375 0.6154296875 0.393993517578125 0.605171875 0.410568517578125 0.608902083984375 0.42962962890625 0.633146875 0.436260185546875 0.6457359375 0.43294537109375
3 0.768826041015625 0.476039814453125 0.760899478515625 0.471067591796875 0.769758333984375 0.45034907421875 0.771157291015625 0.408911111328125 0.7669609375 0.39482222265625 0.768359896484375 0.381562037109375 0.782813541015625 0.382390740234375 0.784678646484375 0.36830277734375 0.760899478515625 0.365815740234375 0.754838541015625 0.37990462890625 0.757169791015625 0.441232408203125 0.7459796875 0.46195092578125 0.746911978515625 0.48267037109375 0.763230728515625 0.491786111328125 0.768826041015625 0.476039814453125
3 0.642578125 0.3271484375 0.052734375 0.044921875
4 0.6611328125 0.28515625 0.072265625 0.07421875
2 0.824776041015625 0.337638888671875 0.8205796875 0.306975 0.724065625 0.2837694453125 0.693293228515625 0.29537222265625 0.69466875 0.325589814453125 0.789807291015625 0.3567 0.824776041015625 0.337638888671875