4 0.6569878472222221 0.24327980324074072 0.07994791666666679 0.08318865740740744
3 0.6405381944444444 0.2943214699074074 0.05980902777777786 0.05555555555555558
2 0.7604600694444446 0.2837528935185185 0.13993055555555545 0.05869502314814812
3 0.7737196180555554 0.396875 0.04618055555555545 0.14516782407407414
3 0.5906032986111112 0.33315972222222223 0.10486111111111107 0.1499421296296296
3 0.533790267578125 0.45284204296875 0.5274473125 0.460055650390625 0.53018513671875 0.470695544921875 0.551789017578125 0.474825263671875 0.551551751953125 0.46414832421875 0.64750587890625 0.414666232421875 0.6591267578125 0.419834794921875 0.66966628515625 0.416051216796875 0.67289284375 0.408950400390625 0.66267311328125 0.3993113046875 0.6548098515625 0.4056584765625 0.64464943359375 0.3986883671875 0.544253498046875 0.45090612890625 0.537890236328125 0.457231076171875 0.533790267578125 0.45284204296875
3 0.52791140234375 0.368377453125 0.539874654296875 0.366420310546875 0.538577541015625 0.353090203125 0.524034626953125 0.35152475 0.508031275390625 0.3517618359375 0.399643806640625 0.3989213359375 0.418236451171875 0.4082733125 0.4220793828125 0.40109574609375 0.517751005859375 0.361408337890625 0.52791140234375 0.368377453125
3 0.6880391328125 0.551260990234375 0.68874273046875 0.536877048828125 0.677003232421875 0.526370515625 0.66186148828125 0.52036515234375 0.521865533203125 0.61410949609375 0.520438916015625 0.639941310546875 0.53825861328125 0.65391758984375 0.547181744140625 0.65022458203125 0.5453450703125 0.635121564453125 0.5376654609375 0.627225740234375 0.669758591796875 0.53804825 0.6880391328125 0.551260990234375
3 0.380376880859375 0.528095115234375 0.37654020703125 0.5130217265625 0.505724791015625 0.45058696875 0.515385208984375 0.457564484375 0.521748470703125 0.45123953515625 0.511008994140625 0.4407191796875 0.49740676953125 0.43646992578125 0.362819359375 0.5034345 0.363298873046875 0.52375516015625 0.374533927734375 0.53530131640625 0.380376880859375 0.528095115234375
3 0.224114841796875 0.632760890625 0.397315759765625 0.547424169921875 0.405015162109375 0.556210650390625 0.408837765625 0.5481434296875 0.393340134765625 0.52612315625 0.2098149140625 0.619622423828125 0.199389560546875 0.629348611328125 0.213665638671875 0.65783542578125 0.223569021484375 0.65323893359375 0.224114841796875 0.632760890625
3 0.285991416015625 0.46808255078125 0.291493091796875 0.468001044921875 0.28237795703125 0.440546486328125 0.271435033203125 0.44337846875 0.10601575 0.5152495859375 0.11706661328125 0.53983258203125 0.124898421875 0.53543980078125 0.12664138671875 0.5238435703125 0.280772826171875 0.458370359375 0.285991416015625 0.46808255078125
6 0.865492759765625 0.4477131484375 0.88119953515625 0.434130138671875 0.88294878125 0.40028394921875 0.8835200703125 0.35844462109375 0.880412310546875 0.308650201171875 0.871876814453125 0.284746875 0.863289779296875 0.303564140625 0.867199814453125 0.344446126953125 0.871604150390625 0.407571654296875 0.860576423828125 0.42909494140625 0.830385505859375 0.44378248828125 0.797451626953125 0.470081078125 0.763616037109375 0.500842802734375 0.719139802734375 0.52553148828125 0.689146587890625 0.54911565234375 0.651409314453125 0.58438594921875 0.62755616796875 0.6141088359375 0.595147779296875 0.619039728515625 0.5480721328125 0.6393171484375 0.512413919921875 0.67811546875 0.45643879296875 0.7249031953125 0.414864263671875 0.7450991171875 0.317449140625 0.7963837578125 0.279197775390625 0.808519857421875 0.286487677734375 0.776371494140625 0.280229546875 0.76489479296875 0.262080962890625 0.781183841796875 0.239530673828125 0.80198787890625 0.21395101171875 0.813090046875 0.228308564453125 0.830405974609375 0.252557115234375 0.818476330078125 0.275957572265625 0.835929748046875 0.30142417578125 0.8337725546875 0.351079462890625 0.81701673828125 0.40199804296875 0.789561751953125 0.467261251953125 0.754774615234375 0.517804197265625 0.71041605078125 0.566227939453125 0.66074816015625 0.597978166015625 0.648707376953125 0.6238651328125 0.642984134765625 0.654358322265625 0.6193915703125 0.6703284140625 0.595125197265625 0.692878705078125 0.574321162109375 0.720870779296875 0.5507656484375 0.74544196484375 0.53849214453125 0.770513140625 0.518540716796875 0.788319328125 0.509376376953125 0.81096846875 0.49302065234375 0.829696154296875 0.4802838359375 0.843863388671875 0.464943720703125 0.865492759765625 0.4477131484375
5 0.845700232421875 0.2968263984375 0.8302026015625 0.274806125 0.805631982421875 0.29475013671875 0.80854773828125 0.313396990234375 0.833553326171875 0.313026537109375 0.832284310546875 0.34597565625 0.8097397421875 0.344529740234375 0.818715927734375 0.365756671875 0.8334367734375 0.375329083984375 0.83453825390625 0.447403091796875 0.8287483515625 0.479529234375 0.79877546875 0.5040030546875 0.763485142578125 0.51431637109375 0.7138631171875 0.55510147265625 0.65687838671875 0.602226330078125 0.574933279296875 0.666417322265625 0.5452767421875 0.705126728515625 0.485540140625 0.718472078125 0.3729479921875 0.80079090625 0.386009498046875 0.820994771484375 0.413396998046875 0.815248306640625 0.5074946796875 0.749773537109375 0.53758674609375 0.730637681640625 0.591827951171875 0.695123875 0.602335908203125 0.672718333984375 0.641231923828125 0.644551505859375 0.692110984375 0.615318189453125 0.72223475 0.594138447265625 0.73426301171875 0.572599345703125 0.76473645703125 0.548118111328125 0.78366184375 0.5442779140625 0.811910953125 0.532289001953125 0.838041443359375 0.514991744140625 0.847910984375 0.486364982421875 0.851304900390625 0.436474244140625 0.8498418125 0.370635279296875 0.864212494140625 0.341942826171875 0.874661115234375 0.3168673046875 0.860980390625 0.309060390625 0.847589939453125 0.33684836328125 0.845700232421875 0.2968263984375
1 0.522913171875 0.6651008203125 0.36097101171875 0.53666863671875 0.226071955078125 0.604094240234375 0.372192369140625 0.771465408203125 0.522913171875 0.6651008203125
1 0.35543441796875 0.535153712890625 0.25503378515625 0.452090439453125 0.1306130546875 0.503774169921875 0.220485361328125 0.60417700390625 0.35543441796875 0.535153712890625
1 0.675480994140625 0.5517721953125 0.505406556640625 0.462621486328125 0.40366360546875 0.516942392578125 0.565675978515625 0.630829986328125 0.675480994140625 0.5517721953125
1 0.3838968828125 0.39767103515625 0.290206048828125 0.436439142578125 0.3980217890625 0.5145400703125 0.503886787109375 0.461754048828125 0.3838968828125 0.39767103515625
1 0.78436262109375 0.47295778125 0.62282423828125 0.407710392578125 0.540385484375 0.44531147265625 0.70461012890625 0.531100392578125 0.78436262109375 0.47295778125
1 0.495629234375 0.3570844375 0.417842900390625 0.391167150390625 0.541111419921875 0.446543671875 0.61630279296875 0.40691705078125 0.495629234375 0.3570844375