4 0.64453125 0.2138671875 0.087890625 0.0849609375
3 0.5693359375 0.3154296875 0.1259765625 0.1552734375
3 0.15625 0.3984375 0.1337890625 0.2607421875
3 0.501068228515625 0.42390092578125 0.494540625 0.400143517578125 0.482729166015625 0.40787777734375 0.48925625 0.4288731484375 0.364611978515625 0.5006981484375 0.350624478515625 0.486333333984375 0.341584896484375 0.503325 0.360882291015625 0.5227981484375 0.379842708984375 0.52335092578125 0.378288541015625 0.510643517578125 0.4988921875 0.43550277734375 0.500757291015625 0.4399231484375 0.503865625 0.43550277734375 0.501068228515625 0.42390092578125
3 0.405719791015625 0.400742591796875 0.40820625 0.39190277734375 0.487158333984375 0.349360185546875 0.500523958984375 0.35157037109375 0.509538541015625 0.349360185546875 0.520417708984375 0.35322777734375 0.529120833984375 0.338310185546875 0.524310416015625 0.325856482421875 0.511403125 0.339414814453125 0.486847396484375 0.33554722265625 0.401368228515625 0.3803 0.398259896484375 0.37532777734375 0.388313021484375 0.382510185546875 0.387069791015625 0.400742591796875 0.405719791015625 0.400742591796875
1 0.240022396484375 0.6175231484375 0.445006771484375 0.752916666015625 0.574624478515625 0.634681482421875 0.3713390625 0.5335731484375 0.240022396484375 0.6175231484375
1 0.23264375 0.615208333984375 0.365341146484375 0.533925 0.218627603515625 0.460442591796875 0.098023958984375 0.5239805546875 0.23264375 0.615208333984375
1 0.411897396484375 0.511041666015625 0.6094390625 0.59930092578125 0.696161978515625 0.51697777734375 0.507485416015625 0.447362962890625 0.411897396484375 0.511041666015625
1 0.404952603515625 0.50795462890625 0.501890625 0.447915740234375 0.3570421875 0.39542777734375 0.262069271484375 0.440990740234375 0.404952603515625 0.50795462890625
1 0.537765103515625 0.4307944453125 0.727439583984375 0.497040740234375 0.788673958984375 0.4340555546875 0.609322396484375 0.38212037109375 0.537765103515625 0.4307944453125
1 0.532991146484375 0.42925092578125 0.604651041015625 0.3835768515625 0.470059896484375 0.3432444453125 0.392328646484375 0.38270092578125 0.532991146484375 0.42925092578125
5 0.812810416015625 0.456783333984375 0.804107291015625 0.47722592578125 0.790430728515625 0.4821981484375 0.784524478515625 0.4783305546875 0.774578125 0.487171296875 0.745048958984375 0.523636111328125 0.728885416015625 0.555128703125 0.6990453125 0.571703703125 0.6367828125 0.6208305546875 0.627457291015625 0.650665740234375 0.606942708984375 0.67497592578125 0.577723958984375 0.694313888671875 0.545397396484375 0.707021296875 0.505299478515625 0.75785092578125 0.45183125 0.785143517578125 0.459602083984375 0.812768517578125 0.4987671875 0.78680092578125 0.532026041015625 0.755308333984375 0.575232291015625 0.7144231484375 0.588908853515625 0.7088981484375 0.638020833984375 0.663593517578125 0.6485890625 0.6332055546875 0.696146353515625 0.59397777734375 0.7372609375 0.572258333984375 0.756221875 0.53634537109375 0.780777603515625 0.507062962890625 0.796941146484375 0.505957408203125 0.82678125 0.474464814453125 0.8404578125 0.463967591796875 0.847030208984375 0.382835185546875 0.845476041015625 0.323164814453125 0.860396353515625 0.279516666015625 0.852625521484375 0.266257408203125 0.841746353515625 0.29885462890625 0.837101041015625 0.243584259765625 0.823423958984375 0.227562037109375 0.81125625 0.25125277734375 0.828041666015625 0.25677777734375 0.83115 0.31037037109375 0.810013021484375 0.2998731484375 0.814364583984375 0.32307777734375 0.831460416015625 0.335233333984375 0.8308390625 0.396008333984375 0.828663021484375 0.435236111328125 0.812810416015625 0.456783333984375
6 0.627565103515625 0.629261111328125 0.666730728515625 0.607713888671875 0.69688125 0.580088888671875 0.709625521484375 0.550806482421875 0.7444390625 0.511578703125 0.785469271484375 0.480086111328125 0.824202603515625 0.453640740234375 0.854975521484375 0.41165 0.873625521484375 0.393417591796875 0.876733853515625 0.332089814453125 0.873314583984375 0.259712037109375 0.854042708984375 0.218275 0.8273109375 0.232639814453125 0.8412984375 0.292862037109375 0.857772916015625 0.29065277734375 0.860259375 0.350875 0.85621875 0.38457777734375 0.821094271484375 0.41607037109375 0.763590103515625 0.474635185546875 0.697661978515625 0.5286481484375 0.674038541015625 0.5689805546875 0.626480728515625 0.586660185546875 0.5588734375 0.664536111328125 0.476858853515625 0.746535185546875 0.407854166015625 0.78300092578125 0.359696353515625 0.81632222265625 0.3388703125 0.803614814453125 0.351925521484375 0.785382408203125 0.341356771484375 0.76825462890625 0.325815103515625 0.797537037109375 0.298772916015625 0.81190277734375 0.282609375 0.81742777734375 0.282122916015625 0.82045462890625 0.292434375 0.839690740234375 0.318544791015625 0.82587777734375 0.347763021484375 0.83692777734375 0.380400521484375 0.834165740234375 0.4379046875 0.799910185546875 0.5003828125 0.756814814453125 0.559441146484375 0.701564814453125 0.627565103515625 0.629261111328125