5 0.102325 0.141643517578125 0.026978646484375 0.164186111328125 0.020844791015625 0.209832408203125 0.021756771484375 0.500990740234375 0.122466666015625 0.466514814453125 0.102325 0.141643517578125
5 0.223177083984375 0.1907055546875 0.181401041015625 0.1800981484375 0.147928125 0.2542768515625 0.1918453125 0.616353703125 0.292555208984375 0.565964814453125 0.223177083984375 0.1907055546875
5 0.363425521484375 0.41214907421875 0.3984875 0.30872037109375 0.385059375 0.24905 0.347759375 0.239768517578125 0.318761458984375 0.269091666015625 0.338061458984375 0.413475 0.363425521484375 0.41214907421875
5 0.5946859375 0.996916666015625 0.595431771484375 0.9438768515625 0.551417708984375 0.897466666015625 0.523815625 0.8497305546875 0.54545 0.752931482421875 0.571559896484375 0.61767962890625 0.54545 0.583203703125 0.49994375 0.656133333984375 0.464135416015625 0.6853055546875 0.44399375 0.6428731484375 0.479055728515625 0.51822962890625 0.480547916015625 0.466514814453125 0.438553125 0.487610185546875 0.405947396484375 0.61502777734375 0.4052015625 0.701217591796875 0.443247396484375 0.75027962890625 0.513371875 0.734367591796875 0.497705728515625 0.829839814453125 0.505165625 0.917356482421875 0.5268 0.97172222265625 0.5946859375 0.996916666015625
6 0.446231771484375 0.35380462890625 0.445485416015625 0.32065462890625 0.417883333984375 0.343196296875 0.4052015625 0.4108231484375 0.3611875 0.512925 0.349997396484375 0.579225 0.3596953125 0.595137037109375 0.3783453125 0.567291666015625 0.403709375 0.485078703125 0.485769791015625 0.491709259765625 0.634386458984375 0.57464722265625 0.681221875 0.591159259765625 0.666302083984375 0.503642591796875 0.630494271484375 0.4439731484375 0.561115625 0.441321296875 0.5253078125 0.459885185546875 0.4850234375 0.455906482421875 0.426835416015625 0.429387037109375 0.446231771484375 0.35380462890625
7 0.490234375 0.564453125 0.0107421875 0.01953125
7 0.494140625 0.541015625 0.0126953125 0.021484375
7 0.5185546875 0.4453125 0.01171875 0.0224609375
7 0.5244140625 0.4208984375 0.0107421875 0.0185546875
7 0.28125 0.45703125 0.01171875 0.0205078125
7 0.2646484375 0.44921875 0.013671875 0.0224609375
7 0.2734375 0.4306640625 0.013671875 0.0224609375
7 0.2880859375 0.4375 0.013671875 0.0224609375
7 0.3056640625 0.35546875 0.01171875 0.0166015625
7 0.322265625 0.365234375 0.013671875 0.0185546875
7 0.3134765625 0.3349609375 0.0107421875 0.021484375