7 0.6552734375 0.6181640625 0.005859375 0.0087890625
7 0.625 0.6123046875 0.0078125 0.01171875
7 0.5966796875 0.607421875 0.0087890625 0.0126953125
7 0.5673828125 0.603515625 0.0078125 0.0107421875
7 0.541015625 0.5966796875 0.0078125 0.015625
7 0.513671875 0.5908203125 0.0068359375 0.009765625
7 0.48828125 0.5859375 0.0078125 0.01171875
7 0.4638671875 0.5810546875 0.0078125 0.0146484375
7 0.439453125 0.57421875 0.005859375 0.0087890625
7 0.4189453125 0.5712890625 0.0078125 0.0087890625
7 0.3974609375 0.564453125 0.0068359375 0.0107421875
7 0.376953125 0.5595703125 0.0068359375 0.0087890625
7 0.3583984375 0.5537109375 0.0068359375 0.0126953125
7 0.33984375 0.5498046875 0.005859375 0.0078125
7 0.32421875 0.544921875 0.0068359375 0.0087890625
7 0.3056640625 0.5283203125 0.005859375 0.0068359375
7 0.318359375 0.5029296875 0.0048828125 0.009765625
7 0.3291015625 0.4794921875 0.00390625 0.0087890625
7 0.3388671875 0.4580078125 0.0048828125 0.0107421875
7 0.349609375 0.439453125 0.005859375 0.0078125
7 0.4228515625 0.4326171875 0.0078125 0.015625
7 0.48828125 0.439453125 0.0078125 0.0107421875
0 0.654021353515625 0.330766666015625 0.4093328125 0.33739722265625 0.3865796875 0.353309259765625 0.3011625 0.525689814453125 0.306011458984375 0.548231482421875 0.669797396484375 0.628990740234375 0.654021353515625 0.330766666015625