7 0.427734375 0.8203125 0.0224609375 0.03515625
7 0.65234375 0.830078125 0.0205078125 0.037109375
7 0.451171875 0.380859375 0.01953125 0.03125
7 0.62109375 0.5224609375 0.0185546875 0.029296875
7 0.4736328125 0.353515625 0.0185546875 0.021484375
7 0.1591796875 0.26953125 0.0185546875 0.0302734375
7 0.2314453125 0.271484375 0.01953125 0.0302734375
7 0.9580078125 0.2890625 0.0224609375 0.033203125
4 0.631240103515625 0.458559259765625 0.629747916015625 0.44264722265625 0.617811978515625 0.433364814453125 0.619304166015625 0.405518517578125 0.634223958984375 0.393584259765625 0.632731771484375 0.3405444453125 0.464881771484375 0.339218517578125 0.457421353515625 0.531488888671875 0.470849478515625 0.561987037109375 0.467865625 0.616353703125 0.4171375 0.630939814453125 0.413553125 0.769091666015625 0.670778125 0.7768 0.6692859375 0.630939814453125 0.6185578125 0.622983333984375 0.6319859375 0.546075 0.630494271484375 0.51159907421875 0.617811978515625 0.500990740234375 0.617066146484375 0.471818517578125 0.631240103515625 0.458559259765625
6 0.911736458984375 0.002412962890625 0.896070833984375 0.002412962890625 0.913228646484375 0.11645 0.9177046875 0.2079444453125 0.8804046875 0.286178703125 0.764028125 0.306068517578125 0.6506359375 0.327284259765625 0.639445833984375 0.368390740234375 0.646159896484375 0.425408333984375 0.643921875 0.469166666015625 0.643761458984375 0.539462037109375 0.673761978515625 0.536793517578125 0.6692859375 0.44795092578125 0.655111978515625 0.361760185546875 0.671523958984375 0.34717407421875 0.889356771484375 0.30872037109375 0.926656771484375 0.25435462890625 0.934116666015625 0.15357777734375 0.911736458984375 0.002412962890625
6 0.211986978515625 0.18672777734375 0.223177083984375 0.132362037109375 0.221684896484375 0.072691666015625 0.2291453125 0.003738888671875 0.211986978515625 0.005065740234375 0.209003125 0.01699907421875 0.2104953125 0.128383333984375 0.185877083984375 0.2079444453125 0.165734896484375 0.206617591796875 0.16871875 0.165512037109375 0.184386458984375 0.059832408203125 0.157529166015625 0.05677962890625 0.1515609375 0.096559259765625 0.149322916015625 0.15357777734375 0.152306771484375 0.201313888671875 0.165734896484375 0.233137962890625 0.194829166015625 0.2185518515625 0.211986978515625 0.18672777734375