7 0.16310763888888888 0.44075520833333337 0.03585069444444444 0.02604166666666674
7 0.1456814236111111 0.6655454282407407 0.03774594907407408 0.02423321759259256
7 0.6038194444444445 0.49688946759259256 0.03182870370370372 0.02184606481481488
7 0.456177662037037 0.6572265625 0.02987557870370372 0.02170138888888884
7 0.6304976851851852 0.5213758680555556 0.02206307870370372 0.02112268518518512
7 0.7238570601851851 0.21119068287037038 0.03182870370370372 0.021846064814814825
7 0.7207103587962963 0.28436053240740744 0.03182870370370372 0.02184606481481488
7 0.680541087962963 0.9997649016203703 0.03389756944444455 0.0004701967592593004
4 0.35519028125 0.646847890625 0.43212831640625 0.66607505859375 0.466841275390625 0.66714362109375 0.477886611328125 0.655185123046875 0.507244021484375 0.656608361328125 0.5201551875 0.67184418359375 0.536200564453125 0.671529439453125 0.5458903359375 0.660222435546875 0.573847755859375 0.6637966484375 0.585404302734375 0.67968351171875 0.638784873046875 0.6821343359375 0.645117580078125 0.513504306640625 0.451995279296875 0.491683015625 0.420926796875 0.502909701171875 0.366345279296875 0.49586056640625 0.35318860546875 0.443780359375 0.214371716796875 0.429886578125 0.198958935546875 0.68788412890625 0.34567842578125 0.697248947265625 0.35519028125 0.646847890625
6 0.630962791015625 0.720635798828125 0.66314322265625 0.9424734296875 0.7167017109375 0.98401830859375 0.81781937109375 0.99902391796875 0.970495271484375 0.987786484375 0.9709618671875 0.97203883984375 0.8557767109375 0.98079210546875 0.763637806640625 0.978476353515625 0.68607745703125 0.935153560546875 0.6695427734375 0.81668614453125 0.6515858671875 0.70111996484375 0.61058303515625 0.68680933984375 0.553046931640625 0.68931143359375 0.509110798828125 0.683802228515625 0.438427494140625 0.678404818359375 0.440217361328125 0.70876118359375 0.529689599609375 0.710879404296875 0.616784021484375 0.70305140234375 0.630962791015625 0.720635798828125
6 0.79310259765625 0.209565013671875 0.76070078125 0.22069293359375 0.7745018125 0.251026021484375 0.805992634765625 0.270644171875 0.860328798828125 0.285942453125 0.920376966796875 0.288887171875 0.98949275 0.301522796875 0.98866954296875 0.284175794921875 0.976758416015625 0.280287431640625 0.864707453125 0.27349065234375 0.785435115234375 0.24281719140625 0.787369310546875 0.222668380859375 0.828615630859375 0.228729724609375 0.9344189921875 0.252351314453125 0.93828876171875 0.2255808046875 0.898464662109375 0.2166182265625 0.841194263671875 0.210121298828125 0.79310259765625 0.209565013671875