6 0.590209896484375 0.331262037109375 0.511133853515625 0.286178703125 0.473833853515625 0.299437962890625 0.430565625 0.389606482421875 0.402963541015625 0.4399944453125 0.3425375 0.4439731484375 0.288079166015625 0.441321296875 0.301053125 0.47835092578125 0.3462671875 0.500990740234375 0.4156453125 0.497012962890625 0.49994375 0.3405444453125 0.606621875 0.432038888671875 0.634223958984375 0.465188888671875 0.6640640625 0.418778703125 0.6267640625 0.385628703125 0.590209896484375 0.331262037109375
5 0.68420625 0.5858555546875 0.7043484375 0.624309259765625 0.7043484375 0.682653703125 0.687190103515625 0.702543517578125 0.654366146484375 0.666741666015625 0.6372078125 0.57524722265625 0.628255728515625 0.491709259765625 0.600654166015625 0.446625 0.570068228515625 0.4399944453125 0.565636458984375 0.47279537109375 0.602145833984375 0.500990740234375 0.626018228515625 0.6707194453125 0.65735 0.733041666015625 0.708078125 0.73967222265625 0.74015625 0.64817777734375 0.714046353515625 0.561987037109375 0.693158333984375 0.556683333984375 0.68420625 0.5858555546875
7 0.521484375 0.6689453125 0.0380859375 0.0703125
7 0.45703125 0.6552734375 0.03125 0.0576171875
7 0.421875 0.6240234375 0.0302734375 0.05078125
7 0.5478515625 0.439453125 0.0224609375 0.0439453125
7 0.5107421875 0.4150390625 0.0224609375 0.05078125
7 0.744140625 0.5029296875 0.0390625 0.0673828125
7 0.7021484375 0.4716796875 0.037109375 0.076171875
7 0.2158203125 0.2431640625 0.037109375 0.0634765625
7 0.2451171875 0.1943359375 0.033203125 0.06640625
7 0.3154296875 0.1689453125 0.0302734375 0.0556640625
7 0.0771484375 0.04296875 0.025390625 0.0439453125
7 0.0576171875 0.3759765625 0.029296875 0.05078125
3 0.8759765625 0.46484375 0.248046875 0.2734375