1 0.234386458984375 0.3005731484375 0.053844271484375 0.3794555546875 0.123968228515625 0.428517591796875 0.31046875 0.334371296875 0.234386458984375 0.3005731484375
1 0.155300521484375 0.448407408203125 0.248550521484375 0.5067518515625 0.4372890625 0.382107408203125 0.335086978515625 0.3370231484375 0.155300521484375 0.448407408203125
1 0.480219791015625 0.3968694453125 0.288834896484375 0.53194537109375 0.435796875 0.622113888671875 0.5894734375 0.4457555546875 0.480219791015625 0.3968694453125
1 0.368569791015625 0.244565740234375 0.235428125 0.2968694453125 0.313365625 0.336060185546875 0.443915625 0.269760185546875 0.368569791015625 0.244565740234375
1 0.338553125 0.333906482421875 0.440185416015625 0.38247037109375 0.567752083984375 0.300258333984375 0.461819791015625 0.276389814453125 0.338553125 0.333906482421875
1 0.599830208984375 0.308213888671875 0.482303125 0.393165740234375 0.595354166015625 0.436837037109375 0.684874478515625 0.332082408203125 0.599830208984375 0.308213888671875
7 0.6220703125 0.3740234375 0.0087890625 0.03125
7 0.6455078125 0.3544921875 0.0078125 0.0263671875
7 0.666015625 0.3349609375 0.0087890625 0.025390625
7 0.755859375 0.2607421875 0.0068359375 0.015625
7 0.767578125 0.251953125 0.0068359375 0.017578125
7 0.7783203125 0.2421875 0.0087890625 0.0234375
7 0.9111328125 0.46875 0.01171875 0.0439453125
7 0.921875 0.439453125 0.01171875 0.0419921875
7 0.9296875 0.4130859375 0.013671875 0.0361328125
7 0.9521484375 0.3447265625 0.01171875 0.025390625
7 0.966796875 0.30859375 0.0263671875 0.046875