0 0 0.31948206640625 0.04886371875 0.837730685546875 0.5017323046875 0.440851693359375 0.508852486328125 0.14346094921875 0.479299619140625 0.15009666015625 0.477629962890625 0.04358378515625 0 0.124475484375 0 0.31948206640625
5 0.337586734375 0.804765525390625 0.32145812109375 0.769401349609375 0.303237296875 0.776334716796875 0.252703650390625 0.75766303515625 0.264583775390625 0.813352658203125 0.317532515625 0.856828517578125 0.337586734375 0.804765525390625
5 0.284012791015625 0.745352580078125 0.283356607421875 0.71312801171875 0.2532437734375 0.6847465390625 0.21474198828125 0.682432453125 0.199561037109375 0.7404376953125 0.2346983671875 0.75434594140625 0.232521 0.716373798828125 0.284012791015625 0.745352580078125
5 0.362042447265625 0.601108373046875 0.327573677734375 0.607634841796875 0.31418240234375 0.64525999609375 0.33608857421875 0.667067009765625 0.342969482421875 0.63131482421875 0.36173998046875 0.6419413671875 0.3969529296875 0.6456408515625 0.389740251953125 0.6236022265625 0.362042447265625 0.601108373046875
5 0.429954900390625 0.72659619140625 0.444068181640625 0.702113478515625 0.4369203125 0.671325359375 0.418904228515625 0.66946651171875 0.416337970703125 0.68399437109375 0.404736373046875 0.7012394375 0.38438144921875 0.6832842265625 0.371313671875 0.677159876953125 0.353070009765625 0.69188831640625 0.390612291015625 0.7271803984375 0.429954900390625 0.72659619140625
5 0.502980662109375 0.60424033203125 0.476780869140625 0.60074113671875 0.460095873046875 0.6107498671875 0.486365935546875 0.634501412109375 0.517460029296875 0.641026345703125 0.535594943359375 0.62684344140625 0.5317029375 0.5990436328125 0.511315029296875 0.585464171875 0.502980662109375 0.60424033203125
5 0.477484640625 0.580581357421875 0.4828628203125 0.554201603515625 0.44699269140625 0.5286081484375 0.41831305859375 0.52797082421875 0.4056977890625 0.5714481953125 0.433503619140625 0.579358544921875 0.44592444140625 0.56213168359375 0.477484640625 0.580581357421875
5 0.59622148828125 0.518797947265625 0.5724156953125 0.524102884765625 0.582097412109375 0.544737890625 0.55595163671875 0.533946435546875 0.54279801171875 0.53948910546875 0.542988673828125 0.543334095703125 0.56226947265625 0.5661756171875 0.599929853515625 0.571388998046875 0.614021529296875 0.54982278125 0.59622148828125 0.518797947265625
5 0.528523892578125 0.474994333984375 0.503952888671875 0.472989822265625 0.49314948046875 0.49316960546875 0.497433291015625 0.513803822265625 0.508631708984375 0.50518258203125 0.5258609765625 0.5026484765625 0.55527283984375 0.514971 0.561968771484375 0.496157412109375 0.528523892578125 0.474994333984375
5 0.638270791015625 0.484726615234375 0.617085271484375 0.46821143359375 0.6006344140625 0.48554225390625 0.628286607421875 0.5049246015625 0.65527321484375 0.51281674609375 0.676674779296875 0.500165939453125 0.672761171875 0.47528262890625 0.659607552734375 0.48082428125 0.638270791015625 0.484726615234375
5 0.608309197265625 0.435927626953125 0.576416921875 0.426466958984375 0.560751046875 0.4392462421875 0.568778837890625 0.46039041015625 0.5852146015625 0.45583426953125 0.60895558203125 0.45927882421875 0.608309197265625 0.435927626953125