3 0.29012128125 1 0.5832741484375 0.02232230078125 0.563128427734375 0.020856609375 0.4973313359375 0.0184196796875 0.173025337890625 0.98599339453125 0.188795869140625 1 0.29012128125 1
5 0.091281349609375 1 0.435693955078125 0.0161368125 0.41383962109375 0.015327392578125 0.058767623046875 0.991703630859375 0.059259259765625 1 0.091281349609375 1
5 0.055010513671875 0.92830240234375 0.384921251953125 0.014256341796875 0.360377876953125 0.013347328125 0.049600224609375 0.837003791015625 0.055010513671875 0.92830240234375
5 0.738510427734375 1 0.8065773359375 0.6602055546875 0.849331740234375 0.3241783125 0.88795640625 0.234138267578125 0.92209344921875 0.178856591796875 0.952233236328125 0.103470298828125 0.929145943359375 0.0344128125 0.84477178125 0.03128784375 0.8188762421875 0.031048302734375 0.818185376953125 0.066906541015625 0.866784119140625 0.113610052734375 0.877987890625 0.192191060546875 0.84153266015625 0.255702384765625 0.817216560546875 0.366229873046875 0.773126064453125 0.6323570859375 0.701533978515625 1 0.738510427734375 1
6 0.48164071484375 0.480197232421875 0.43024265625 0.6545827421875 0.3605449140625 0.883173486328125 0.36444930859375 0.9964091875 0.40647863671875 0.916473759765625 0.4449019140625 0.7599017265625 0.49166307421875 0.601975498046875 0.555784958984375 0.358210232421875 0.59746412109375 0.19344328125 0.609663673828125 0.09297882421875 0.578021232421875 0.11788313671875 0.557799421875 0.21858375 0.48164071484375 0.480197232421875
7 0.4741825810185185 0.7503255208333333 0.038859953703703765 0.06380208333333348
7 0.5376519097222223 0.604564525462963 0.03472222222222232 0.05975115740740744
7 0.6128399884259259 0.7223307291666667 0.030005787037036935 0.0459346064814814
7 0.9067129629629629 0.9622034143518519 0.033912037037036935 0.04607928240740744
7 0.16593605324074073 0.35011574074074076 0.025868055555555547 0.04188368055555558
7 0.06657986111111111 0.26848234953703703 0.029890046296296297 0.04398148148148151