5 0.6815755208333334 0.43245081018518516 0.08407118055555562 0.18443287037037037
5 0.6331597222222223 0.6675491898148148 0.10399305555555571 0.11539351851851842
5 0.5070095486111111 0.43283420138888884 0.06384548611111107 0.06425057870370376
5 0.46165364583333335 0.630078125 0.09513888888888888 0.06805555555555554
5 0.5934244791666667 0.9271267361111111 0.13654513888888875 0.14574652777777786
5 0.37979600694444443 0.9295536747685185 0.10503472222222221 0.14089265046296306
6 0.545686498046875 0.623240708984375 0.553574986328125 0.69052662890625 0.534835880859375 0.746282529296875 0.5103053046875 0.7931657265625 0.497927119140625 0.88341958203125 0.514731029296875 0.88441537109375 0.54333457421875 0.8050751015625 0.57277945703125 0.691664669921875 0.572693703125 0.651853232421875 0.590958279296875 0.574743451171875 0.60343663671875 0.49203529296875 0.590597515625 0.486578857421875 0.56151944140625 0.54456525 0.545686498046875 0.623240708984375
7 0.5436631944444444 0.9411747685185186 0.012239583333333304 0.024131944444444553
7 0.5375217013888889 0.9720196759259259 0.014192708333333304 0.024247685185185386
7 0.5259331597222222 0.9332971643518518 0.010286458333333304 0.02401620370370372
7 0.5198133680555556 0.9651186342592593 0.014192708333333304 0.024247685185185164
7 0.4570095486111111 0.9038556134259259 0.012239583333333304 0.024131944444444553
7 0.44891493055555554 0.9345847800925926 0.012196180555555491 0.022178819444444553
7 0.4383463541666667 0.8978732638888889 0.016145833333333304 0.024363425925925997
7 0.4311631944444444 0.925730613425926 0.012196180555555491 0.022178819444444553