1 0.694105009765625 0.539655748046875 0.413093349609375 0.4526209140625 0.359322578125 0.666244603515625 0.611850662109375 0.813866951171875 0.694105009765625 0.539655748046875
1 0.202139484375 0.383247974609375 0.164316537109375 0.543440537109375 0.35372116015625 0.660637888671875 0.406225484375 0.4508586484375 0.202139484375 0.383247974609375
7 0.595775462962963 0.4908275462962963 0.02980324074074092 0.01453993055555558
7 0.7744140625 0.4452835648148148 0.02777777777777768 0.012528935185185164
7 0.6871744791666666 0.42510127314814816 0.02763310185185186 0.008622685185185164
7 0.6095196759259259 0.41009114583333334 0.03161168981481488 0.010691550925925886
7 0.6020326967592593 0.42746672453703705 0.02770543981481488 0.010575810185185164
7 0.5184461805555556 0.46702835648148144 0.02763310185185186 0.008622685185185164
7 0.4508101851851852 0.44547164351851853 0.01996527777777779 0.01229745370370372
7 0.4612630208333333 0.3744140625 0.03544560185185186 0.008854166666666607
7 0.41182002314814814 0.3631727430555556 0.02567997685185186 0.008564814814814747
7 0.3633174189814815 0.3529369212962963 0.02379918981481488 0.010460069444444442
7 0.31640625 0.40531684027777776 0.02387152777777779 0.012413194444444442
7 0.27097800925925924 0.3912615740740741 0.02387152777777779 0.012413194444444442
7 0.23325376157407407 0.38036747685185185 0.02177372685185186 0.008449074074074026
7 0.9058159722222222 0.645681423611111 0.04354745370370372 0.016898148148148273
7 0.868236400462963 0.7364655671296296 0.03566261574074092 0.014713541666666607
7 0.8336588541666667 0.8253833912037036 0.03949652777777768 0.01287615740740744
7 0.6050708912037037 0.8205656828703705 0.04354745370370372 0.016898148148148273
7 0.5054253472222222 0.765798611111111 0.04354745370370372 0.016898148148148273
7 0.4462528935185185 0.7268952546296297 0.04340277777777768 0.012991898148148273
7 0.3888888888888889 0.6919560185185185 0.03949652777777779 0.01287615740740744
7 0.24562355324074076 0.6007016782407408 0.04340277777777779 0.012991898148148273
7 0.2062717013888889 0.5809606481481482 0.02958622685185186 0.00868055555555558
7 0.17766203703703703 0.5615379050925926 0.03153935185185186 0.008738425925925997