5 0.718522396484375 0.917356482421875 0.711061978515625 0.864316666015625 0.658344791015625 0.843165740234375 0.653619791015625 0.866968517578125 0.686444271484375 0.889510185546875 0.681968228515625 0.920008333984375 0.59319375 0.959788888671875 0.599161978515625 0.998242591796875 0.633478125 0.988961111328125 0.688682291015625 0.9770268515625 0.718522396484375 0.917356482421875
5 0.4850234375 0.992938888671875 0.486515625 0.950506482421875 0.451453646484375 0.951832408203125 0.4372796875 0.913378703125 0.46264375 0.890836111328125 0.502927603515625 0.88155462890625 0.536469791015625 0.87649907421875 0.535005728515625 0.833818517578125 0.46264375 0.8457518515625 0.411915625 0.894813888671875 0.4104234375 0.953158333984375 0.426835416015625 0.984982408203125 0.449215625 0.994264814453125 0.4850234375 0.992938888671875
5 0.385805208984375 0.7078481484375 0.443247396484375 0.706521296875 0.440636458984375 0.591313888671875 0.3917734375 0.61237592578125 0.37163125 0.6468518515625 0.385805208984375 0.7078481484375
5 0.627509896484375 0.583203703125 0.591702083984375 0.58187777734375 0.534386458984375 0.611684259765625 0.572305728515625 0.721107408203125 0.609605728515625 0.666741666015625 0.627509896484375 0.583203703125
5 0.3999796875 0.343196296875 0.3276171875 0.467840740234375 0.363425521484375 0.522207408203125 0.413407291015625 0.500990740234375 0.409677603515625 0.467840740234375 0.358203125 0.47314537109375 0.370139583984375 0.428061111328125 0.417883333984375 0.4068444453125 0.3999796875 0.343196296875
7 0.5166015625 0.9443359375 0.0126953125 0.015625
7 0.5107421875 0.91015625 0.0126953125 0.0166015625
7 0.533203125 0.935546875 0.0126953125 0.021484375
7 0.52734375 0.90625 0.0126953125 0.021484375
7 0.599609375 0.91015625 0.01171875 0.01953125
7 0.5908203125 0.8828125 0.0126953125 0.01953125
7 0.615234375 0.9052734375 0.01171875 0.01953125
7 0.607421875 0.8779296875 0.0107421875 0.0205078125
6 0.516697396484375 0.779525 0.5316171875 0.83532777734375 0.543429166015625 0.844167591796875 0.537522916015625 0.7856018515625 0.50333125 0.71985462890625 0.486857291015625 0.672891666015625 0.478303646484375 0.67925092578125 0.516697396484375 0.779525