7 0.3448423032407407 0.26696325231481477 0.010170717592592582 0.00817418981481488
7 0.3489800347222222 0.29994936342592593 0.012123842592592582 0.00824652777777779
7 0.3531684027777778 0.33195891203703703 0.0141782407407407 0.0102719907407407
7 0.35638020833333334 0.36400462962962965 0.012123842592592582 0.008246527777777679
7 0.3616970486111111 0.39304832175925924 0.016030092592592582 0.00839120370370372
7 0.3659866898148148 0.42310474537037035 0.012123842592592582 0.00824652777777779
7 0.37037760416666665 0.4512080439814815 0.014076967592592582 0.0083188657407407
7 0.3748697916666667 0.47735821759259256 0.016030092592592582 0.00839120370370372
7 0.3813151041666667 0.5034360532407407 0.008116319444444464 0.00614872685185186
7 0.3830295138888889 0.5267650462962963 0.010170717592592582 0.00817418981481488
7 0.3896267361111111 0.5499131944444444 0.012123842592592582 0.008246527777777679
7 0.39329427083333335 0.573169849537037 0.010170717592592582 0.00817418981481488
7 0.3990668402777778 0.5934244791666666 0.014076967592592582 0.0083188657407407
7 0.40196035879629627 0.6128110532407407 0.008217592592592582 0.00810185185185186
7 0.40593171296296293 0.6302083333333333 0.010170717592592693 0.00817418981481488
7 0.4234230324074074 0.6500289351851852 0.008116319444444464 0.00614872685185186
7 0.45245225694444446 0.6353081597222223 0.011921296296296235 0.004340277777777679
7 0.4794777199074074 0.6216362847222222 0.009968171296296235 0.004267939814814881
7 0.5034722222222222 0.6100260416666667 0.012022569444444464 0.006293402777777679
7 0.524587673611111 0.5975477430555556 0.008217592592592471 0.00810185185185186
7 0.5365523726851852 0.5171802662037037 0.017983217592592693 0.008463541666666519
7 0.5324869791666667 0.4452039930555556 0.012123842592592471 0.008246527777777679
0 0.641040146484375 0.527602548828125 0.66239340625 0.257018951171875 0.333295037109375 0.251813171875 0.401821521484375 0.650384265625 0.426487412109375 0.654817158203125 0.622129228515625 0.553390470703125 0.641040146484375 0.527602548828125