5 0.9292028356481481 0.24013310185185183 0.1010416666666667 0.24678819444444444
5 0.659519675925926 0.28020833333333334 0.09541377314814814 0.25455729166666663
5 0.35022424768518523 0.33912760416666665 0.13315972222222228 0.276316550925926
5 0.2986038773148148 0.10553023726851851 0.1156828703703704 0.21106047453703702
7 0.6285373263888889 0.10664785879629629 0.008275462962962887 0.01568287037037036
7 0.6039785879629629 0.1117115162037037 0.012413194444444553 0.02352430555555557
7 0.6390263310185185 0.21396846064814815 0.012413194444444553 0.02352430555555557
7 0.6421802662037037 0.23933015046296297 0.012413194444444553 0.023524305555555514
7 0.6154441550925926 0.21902488425925926 0.01425057870370372 0.019632523148148118
7 0.6175347222222223 0.24732349537037038 0.014366319444444553 0.023538773148148173
7 0.6253833912037037 0.08128616898148147 0.01229745370370372 0.01961805555555557
7 0.6018012152777777 0.08634259259259258 0.012239583333333304 0.01766493055555557
7 0.906177662037037 0.19343894675925927 0.014366319444444553 0.023538773148148118
7 0.8855830439814816 0.1965205439814815 0.012413194444444553 0.023524305555555514
7 0.901099537037037 0.16711516203703702 0.016377314814814747 0.025506365740740722
7 0.8785228587962963 0.17118778935185186 0.016550925925925775 0.03136574074074072
7 0.8834563078703703 0.07058738425925926 0.016319444444444553 0.02355324074074075
7 0.8619719328703703 0.07074652777777778 0.01442418981481497 0.025491898148148145
7 0.8783781828703704 0.04426359953703704 0.01229745370370372 0.01961805555555557
7 0.8578125 0.04636863425925926 0.01620370370370372 0.01964699074074075