6 0.51205234375 0.913957408203125 0.528837240234375 0.81119212890625 0.522309634765625 0.7001393515625 0.51205234375 0.521128703125 0.514849740234375 0.36035092578125 0.511119791015625 0.2426680546875 0.493402083984375 0.146532408203125 0.480483333984375 0.169698611328125 0.492469791015625 0.2907356484375 0.482211978515625 0.479691203125 0.493402083984375 0.6487569453125 0.50272734375 0.81285 0.477549478515625 0.958710185546875 0.490604427734375 0.999537037109375 0.521377083984375 0.9935180546875 0.51205234375 0.913957408203125
5 0.531264583984375 0 0.5279046875 0.07525972265625 0.5838546875 0.169737962890625 0.605302603515625 0.23769537109375 0.660319791015625 0.8045625 0.6827 0.999537037109375 0.714404947265625 0.995175462890625 0.66684765625 0.57251157421875 0.637007552734375 0.297365740234375 0.6127625 0.174710185546875 0.556812240234375 0.071944908203125 0.54375703125 0 0.531264583984375 0
5 0.566420833984375 0.00071712890625 0.600640103515625 0.151505091796875 0.643534896484375 0.2509555546875 0.73865 0.999537037109375 0.775950259765625 0.999537037109375 0.69016015625 0.476376388671875 0.658455208984375 0.22112037109375 0.653792447265625 0.068630091796875 0.566420833984375 0.00071712890625
5 0.3629859375 0 0.352728384765625 0.074774537109375 0.298643228515625 0.180855091796875 0.127995572265625 0.160964814453125 0.187675521484375 0.0515694453125 0.183945572265625 0 0.131725521484375 0.07145972265625 0.094425259765625 0.20240277734375 0.001175 0.596888888671875 0.085100259765625 0.3615231484375 0.1046828125 0.237210185546875 0.130658853515625 0.231528240234375 0.180081509765625 0.231528240234375 0.31436171875 0.2331856484375 0.32368671875 0.340923611328125 0.297576822265625 0.5083319453125 0.2835890625 0.700602314453125 0.238829166015625 0.999537037109375 0.257479166015625 0.999537037109375 0.302239322265625 0.667452314453125 0.342336978515625 0.362471296875 0.342336978515625 0.304458796875 0.338606771484375 0.246445833984375 0.348864322265625 0.2166106484375 0.398286978515625 0.206665740234375 0.4533046875 0.214953240234375 0.465427083984375 0.2248981484375 0.47381953125 0.256390740234375 0.472886978515625 0.367443982421875 0.474729166015625 0.410902314453125 0.4917984375 0.401853703125 0.500063802734375 0.187485185546875 0.451573697265625 0.1327875 0.35086328125 0.159307408203125 0.377905990234375 0 0.3629859375 0
5 0.765896353515625 0 0.76713984375 0.0295768515625 0.816873177734375 0.12129212890625 0.794493228515625 0.156652314453125 0.654523697265625 0.162514814453125 0.668916146484375 0.2331305546875 0.857903125 0.20329537109375 0.854173177734375 0.25854537109375 0.875309896484375 0.3778856484375 0.918826822265625 0.512696296875 0.966695052734375 0.65413657421875 0.999739583984375 0.75027222265625 0.997778646484375 0.666058796875 0.9287734375 0.432903240234375 0.880904947265625 0.282622685546875 0.884634896484375 0.2196375 0.999739583984375 0.215217591796875 0.999739583984375 0.1743319453125 0.950531771484375 0.15996712890625 0.842361458984375 0.15002222265625 0.842361458984375 0.098087037109375 0.79946640625 0.045046759765625 0.783924740234375 0 0.765896353515625 0
7 0.7646484375 0.5947265625 0.021484375 0.033203125
7 0.86328125 0.5908203125 0.021484375 0.033203125
7 0.0947265625 0.595703125 0.0205078125 0.033203125
7 0.3955078125 0.599609375 0.0234375 0.03125
7 0.1953125 0.6025390625 0.025390625 0.04296875
6 0.207475 0.242762037109375 0.18768359375 0.36495 0.149140365234375 0.529595833984375 0.114326822265625 0.724076388671875 0.144166927734375 0.757226388671875 0.170277083984375 0.594790740234375 0.205711978515625 0.409150462890625 0.245498958984375 0.235664814453125 0.207475 0.242762037109375
6 0.863527083984375 0.705291203125 0.815658853515625 0.528490740234375 0.777115365234375 0.371580091796875 0.754735416015625 0.23455972265625 0.7309125 0.2211569453125 0.747896875 0.341744908203125 0.767790365234375 0.486500462890625 0.79514375 0.5660606484375 0.817523697265625 0.700871296875 0.876582291015625 0.9970125 0.920720572265625 0.999537037109375 0.88217734375 0.8743569453125 0.863527083984375 0.705291203125