3 0.81180049609375 0 0.821397939453125 0.044813232421875 0.807189146484375 0.0622293515625 0.55139958984375 0.083668169921875 0.307781814453125 0.48556737890625 0.297120251953125 0.55317828515625 0.279737009765625 0.564021267578125 0.27884616796875 0.637911203125 0.28242872265625 0.6159328671875 0.30213055859375 0.61337844140625 0.336884037109375 0.573230583984375 0.348388134765625 0.4854414453125 0.569837248046875 0.111381580078125 0.8284536484375 0.089817123046875 0.850696630859375 0.045189857421875 0.83885726171875 0.007042474609375 0.81685986328125 0 0.81180049609375 0
3 1 0.358175357421875 0.716944068359375 0.380104544921875 0.69084531640625 0.423224857421875 0.724128076171875 0.609728822265625 0.7205227265625 0.722343126953125 0.645397431640625 0.7307174609375 0.64452914453125 0.713971904296875 0.60255933984375 0.724229302734375 0.60929348046875 0.79945866796875 0.64124533984375 0.796360265625 0.649031513671875 0.782587177734375 0.726649072265625 0.785850791015625 0.764316216796875 0.747251759765625 0.7670407734375 0.599429517578125 0.73291523828125 0.433104267578125 1 0.408644197265625 1 0.358175357421875
3 0.334715986328125 0.658926 0.204315921875 0.6395453359375 0.08455488671875 0.64318973046875 0.235002857421875 0.0473773359375 0.22487231640625 0.015937609375 0.190093111328125 0.019162140625 0.02990726171875 0.576782916015625 0.036053904296875 0.6953253125 0.062511328125 0.728090177734375 0.20685973828125 0.7250318046875 0.34102901171875 0.744244947265625 0.362020296875 0.748347431640625 0.364538337890625 0.796909638671875 0.42170673046875 0.813174455078125 0.428069490234375 0.747090232421875 0.414825859375 0.673828498046875 0.37635176171875 0.660432630859375 0.334715986328125 0.658926
5 0.17955840625 0 0.1476150859375 0.037834201171875 0.124169525390625 0.077479951171875 0.019887865234375 0.3835516875 0.027309732421875 0.5266877109375 0.164094189453125 0.082418806640625 0.226509177734375 0 0.17955840625 0
5 0.32530727734375 0.186029525390625 0.31048062109375 0.300821345703125 0.286082880859375 0.449606373046875 0.277765712890625 0.562430560546875 0.2969978671875 0.623677423828125 0.3422416640625 0.640129056640625 0.348217419921875 0.609651814453125 0.29943887109375 0.56146730859375 0.2954705 0.5213616328125 0.312641552734375 0.45178309765625 0.330690703125 0.289852724609375 0.347042037109375 0.149816921875 0.361906974609375 0.0904117421875 0.365658099609375 0.037449642578125 0.355867189453125 0.02857855078125 0.3388573046875 0.083044099609375 0.32530727734375 0.186029525390625
5 0.500777515625 0.21851336328125 0.500944068359375 0.458519923828125 0.510318921875 0.511812814453125 0.548496958984375 0.5923584296875 0.56248353515625 0.62530509765625 0.57839041015625 0.5859943984375 0.527850037109375 0.46739449609375 0.522315783203125 0.26958687109375 0.5130250625 0.09040866796875 0.515658099609375 0.0307829765625 0.504145689453125 0.0102392109375 0.493918009765625 0.08622290625 0.500777515625 0.21851336328125
5 0.792917287109375 0.6066715234375 0.815185755859375 0.598968060546875 0.80597183203125 0.53056266015625 0.7530512421875 0.4389230859375 0.701317791015625 0.206243353515625 0.666919013671875 0.01643234765625 0.622600833984375 0.033062037109375 0.650912283203125 0.035606224609375 0.715915138671875 0.378471953125 0.74734898828125 0.492886072265625 0.792917287109375 0.6066715234375
5 0.77049961328125 0 0.764930525390625 0.005640060546875 0.796029388671875 0.029156576171875 0.822192171875 0.078346697265625 0.8882823125 0.2600354453125 0.949487490234375 0.43858466015625 1 0.490625412109375 1 0.422189517578125 0.978078509765625 0.407102294921875 0.892421900390625 0.175930259765625 0.822575029296875 0.012870943359375 0.8020312265625 0 0.77049961328125 0
5 0.9449725115740741 0.1968315972222222 0.021252893518518334 0.03407118055555558
7 0.8203776041666666 0.21019965277777777 0.01714409722222232 0.029991319444444442
7 0.7560257523148148 0.2150173611111111 0.0205439814814814 0.020399305555555525
7 0.6332826967592593 0.2263454861111111 0.019198495370370328 0.03203125000000001
7 0.5700086805555555 0.23307291666666666 0.016941550925925863 0.026085069444444442
7 0.39047309027777777 0.24398871527777777 0.016840277777777857 0.024131944444444442
7 0.2686559606481481 0.254296875 0.017042824074074092 0.028038194444444442
6 0.4135734140625 0.1032208125 0.413376974609375 0.190507859375 0.401860109375 0.259834630859375 0.394944677734375 0.417913529296875 0.3851771796875 0.53919425 0.41705519921875 0.552882806640625 0.421802076171875 0.4804998125 0.424822953125 0.265527810546875 0.433574291015625 0.161076869140625 0.4308695703125 0.09070337890625 0.43855615234375 0.056793458984375 0.44479240625 0.031340072265625 0.412753720703125 0.032764013671875 0.4135734140625 0.1032208125
6 0.164015708984375 0.46342365234375 0.1732936875 0.624139955078125 0.189461056640625 0.589853111328125 0.201981580078125 0.485234181640625 0.207533267578125 0.3372867578125 0.21329685546875 0.2480744296875 0.235327384765625 0.14471162109375 0.241646298828125 0.087497728515625 0.2297960859375 0.0744637578125 0.177761939453125 0.273151658203125 0.164015708984375 0.46342365234375