4 0.658203125 0.283203125 0.0712890625 0.076171875
3 0.6416015625 0.3310546875 0.0556640625 0.0498046875
2 0.7529296875 0.3232421875 0.12890625 0.052734375
3 0.763671875 0.427734375 0.041015625 0.1357421875
3 0.59375 0.3671875 0.095703125 0.1376953125
3 0.5386265625 0.477187037109375 0.532565625 0.483816666015625 0.534896875 0.493762037109375 0.554945833984375 0.4979055546875 0.554945833984375 0.487960185546875 0.6453984375 0.443207408203125 0.656121875 0.4481805546875 0.666022916015625 0.44480277734375 0.669177083984375 0.438235185546875 0.659852083984375 0.429118517578125 0.6523921875 0.43492037109375 0.6430671875 0.428289814453125 0.548418228515625 0.475528703125 0.542356771484375 0.4813305546875 0.5386265625 0.477187037109375
3 0.516713021484375 0.382708333984375 0.414720833984375 0.4251268515625 0.431855208984375 0.434091666015625 0.435585416015625 0.427461111328125 0.525571875 0.391825 0.534896875 0.39845462890625 0.546086978515625 0.39679722265625 0.545154166015625 0.384366666015625 0.5316328125 0.382708333984375 0.516713021484375 0.382708333984375
3 0.5456203125 0.6470805546875 0.5386265625 0.63962222265625 0.663582291015625 0.55840462890625 0.680345833984375 0.570960185546875 0.681299478515625 0.55757592578125 0.670576041015625 0.5476305546875 0.656588541015625 0.54182962890625 0.524172916015625 0.627190740234375 0.522308333984375 0.651225 0.5386265625 0.664485185546875 0.547019271484375 0.6611694453125 0.5456203125 0.6470805546875
3 0.505056771484375 0.461439814453125 0.378236458984375 0.521938888671875 0.3782625 0.540867591796875 0.388494271484375 0.55177407421875 0.3940890625 0.5451444453125 0.390825521484375 0.5310555546875 0.512516666015625 0.4747 0.521375521484375 0.4813305546875 0.527436978515625 0.475528703125 0.517645833984375 0.465584259765625 0.505056771484375 0.461439814453125
3 0.406211458984375 0.543487037109375 0.233232291015625 0.6280194453125 0.223314583984375 0.636932408203125 0.2360296875 0.6636555546875 0.2453546875 0.659512037109375 0.2462875 0.64045092578125 0.409475521484375 0.5633768515625 0.416469271484375 0.571664814453125 0.420198958984375 0.5642055546875 0.406211458984375 0.543487037109375
3 0.1386546875 0.5293981484375 0.148444791015625 0.552441666015625 0.155834896484375 0.548459259765625 0.157699478515625 0.537685185546875 0.302703646484375 0.4788444453125 0.307366146484375 0.487960185546875 0.3124953125 0.487960185546875 0.30456875 0.4622694453125 0.294311458984375 0.4647555546875 0.1386546875 0.5293981484375
6 0.518393228515625 0.716812962890625 0.564552083984375 0.671231482421875 0.5943921875 0.660457408203125 0.618636978515625 0.655485185546875 0.647544791015625 0.633937037109375 0.66293125 0.611561111328125 0.684378646484375 0.5925 0.7109546875 0.5709518515625 0.734108853515625 0.559862037109375 0.757888021484375 0.54162962890625 0.774672916015625 0.533341666015625 0.7961203125 0.51842407421875 0.813838021484375 0.50682222265625 0.827359375 0.492733333984375 0.847874478515625 0.476987037109375 0.862794271484375 0.4645555546875 0.865125521484375 0.433062962890625 0.866524478515625 0.394111111328125 0.864659375 0.34770092578125 0.857199478515625 0.325325 0.848806771484375 0.342728703125 0.851604166015625 0.38085092578125 0.8544015625 0.439692591796875 0.843678125 0.459582408203125 0.815236458984375 0.472842591796875 0.783997916015625 0.4968768515625 0.7518265625 0.52505462890625 0.7098640625 0.5474305546875 0.681422396484375 0.56897777734375 0.645521353515625 0.6013 0.622675 0.6286481484375 0.59236875 0.632792591796875 0.548075 0.651025 0.514038541015625 0.686661111328125 0.4609015625 0.729456482421875 0.421736458984375 0.747688888671875 0.329884896484375 0.7941 0.293983853515625 0.8048731484375 0.30144375 0.775037962890625 0.295848958984375 0.764264814453125 0.278597396484375 0.779182408203125 0.25715 0.798243517578125 0.233080208984375 0.808228703125 0.246102603515625 0.82455092578125 0.268948958984375 0.8137768515625 0.290396353515625 0.8303518515625 0.314175521484375 0.8286944453125 0.360800521484375 0.8137768515625 0.408824478515625 0.788913888671875 0.470369271484375 0.757421296875 0.518393228515625 0.716812962890625
5 0.6828140625 0.630664814453125 0.711327603515625 0.611358333984375 0.722983853515625 0.591467591796875 0.751891666015625 0.569091666015625 0.769609375 0.5657768515625 0.796185416015625 0.55500277734375 0.820896875 0.539256482421875 0.830688021484375 0.512736111328125 0.834884375 0.46632592578125 0.834884375 0.4049981484375 0.848871875 0.378478703125 0.859129166015625 0.3552731484375 0.846540625 0.347814814453125 0.833485416015625 0.3735055546875 0.832553125 0.336212037109375 0.818565625 0.315493517578125 0.795253125 0.33372592578125 0.797584375 0.35112962890625 0.820896875 0.35112962890625 0.819031771484375 0.381793517578125 0.798050521484375 0.380136111328125 0.8059765625 0.40002592578125 0.819497916015625 0.409142591796875 0.819031771484375 0.476271296875 0.8129703125 0.506106482421875 0.784529166015625 0.528482408203125 0.751425521484375 0.53759907421875 0.704333853515625 0.574892591796875 0.650248958984375 0.617987962890625 0.572547916015625 0.6766305546875 0.544106771484375 0.712266666015625 0.488156771484375 0.7238694453125 0.381517708984375 0.7989694453125 0.393272396484375 0.817962962890625 0.418916146484375 0.812989814453125 0.507969791015625 0.7533194453125 0.536411458984375 0.735915740234375 0.587698958984375 0.7035944453125 0.59795625 0.68287592578125 0.634790103515625 0.657184259765625 0.6828140625 0.630664814453125
1 0.248705208984375 0.613784259765625 0.381420833984375 0.7716518515625 0.524093228515625 0.674687037109375 0.375825521484375 0.552860185546875 0.248705208984375 0.613784259765625
1 0.161816666015625 0.5190518515625 0.243496875 0.613784259765625 0.370696875 0.5513731484375 0.2788453125 0.472641666015625 0.161816666015625 0.5190518515625
1 0.416022916015625 0.5350805546875 0.564657291015625 0.643364814453125 0.66863125 0.571262962890625 0.511970833984375 0.4859018515625 0.416022916015625 0.5350805546875
1 0.410814583984375 0.532765740234375 0.510572396484375 0.4850731484375 0.400070833984375 0.42374537109375 0.311949478515625 0.45855277734375 0.410814583984375 0.532765740234375
1 0.544929166015625 0.470265740234375 0.696207291015625 0.552415740234375 0.771739583984375 0.499375 0.622539583984375 0.436389814453125 0.544929166015625 0.470265740234375
1 0.545580208984375 0.4714231484375 0.616478125 0.435561111328125 0.505044271484375 0.387493517578125 0.431842708984375 0.418157408203125 0.545580208984375 0.4714231484375