5 0.105581 0.222180892578125 0.093937005859375 0.244681328125 0.167635921875 0.277111541015625 0.183962484375 0.24939996875 0.22572057421875 0.2052549609375 0.2594004765625 0.157603341796875 0.258201572265625 0.091934955078125 0.222468087890625 0.03142196484375 0.178716212890625 0.009266765625 0.001649912109375 0.00008555078125 0.0150826328125 0.035333546875 0.066595046875 0.01870858203125 0.117183376953125 0.022875552734375 0.15760671484375 0.039636478515625 0.1929979375 0.07697633203125 0.2075105859375 0.120951873046875 0.191971232421875 0.16182529296875 0.150761673828125 0.193649919921875 0.12745309375 0.22408666796875 0.105581 0.222180892578125
6 0.221818935546875 0.354789943359375 0.251631404296875 0.394155529296875 0.233251302734375 0.437197728515625 0.198065482421875 0.48785846875 0.18321062109375 0.5133308125 0.228185958984375 0.520293947265625 0.279835255859375 0.438840986328125 0.30232241015625 0.39601228515625 0.327171150390625 0.361795986328125 0.36475374609375 0.34985148046875 0.3808055234375 0.297426935546875 0.38234566796875 0.262773708984375 0.365447521484375 0.258759650390625 0.34989785546875 0.282703287109375 0.3290877578125 0.31867233203125 0.30581339453125 0.348339185546875 0.243245130859375 0.335832748046875 0.221818935546875 0.354789943359375
5 0.3447308984375 0.52247760546875 0.350857287109375 0.53900404296875 0.3605783671875 0.598167701171875 0.38097876953125 0.664060591796875 0.427219521484375 0.673404337890625 0.47476175390625 0.65348630859375 0.492696912109375 0.6204553984375 0.523056908203125 0.554879529296875 0.48263359375 0.538118064453125 0.45278791015625 0.592143447265625 0.428554287109375 0.643372080078125 0.421743365234375 0.61137358203125 0.41202230859375 0.552209384765625 0.40411519921875 0.483105421875 0.301706384765625 0.471620923828125 0.26329894921875 0.48733411328125 0.2710725859375 0.5124833359375 0.283223630859375 0.51697280078125 0.3447308984375 0.52247760546875
5 0.56868246875 0.454590455078125 0.556565658203125 0.480204771484375 0.5925729375 0.503683333984375 0.596508861328125 0.47687315625 0.6128696640625 0.44839115234375 0.619784162109375 0.41633267578125 0.6239938984375 0.38336174609375 0.6141701796875 0.357381439453125 0.597056392578125 0.341057490234375 0.568441876953125 0.336486029296875 0.53811606640625 0.339544658203125 0.53562051953125 0.353803177734375 0.541197333984375 0.362859818359375 0.579497724609375 0.3656174296875 0.5837074921875 0.394393849609375 0.58244116015625 0.422886322265625 0.56868246875 0.454590455078125
5 0.801152470703125 0.5815031640625 0.81556569921875 0.583107865234375 0.840076220703125 0.58051937109375 0.864834869140625 0.572369634765625 0.851238296875 0.5523686484375 0.83680562890625 0.53403954296875 0.81497599609375 0.5106101328125 0.796778310546875 0.49122791796875 0.77536646875 0.475538453125 0.7465771015625 0.47147308984375 0.728608451171875 0.48126119140625 0.732315921875 0.500749408203125 0.74760421875 0.499826900390625 0.749696625 0.48707141015625 0.771335658203125 0.497627490234375 0.788886447265625 0.51440304296875 0.81077407421875 0.536549169921875 0.81925475 0.55156812890625 0.826993453125 0.566119671875 0.801076083984375 0.572334044921875 0.801152470703125 0.5815031640625
6 0.5725303046875 0.52805466015625 0.589092884765625 0.549924673828125 0.61105561328125 0.5703594609375 0.60451460546875 0.59746404296875 0.597554892578125 0.61682755078125 0.611151021484375 0.619676712890625 0.628663859375 0.60300404296875 0.63876073828125 0.581658484375 0.64022480078125 0.5487170859375 0.65735788671875 0.523448552734375 0.67036424609375 0.48810358203125 0.665990857421875 0.46643665625 0.651538658203125 0.465687283203125 0.641917568359375 0.49348950390625 0.634425013671875 0.507680220703125 0.6142113984375 0.516494568359375 0.587875193359375 0.50869699609375 0.5725303046875 0.52805466015625
7 0.5287977430555555 0.4130714699074074 0.020225694444444553 0.0166377314814814
7 0.5221571180555555 0.430345775462963 0.022005208333333304 0.012832754629629628
7 0.5545572916666667 0.42811053240740743 0.02209201388888893 0.014785879629629628
7 0.5469401041666666 0.4453342013888889 0.020052083333333304 0.0127314814814814
7 0.48658854166666665 0.5038700810185185 0.022178819444444442 0.016739004629629628
7 0.47586805555555556 0.5248480902777778 0.02404513888888893 0.014887152777777857
7 0.5123914930555555 0.5179325810185185 0.02404513888888893 0.014887152777777857
7 0.5056640625 0.537160011574074 0.024131944444444553 0.016840277777777857
7 0.05520833333333333 0.12325665509259259 0.04010416666666666 0.025462962962962965
7 0.030772569444444443 0.14450231481481482 0.05199652777777778 0.029976851851851838