5 0.5213252314814815 0.6974681712962962 0.08411458333333344 0.14487847222222205
5 0.3119357638888889 0.5820384837962963 0.11875000000000002 0.11154513888888884
5 0.6532841435185185 0.49809751157407406 0.1698784722222222 0.13761574074074068
5 0.9309968171296297 0.9234302662037037 0.11427951388888902 0.15313946759259256
6 0.98939600390625 0.767621537109375 0.411580552734375 0.518963076171875 0.393421759765625 0.55537305078125 0.9269856328125 0.84075948828125 0.9887716796875 0.809763423828125 0.98939600390625 0.767621537109375
7 0.6023220486111112 0.5736400462962963 0.02361111111111125 0.012934027777777857
7 0.5721788194444444 0.56328125 0.021686921296296457 0.014785879629629628
7 0.5922381365740741 0.5946180555555556 0.019733796296296235 0.0146846064814814
7 0.5640769675925925 0.5824074074074075 0.01775173611111125 0.012630208333333393
7 0.5686776620370371 0.667672164351852 0.01970486111111125 0.0127314814814814
7 0.5444372106481481 0.6546875000000001 0.019762731481481666 0.0166377314814814
7 0.5644675925925926 0.6879774305555555 0.019733796296296235 0.0146846064814814
7 0.5383174189814814 0.6719618055555556 0.02361111111111125 0.012934027777777857
7 0.38461371527777777 0.4919849537037037 0.017751736111111138 0.012630208333333282
7 0.3805193865740741 0.5044777199074074 0.01772280092592593 0.010677083333333393