0 0.3333789375 0.842793794921875 0.37371808984375 0.8468392421875 0.449945021484375 0.92787133203125 0.517952158203125 0.95139248046875 0.7079799296875 0.953210685546875 0.805098630859375 0.921710591796875 0.9788324296875 0.781072134765625 1 0.066666666015625 0.77417037890625 0.051611359375 0.75227352734375 0.1274940234375 0.7447345 0.17581641015625 0.11943550390625 0.30773008203125 0.015459240234375 0.39031128125 0.02003500390625 0.4034696484375 0.17603303125 0.639716458984375 0.3239560390625 0.774353275390625 0.32351487109375 0.789242689453125 0.307716158203125 0.807176779296875 0.3333789375 0.842793794921875
7 0.8998263888888889 0.8055989583333333 0.030570023148148273 0.044921875
7 0.8086733217592592 0.8768229166666666 0.03252314814814827 0.045052083333333215
7 0.6910734953703703 0.9159505208333334 0.032349537037037024 0.039192708333333215
7 0.5413411458333333 0.9167317708333333 0.03062789351851869 0.046875
7 0.4082248263888889 0.8520833333333333 0.03436053240740744 0.04127604166666665
7 0.3082103587962963 0.7270182291666667 0.026316550925925997 0.03294270833333335
7 0.20904947916666666 0.6391927083333333 0.024189814814814803 0.02695312499999991
7 0.1599175347222222 0.5801432291666666 0.028153935185185164 0.029166666666666785
7 0.12526041666666665 0.5279296874999999 0.024247685185185164 0.02890624999999991
7 0.09419126157407408 0.48671875 0.020225694444444442 0.02473958333333326
7 0.05861545138888889 0.4324869791666667 0.020225694444444442 0.02473958333333337
7 0.038548900462962964 0.383203125 0.018214699074074067 0.022656250000000044