0 0.5253078125 0.436016666015625 0.529783853515625 0.165512037109375 0.502927603515625 0.172141666015625 0.500689583984375 0.075343517578125 0.050011458984375 0.161684259765625 0.115752603515625 0.80597222265625 0.5253078125 0.436016666015625
5 0.311951041015625 0.7794518515625 0.360441666015625 0.817906482421875 0.3783453125 0.77017037109375 0.363425521484375 0.738346296875 0.346886458984375 0.745017591796875 0.300761458984375 0.729063888671875 0.311951041015625 0.7794518515625
5 0.329178125 0.717239814453125 0.328363541015625 0.687957408203125 0.300761458984375 0.662763888671875 0.265698958984375 0.661437962890625 0.252271353515625 0.71447777734375 0.284349478515625 0.726412037109375 0.282111458984375 0.691935185546875 0.329178125 0.717239814453125
5 0.355965625 0.625635185546875 0.376053125 0.645017591796875 0.382075521484375 0.61237592578125 0.399233333984375 0.621657408203125 0.431311458984375 0.624309259765625 0.424597396484375 0.6044194453125 0.399233333984375 0.58452962890625 0.3679015625 0.591159259765625 0.355965625 0.625635185546875
5 0.420121875 0.658785185546875 0.408185416015625 0.653481482421875 0.391678125 0.667239814453125 0.426089583984375 0.698565740234375 0.461897916015625 0.697239814453125 0.4745796875 0.67469722265625 0.467865625 0.6468518515625 0.451453646484375 0.64552592578125 0.449215625 0.658785185546875 0.438771353515625 0.67469722265625 0.420121875 0.658785185546875
5 0.488553125 0.591313888671875 0.512626041015625 0.61237592578125 0.540973958984375 0.61767962890625 0.5573859375 0.6044194453125 0.553655728515625 0.579225 0.535005728515625 0.567291666015625 0.527545833984375 0.58452962890625 0.5036734375 0.58187777734375 0.488553125 0.591313888671875
5 0.504178125 0.563536111328125 0.508895833984375 0.53944537109375 0.476071875 0.51690277734375 0.449961458984375 0.51690277734375 0.438771353515625 0.556683333984375 0.464135416015625 0.563312962890625 0.475325521484375 0.54740092578125 0.504178125 0.563536111328125
5 0.563353646484375 0.524859259765625 0.563553125 0.52835092578125 0.5812578125 0.5487268515625 0.615573958984375 0.5527055546875 0.628255728515625 0.532814814453125 0.61184375 0.5049694453125 0.590209896484375 0.5102731484375 0.599161978515625 0.528837037109375 0.575289583984375 0.51955462890625 0.563353646484375 0.524859259765625
5 0.517847916015625 0.48375277734375 0.521886458984375 0.502425 0.532021875 0.494361111328125 0.547688021484375 0.491709259765625 0.57454375 0.502317591796875 0.580511978515625 0.485078703125 0.549925521484375 0.466514814453125 0.527545833984375 0.465188888671875 0.517847916015625 0.48375277734375
5 0.615636458984375 0.47464722265625 0.640938021484375 0.491709259765625 0.66555625 0.498338888671875 0.684952083984375 0.4864055546875 0.681221875 0.463862962890625 0.6692859375 0.469166666015625 0.649890103515625 0.47314537109375 0.630494271484375 0.458559259765625 0.615636458984375 0.47464722265625
5 0.6014 0.44795092578125 0.623033853515625 0.45060277734375 0.622288021484375 0.429387037109375 0.59319375 0.4214305546875 0.579019791015625 0.433364814453125 0.586469791015625 0.452425 0.6014 0.44795092578125