1 0.7164930555555555 0.6945240162037036 0.07187499999999991 0.07239583333333321
2 0.706814869140625 0.75594467578125 0.697726966796875 0.73088395703125 0.674089458984375 0.726936583984375 0.63917024609375 0.8236673515625 0.652149015625 0.85968941015625 0.675626486328125 0.8572862421875 0.706814869140625 0.75594467578125
1 0.31612259375 0.5413874765625 0.43936265234375 0.3900911328125 0.380525587890625 0.25523103125 0.21485911328125 0.385763408203125 0.31612259375 0.5413874765625
1 0.438174978515625 0.381534119140625 0.52423670703125 0.29111535546875 0.4800861875 0.16972276953125 0.38062168359375 0.25090670703125 0.438174978515625 0.381534119140625
1 0.41062094140625 0.69138753125 0.50506507421875 0.533815486328125 0.45737890234375 0.43384041015625 0.34411083203125 0.58405239453125 0.41062094140625 0.69138753125
1 0.506492662109375 0.53153301171875 0.573655966796875 0.423510646484375 0.538557984375 0.328726859375 0.461345177734375 0.42854896484375 0.506492662109375 0.53153301171875
1 0.4825880859375 0.801208587890625 0.5589754609375 0.650073681640625 0.517861462890625 0.569774806640625 0.430501513671875 0.726840064453125 0.4825880859375 0.801208587890625
1 0.60992347265625 0.527624931640625 0.581280927734375 0.45240137890625 0.519856611328125 0.56658854296875 0.55635925 0.64379857421875 0.60992347265625 0.527624931640625
6 0.5354916953125 0.902111734375 0.567949388671875 0.903073443359375 0.60137843359375 0.9046178125 0.6496719453125 0.901621494140625 0.67042603125 0.897809193359375 0.686518955078125 0.8822381640625 0.6791176875 0.860989892578125 0.6633801875 0.860523595703125 0.65508179296875 0.879646138671875 0.628279271484375 0.8899198125 0.593817408203125 0.890558732421875 0.556429158203125 0.89000426953125 0.534852138671875 0.886598265625 0.5281877734375 0.876439654296875 0.5149223984375 0.8533581640625 0.49095973828125 0.824425263671875 0.47003309765625 0.791708958984375 0.456804599609375 0.766968009765625 0.443648869140625 0.738909193359375 0.424579888671875 0.711228505859375 0.4036163828125 0.68017112109375 0.371613404296875 0.65874725 0.353417470703125 0.636073005859375 0.35204005078125 0.6094698515625 0.3380112734375 0.57640458984375 0.3151305859375 0.54307651171875 0.283385671875 0.51003966796875 0.260406654296875 0.481136455078125 0.22885741796875 0.43925093359375 0.21294832421875 0.40225605859375 0.200038384765625 0.363136701171875 0.181497849609375 0.311676015625 0.184890263671875 0.2918547734375 0.21213570703125 0.30594321875 0.2193029765625 0.293427748046875 0.1962748046875 0.26673642578125 0.17817428515625 0.2390325078125 0.16328816015625 0.24528394921875 0.176456177734375 0.27278979296875 0.154301560546875 0.2953756796875 0.15388372265625 0.3141783828125 0.165490490234375 0.36764697265625 0.19765374609375 0.426151880859375 0.227001212890625 0.478486650390625 0.25953411328125 0.520400779296875 0.29502929296875 0.56184987890625 0.321806783203125 0.596952890625 0.324253875 0.619714380859375 0.332601943359375 0.642650171875 0.35741307421875 0.6776954609375 0.377858966796875 0.687708537109375 0.394973890625 0.714777986328125 0.421862935546875 0.74490426953125 0.434747337890625 0.785129544921875 0.454800919921875 0.8128399453125 0.480545603515625 0.850125701171875 0.50849203125 0.876963291015625 0.5188934375 0.8960860234375 0.5354916953125 0.902111734375
5 0.611017841796875 0.869486607421875 0.648368263671875 0.871699958984375 0.67220849609375 0.8618918515625 0.667585169921875 0.84847369140625 0.648159794921875 0.836830841796875 0.63606100390625 0.849753533203125 0.61127591796875 0.85787309375 0.611767486328125 0.835752552734375 0.587141197265625 0.836682896484375 0.57684995703125 0.856853064453125 0.515917380859375 0.852834306640625 0.479538333984375 0.85120253125 0.45916520703125 0.83787158984375 0.45384185546875 0.811704314453125 0.441792673828125 0.77814437109375 0.409223869140625 0.737889193359375 0.386995013671875 0.71952215234375 0.367101177734375 0.6846231015625 0.34538848046875 0.64302903125 0.31098755078125 0.5966323203125 0.28665620703125 0.58429023046875 0.263726353515625 0.553174583984375 0.26049319140625 0.521535869140625 0.2366534140625 0.487073240234375 0.202485986328125 0.430168958984375 0.17616780859375 0.391196462890625 0.1653926796875 0.416342064453125 0.228194296875 0.51338494140625 0.243169849609375 0.548138806640625 0.270562310546875 0.5998617734375 0.28997634765625 0.6120581640625 0.343581439453125 0.6800523203125 0.3545486484375 0.718007439453125 0.37174958984375 0.74120608203125 0.393142271484375 0.752907220703125 0.411239875 0.780006330078125 0.4209412421875 0.786380484375 0.418666689453125 0.800148140625 0.425981939453125 0.825267220703125 0.44122787109375 0.84785405859375 0.459620427734375 0.861680193359375 0.49886537890625 0.867270244140625 0.5616915234375 0.874665671875 0.598083830078125 0.875743962890625 0.61737401171875 0.893470595703125 0.64097978125 0.894170025390625 0.630394052734375 0.88334188671875 0.611017841796875 0.869486607421875
3 0.35012225 0.25287842578125 0.430936921875 0.42516201953125 0.4229325078125 0.4310121015625 0.42279732421875 0.43709534375 0.443611892578125 0.4305181484375 0.448775951171875 0.419603333984375 0.44699298046875 0.411249908203125 0.361482203125 0.2288665625 0.326577693359375 0.24111136328125 0.332417443359375 0.25235383984375 0.35012225 0.25287842578125
3 0.445938625 0.680163744140625 0.363366064453125 0.542691544921875 0.333776259765625 0.535727021484375 0.31690469140625 0.551828857421875 0.32349436328125 0.56530527734375 0.339268728515625 0.56411265625 0.3463376796875 0.556021509765625 0.430975865234375 0.689127673828125 0.421017392578125 0.69436651953125 0.410148998046875 0.6962583828125 0.413836873046875 0.707434935546875 0.43352127734375 0.70746483984375 0.445938625 0.680163744140625
3 0.5199077734375 0.315930529296875 0.5060023984375 0.321605767578125 0.511806013671875 0.326204421875 0.53467390625 0.31581470703125 0.532915525390625 0.306354794921875 0.4647464296875 0.147071490234375 0.446727880859375 0.15438709765625 0.446555822265625 0.16212980078125 0.464223765625 0.1643133046875 0.5199077734375 0.315930529296875
3 0.530894013671875 0.526436509765625 0.472800271484375 0.39467018359375 0.45389731640625 0.38783515625 0.441214666015625 0.398714888671875 0.444866626953125 0.4115509296875 0.455722734375 0.4102120390625 0.4627066171875 0.4059922734375 0.518943646484375 0.53272355078125 0.506882697265625 0.54398680859375 0.512648474609375 0.550244896484375 0.523541435546875 0.54724762890625 0.52868091796875 0.537438759765625 0.530894013671875 0.526436509765625
3 0.502440306640625 0.55386068359375 0.494140384765625 0.57296533203125 0.50290627734375 0.577098962890625 0.55100417578125 0.67149228515625 0.543812318359375 0.685114244140625 0.54453693359375 0.696756873046875 0.553389818359375 0.697019181640625 0.5615161640625 0.685638802734375 0.5576798671875 0.68109789453125 0.56285621484375 0.669630109375 0.56208147265625 0.6601998828125 0.502440306640625 0.55386068359375
3 0.59581676171875 0.55937623046875 0.59686071484375 0.572885220703125 0.617493048828125 0.55835848046875 0.619766626953125 0.5445913359375 0.579464228515625 0.453749013671875 0.58257494921875 0.44664726171875 0.57099327734375 0.436342951171875 0.562964287109375 0.4432989765625 0.560690708984375 0.45706612109375 0.57047712109375 0.459569978515625 0.60495230078125 0.546919078125 0.59581676171875 0.55937623046875
3 0.5830558125 0.646432958984375 0.60454775390625 0.6537108828125 0.628202685546875 0.652197880859375 0.6521766328125 0.592035732421875 0.686613921875 0.592502759765625 0.695785365234375 0.57838666015625 0.684789419921875 0.57471757421875 0.682863642578125 0.584091044921875 0.634668451171875 0.5826630390625 0.61364546484375 0.64291262109375 0.6037730234375 0.6442801171875 0.5774129296875 0.6346446015625 0.560101876953125 0.660694564453125 0.567860501953125 0.6659050234375 0.5830558125 0.646432958984375
3 0.503302072265625 0.780756041015625 0.49312238671875 0.79594948046875 0.508822060546875 0.79807466796875 0.516875640625 0.79001215625 0.537260068359375 0.80279117578125 0.58646350390625 0.80314183984375 0.59144225390625 0.800522673828125 0.60716746484375 0.801541943359375 0.602901041015625 0.816356712890625 0.62303142578125 0.817836451171875 0.627760830078125 0.804918802734375 0.62220396484375 0.7892596328125 0.58281154296875 0.790305798828125 0.543455984375 0.789693044921875 0.517158294921875 0.7772926953125 0.503302072265625 0.780756041015625