5 0.470849478515625 0.559335185546875 0.472928125 0.6042768515625 0.549925521484375 0.616353703125 0.3999796875 0.668067591796875 0.419375521484375 0.782103703125 0.4730875 0.756910185546875 0.615573958984375 0.65082962890625 0.585733853515625 0.58452962890625 0.490991666015625 0.559335185546875 0.470849478515625 0.559335185546875
6 0.341678125 0.6005731484375 0.313443228515625 0.735693517578125 0.276143228515625 0.9345944453125 0.24108125 0.987634259765625 0.275397396484375 0.99907407421875 0.3306015625 0.8682944453125 0.376107291015625 0.67204537109375 0.376853646484375 0.607071296875 0.341678125 0.6005731484375
7 0.4501953125 0.5947265625 0.0146484375 0.0224609375
7 0.4296875 0.5888671875 0.017578125 0.02734375
7 0.458984375 0.5673828125 0.0146484375 0.0302734375
7 0.4404296875 0.5615234375 0.0166015625 0.0244140625
7 0.3525390625 0.56640625 0.0146484375 0.0244140625
7 0.3349609375 0.5615234375 0.0146484375 0.0224609375
7 0.3662109375 0.541015625 0.015625 0.021484375
7 0.3486328125 0.53515625 0.013671875 0.0263671875
5 0.261592708984375 0.572175 0.275156771484375 0.547462962890625 0.269053125 0.5227518515625 0.284651041015625 0.505875 0.329411458984375 0.501053703125 0.369763021484375 0.514312962890625 0.40199375 0.524671296875 0.418936978515625 0.492012037109375 0.375872396484375 0.480560185546875 0.327382291015625 0.47212222265625 0.285334896484375 0.47754722265625 0.25786875 0.498642591796875 0.249052083984375 0.537216666015625 0.261592708984375 0.572175
5 0.3747546875 0.342336111328125 0.381197396484375 0.364637037109375 0.394422396484375 0.368856482421875 0.4066296875 0.350775 0.393065625 0.34474722265625 0.395100521484375 0.330281482421875 0.418158853515625 0.3055694453125 0.441216666015625 0.288090740234375 0.457493228515625 0.27302222265625 0.466388021484375 0.300765740234375 0.476482291015625 0.293515740234375 0.477160416015625 0.27905 0.4659703125 0.233242591796875 0.453763021484375 0.2446944453125 0.4242625 0.2724194453125 0.3886578125 0.30737777734375 0.3747546875 0.342336111328125