4 0.26812718359375 0.693069998046875 0.293231068359375 0.68853864453125 0.3044320390625 0.673308216796875 0.304818447265625 0.655457451171875 0.297479611328125 0.62936775390625 0.274693203125 0.62767434375 0.26467669921875 0.620991412109375 0.236458251953125 0.633853779296875 0.241865048828125 0.68506015234375 0.26812718359375 0.693069998046875
2 0.302500970703125 0.81669860546875 0.310611650390625 0.822740376953125 0.32799126171875 0.82149298828125 0.345370873046875 0.78719860546875 0.317534951171875 0.6888973203125 0.293231068359375 0.69288727734375 0.2824174765625 0.73266251171875 0.302500970703125 0.81669860546875
3 0.40195922265625 0.764439755859375 0.443135921875 0.759591458984375 0.46826990234375 0.749974169921875 0.477895146484375 0.757230560546875 0.486986408203125 0.748865044921875 0.48003398046875 0.736934416015625 0.46399126171875 0.73848728125 0.442600970703125 0.749086548828125 0.404099029296875 0.750766505859375 0.365061166015625 0.7536815 0.359713591796875 0.7579120546875 0.359713591796875 0.7636317265625 0.35596990234375 0.768368875 0.36024854296875 0.78045794921875 0.375063107421875 0.77988059375 0.375756310546875 0.776227494140625 0.370943689453125 0.761761869140625 0.391799029296875 0.7614292734375 0.40195922265625 0.764439755859375
3 0.390195146484375 0.61371612109375 0.403564078125 0.607204216796875 0.416933009765625 0.626581384765625 0.42762815625 0.619325193359375 0.41800194140625 0.592200005859375 0.402494173828125 0.594323357421875 0.38645145703125 0.60490682421875 0.370943689453125 0.604320884765625 0.350088349609375 0.542941455078125 0.299820388671875 0.545017017578125 0.295007767578125 0.55011915234375 0.30112718359375 0.55559422265625 0.30623786328125 0.552765138671875 0.335649513671875 0.551623865234375 0.358109708984375 0.615316388671875 0.390195146484375 0.61371612109375
3 0.494520388671875 0.531214759765625 0.496124271484375 0.521486380859375 0.484360193359375 0.511346353515625 0.47794271875 0.515339216796875 0.47794271875 0.522563806640625 0.42874466015625 0.6203054765625 0.426070873046875 0.632505453125 0.430349513671875 0.640078681640625 0.427675728515625 0.646859533203125 0.436302912109375 0.654351568359375 0.44318349609375 0.641425251953125 0.435697087890625 0.630128455078125 0.483290291015625 0.53248243359375 0.494520388671875 0.531214759765625
3 0.623592232421875 0.50196551171875 0.54230873828125 0.636528212890625 0.557281552734375 0.661831099609375 0.57225533984375 0.660341578125 0.57599805859375 0.655603939453125 0.565302912109375 0.653829529296875 0.5610252421875 0.644149142578125 0.565302912109375 0.629747015625 0.642843689453125 0.505339984375 0.65407281640625 0.513103517578125 0.670115533203125 0.5127550234375 0.670806796875 0.503422802734375 0.65407281640625 0.485107341796875 0.647656310546875 0.493013263671875 0.6294747578125 0.49439178125 0.623592232421875 0.50196551171875
3 0.552468931640625 0.361190060546875 0.55621262109375 0.353743623046875 0.5449825234375 0.34206648828125 0.523592232421875 0.347849361328125 0.460490291015625 0.484947205078125 0.47011650390625 0.504546162109375 0.479618447265625 0.5000404609375 0.47225533984375 0.48906695703125 0.531078640625 0.3579423359375 0.53803009765625 0.361744603515625 0.552468931640625 0.361190060546875
3 0.669802912109375 0.18714130859375 0.653226212890625 0.1763831953125 0.63878737890625 0.177238830078125 0.633439806640625 0.186887962890625 0.63664854296875 0.18940710546875 0.54466990234375 0.374274630859375 0.553226212890625 0.3812932734375 0.566060193359375 0.38715569140625 0.56923786328125 0.38207722265625 0.56071262109375 0.377839251953125 0.644134951171875 0.198897890625 0.667664078125 0.197503572265625 0.669802912109375 0.18714130859375
3 0.479964078125 0.277453859375 0.48263786328125 0.27247901953125 0.4756854375 0.268375166015625 0.534509708984375 0.114070705078125 0.548947572265625 0.11291458203125 0.550552427734375 0.104992158203125 0.535578640625 0.0998587265625 0.531897087890625 0.09677416015625 0.46285145703125 0.2652220390625 0.468199029296875 0.2730335625 0.479964078125 0.277453859375
6 0.7894893203125 0.2536985078125 0.812952427734375 0.233719576171875 0.810345630859375 0.270073505859375 0.779931068359375 0.335469294921875 0.743433009765625 0.39926875390625 0.710411650390625 0.453079126953125 0.666094173828125 0.50706928125 0.63915533984375 0.538016478515625 0.62525145703125 0.596074837890625 0.585278640625 0.641980755859375 0.548781552734375 0.679853380859375 0.533139806640625 0.715512541015625 0.51228349609375 0.74805612109375 0.498379611328125 0.777741802734375 0.468834951171875 0.811778390625 0.4558 0.83945575 0.432336892578125 0.8476947890625 0.386281552734375 0.85678355859375 0.350652427734375 0.8525353515625 0.34717669921875 0.86105716796875 0.40192330078125 0.86612931640625 0.468834951171875 0.85091281640625 0.503594173828125 0.809229513671875 0.524449513671875 0.7776641328125 0.548781552734375 0.739044638671875 0.5635533984375 0.700991673828125 0.580064078125 0.68387009375 0.610478640625 0.64244425390625 0.6348106796875 0.624370115234375 0.6626174765625 0.589457822265625 0.6574038828125 0.569221421875 0.679129126953125 0.52977771484375 0.732136892578125 0.469402087890625 0.79122718359375 0.3920343203125 0.82598737890625 0.321488666015625 0.84684271875 0.234157166015625 0.82424854296875 0.214461107421875 0.834599029296875 0.184293099609375 0.7973106796875 0.213122451171875 0.776454369140625 0.24370919921875 0.7894893203125 0.2536985078125
5 0.355866990234375 0.839844919921875 0.336749513671875 0.859077806640625 0.369770873046875 0.854675083984375 0.390626212890625 0.83289330859375 0.43494466015625 0.83222386328125 0.494034951171875 0.828722216796875 0.543566990234375 0.807197912109375 0.558339806640625 0.778439427734375 0.5713747578125 0.73755387109375 0.6017893203125 0.70737939453125 0.63654854296875 0.656401009765625 0.699115533203125 0.5631731171875 0.7564679609375 0.48297336328125 0.8277252421875 0.37700098046875 0.83206990234375 0.338098166015625 0.812952427734375 0.33238241796875 0.798179611328125 0.3555086640625 0.76255145703125 0.418278978515625 0.728661166015625 0.468226634765625 0.724315533203125 0.49685683203125 0.695639806640625 0.5381796328125 0.654797087890625 0.57631032421875 0.623513591796875 0.63099585546875 0.6017893203125 0.678755349609375 0.5687679609375 0.70174714453125 0.539222330078125 0.746546083984375 0.537484466796875 0.76915125390625 0.520104853515625 0.7941511015625 0.4949038828125 0.806895861328125 0.440158251953125 0.812585947265625 0.39410194140625 0.81335837890625 0.39410194140625 0.79623706640625 0.369770873046875 0.79278710546875 0.374115533203125 0.819923634765625 0.35239126171875 0.825124658203125 0.335011650390625 0.810989533203125 0.31154077734375 0.806136138671875 0.30285922265625 0.8229298359375 0.325452427734375 0.832842345703125 0.355866990234375 0.839844919921875
1 0.78507184375 0.3336958046875 0.639335921875 0.220229275390625 0.564929126953125 0.361091025390625 0.680793203125 0.49706598828125 0.78507184375 0.3336958046875
1 0.615909708984375 0.200227330078125 0.5293038828125 0.130210345703125 0.4791893203125 0.251377365234375 0.5510252421875 0.335825341796875 0.615909708984375 0.200227330078125
1 0.65182718359375 0.540525662109375 0.532539806640625 0.38502787890625 0.483824271484375 0.4924322109375 0.57419805859375 0.6501373828125 0.65182718359375 0.540525662109375
1 0.53132815625 0.383301318359375 0.45486990234375 0.282162232421875 0.42009805859375 0.37619601171875 0.483824271484375 0.48525734765625 0.53132815625 0.383301318359375
1 0.46644466015625 0.517594900390625 0.409563107421875 0.411441068359375 0.379545630859375 0.492741193359375 0.427050486328125 0.60145942578125 0.46644466015625 0.517594900390625
1 0.555660193359375 0.677324994140625 0.47105145703125 0.5353016875 0.435161166015625 0.624459666015625 0.5012038828125 0.764038919921875 0.555660193359375 0.677324994140625