5 0.219172158203125 1 0.248216333984375 0.891970490234375 0.389973958984375 0.69766607421875 0.5910950078125 0.6174348359375 0.606859486328125 0.448055640625 0.43984663671875 0.335793146484375 0.152392720703125 0.528093263671875 0.0365808671875 0.70548816015625 0.0518518515625 1 0.219172158203125 1
7 0.648140914351852 0.9890082465277779 0.04950810185185173 0.021983506944444287
7 0.4800419560185185 0.899486400462963 0.047323495370370505 0.08621238425925926
7 0.6348090277777778 0.37184606481481486 0.04169560185185173 0.05280671296296302
7 0.4457465277777778 0.2568576388888889 0.03819444444444442 0.060416666666666674
7 0.3104166666666667 0.1826388888888889 0.02987557870370372 0.05024594907407409
7 0.46532841435185185 0.5218098958333334 0.05133101851851851 0.08836805555555549
7 0.3296730324074074 0.4037471064814815 0.04600694444444442 0.060821759259259256
7 0.7697844328703705 0.3077473958333333 0.029673032407407263 0.04633969907407409
7 0.7279152199074075 0.21402633101851853 0.03368055555555571 0.04849537037037033
7 0.853783275462963 0.1621166087962963 0.030179398148148184 0.05610532407407409
7 0.02660590277777778 0.41919849537037035 0.013411458333333334 0.0708188657407407