0 0.7975984375 0.12307962890625 0.6454140625 0.112471296875 0.4611515625 0.166837962890625 0.429819791015625 0.292808333984375 0.121720833984375 0.2822 0.002360416015625 0.306068517578125 0.000011458984375 0.58205462890625 0.6319859375 0.804646296875 0.818486458984375 0.829839814453125 0.8669765625 0.8165805546875 0.916958853515625 0.471818517578125 0.913974478515625 0.4439731484375 0.902038541015625 0.437342591796875 0.910244791015625 0.18937962890625 0.7975984375 0.12307962890625
7 0.0302734375 0.578125 0.0234375 0.0224609375
7 0.11328125 0.6103515625 0.0263671875 0.01953125
7 0.20703125 0.6416015625 0.0224609375 0.021484375
7 0.298828125 0.673828125 0.021484375 0.0205078125
7 0.400390625 0.7060546875 0.0224609375 0.0224609375
7 0.51171875 0.7412109375 0.025390625 0.0263671875
7 0.6318359375 0.7841796875 0.0244140625 0.0302734375
7 0.7392578125 0.8056640625 0.0234375 0.0283203125
7 0.8408203125 0.802734375 0.0234375 0.0302734375
7 0.8603515625 0.7548828125 0.0263671875 0.0244140625
7 0.8720703125 0.703125 0.021484375 0.02734375
7 0.880859375 0.6376953125 0.01953125 0.0234375
7 0.888671875 0.5888671875 0.021484375 0.0244140625
7 0.89453125 0.546875 0.01953125 0.0224609375
7 0.9013671875 0.5087890625 0.015625 0.0166015625
7 0.90625 0.4775390625 0.017578125 0.017578125
7 0.90625 0.45703125 0.017578125 0.0166015625