5 0.459944947265625 0.70689070703125 0.411718822265625 0.69254732421875 0.367134357421875 0.68405216015625 0.366766501953125 0.665387486328125 0.40927809375 0.656602287109375 0.456576451171875 0.636480287109375 0.445897599609375 0.603160814453125 0.407313642578125 0.61349621484375 0.363997556640625 0.622257578125 0.327009630859375 0.657034359375 0.33374746875 0.713195322265625 0.401462876953125 0.749639595703125 0.47950273046875 0.776345978515625 0.475452169921875 0.825013142578125 0.515409294921875 0.83049753515625 0.526910634765625 0.730398306640625 0.508880103515625 0.72268992578125 0.459944947265625 0.70689070703125
5 0.538476283203125 0.5327226171875 0.51910915234375 0.545063234375 0.54498186328125 0.580267724609375 0.583047232421875 0.565611470703125 0.643684193359375 0.56310363671875 0.678366771484375 0.58708952734375 0.681422119140625 0.625923435546875 0.69511116796875 0.61739141796875 0.70767641796875 0.570740017578125 0.68459968359375 0.5298780546875 0.62146722265625 0.509353689453125 0.538476283203125 0.5327226171875
5 0.561184603515625 0.38560008984375 0.542009033203125 0.395075724609375 0.553969712890625 0.42125903515625 0.579582990234375 0.41197314453125 0.580319544921875 0.3646426171875 0.546032349609375 0.31053503515625 0.5147592421875 0.283780505859375 0.493701169921875 0.27311176171875 0.476393462890625 0.32712543359375 0.488658732421875 0.33673307421875 0.498501734375 0.3220411796875 0.54539126171875 0.3564335625 0.561184603515625 0.38560008984375
5 0.935308642578125 1 0.937301505859375 0.97010703515625 0.918378205078125 0.965843638671875 0.879657951171875 0.966132203125 0.815979373046875 0.99007334765625 0.772621826171875 1 0.935308642578125 1
6 0.693197498046875 1 0.676934072265625 0.947211109375 0.65714466015625 0.869139 0.6983336640625 0.856010126953125 0.755956537109375 0.82614923828125 0.76684749609375 0.807888296875 0.74882331640625 0.80010996484375 0.70527560546875 0.8002544921875 0.661727328125 0.800399 0.637287525390625 0.828373435546875 0.627644861328125 0.80369363671875 0.61155132421875 0.718556890625 0.58682483984375 0.666167416015625 0.571440609375 0.667146416015625 0.57542259765625 0.740445671875 0.593425322265625 0.88160030859375 0.613175826171875 1 0.693197498046875 1
7 0.5998697916666667 0.5862774884259259 0.013281249999999911 0.023784722222222054
7 0.6126302083333334 0.6150318287037038 0.017057291666666696 0.021947337962962887
7 0.580859375 0.5925636574074074 0.017057291666666696 0.021947337962962887
7 0.591796875 0.6193070023148148 0.01914062499999991 0.023958333333333304
7 0.5089192708333334 0.6442491319444444 0.017708333333333215 0.03171296296296289
7 0.48776041666666664 0.6534071180555556 0.017708333333333326 0.03171296296296289
7 0.5 0.6165870949074074 0.019661458333333437 0.031770833333333304
7 0.47727864583333335 0.6198278356481481 0.02109374999999991 0.02401620370370372
6 0.51036734765625 0.479597669921875 0.49473573046875 0.499063798828125 0.471891138671875 0.48563177734375 0.425899259765625 0.483471482421875 0.418678189453125 0.51115953125 0.434028912109375 0.522774369140625 0.467799908203125 0.513411560546875 0.48579516015625 0.545831615234375 0.513890447265625 0.574565072265625 0.51883083984375 0.534056306640625 0.52597598828125 0.5007860078125 0.554775939453125 0.49207348046875 0.57227323046875 0.4861141484375 0.552291037109375 0.468882279296875 0.526415453125 0.4673180234375 0.51036734765625 0.479597669921875