3 0.48734880859375 0.426768984375 0.400270017578125 0.22778882421875 0.400577009765625 0.21950005078125 0.383234673828125 0.20959621484375 0.353368505859375 0.21906203125 0.35278521484375 0.234810873046875 0.37457799609375 0.2440824375 0.458005552734375 0.42214398828125 0.449072939453125 0.424237185546875 0.453152134765625 0.435186759765625 0.48734880859375 0.426768984375
3 0.48210180859375 0.130134330078125 0.481641310546875 0.142567779296875 0.500642125 0.147563759765625 0.553527435546875 0.31347409765625 0.56964210546875 0.316681666015625 0.577775869140625 0.296286255859375 0.5079360859375 0.12460719921875 0.48210180859375 0.130134330078125
3 0.33320048828125 0.5643822109375 0.353520041015625 0.57358771875 0.371445666015625 0.5677427109375 0.45042208984375 0.70658397265625 0.4395863984375 0.720217017578125 0.452637732421875 0.727310673828125 0.47436351171875 0.697685482421875 0.384245798828125 0.5409129921875 0.339983775390625 0.540606505859375 0.33320048828125 0.5643822109375
3 0.483512345703125 0.410823708984375 0.496864734375 0.40892636328125 0.553955224609375 0.540983283203125 0.5401433671875 0.555314123046875 0.5563184375 0.55686308203125 0.57305096875 0.53673854296875 0.506502443359375 0.3877677265625 0.47697498828125 0.388116111328125 0.472063013671875 0.401181783203125 0.483512345703125 0.410823708984375
3 0.639237525390625 0.586052673828125 0.6681392109375 0.565984392578125 0.611048740234375 0.433926896484375 0.5968981484375 0.4573757421875 0.60988213671875 0.46542516015625 0.644811771484375 0.5583053359375 0.637014681640625 0.569582646484375 0.639237525390625 0.586052673828125
3 0.5299520546875 0.591392275390625 0.579431005859375 0.689901232421875 0.572862611328125 0.707874853515625 0.57656605859375 0.72006616015625 0.605521798828125 0.702684091796875 0.551253986328125 0.5740734765625 0.539897783203125 0.561944908203125 0.52129674609375 0.58602602734375 0.5299520546875 0.591392275390625
3 0.706261251953125 0.61251280078125 0.75518863671875 0.60638435546875 0.73813155859375 0.586970025390625 0.723358345703125 0.58919491015625 0.7187850859375 0.59314315234375 0.673049833984375 0.592770607421875 0.650090107421875 0.654849822265625 0.61218261328125 0.64237184375 0.589714443359375 0.6513358125 0.588271541015625 0.69029414453125 0.61948816796875 0.684209203125 0.687751994140625 0.67395916796875 0.706261251953125 0.61251280078125
3 0.52967408203125 0.798113759765625 0.516875 0.824942947265625 0.662428541015625 0.850247345703125 0.6676470546875 0.818359943359375 0.52967408203125 0.798113759765625
4 0.7638527199074074 0.7157335069444444 0.07703993055555558 0.07947048611111107
2 0.756078296875 0.781607623046875 0.741038087890625 0.74938963671875 0.71584075 0.7436458359375 0.6720357734375 0.859237595703125 0.6970817265625 0.900203279296875 0.724154900390625 0.88646183203125 0.756078296875 0.781607623046875
5 0.48077812109375 0.84326490625 0.457634171875 0.790760486328125 0.420862568359375 0.747613529296875 0.383201001953125 0.68865225 0.326170568359375 0.594789236328125 0.188323087890625 0.37196628515625 0.173957625 0.401216638671875 0.26426056640625 0.553015796875 0.322824630859375 0.6452862578125 0.402046638671875 0.77749673046875 0.471568865234375 0.892670689453125 0.544960263671875 0.90340487890625 0.680538279296875 0.9086005 0.71353412109375 0.89429221484375 0.690206318359375 0.8793054140625 0.60036391796875 0.881790078125 0.52663481640625 0.8801739453125 0.498887623046875 0.872298455078125 0.48077812109375 0.84326490625
6 0.46248508203125 0.73950028515625 0.390107103515625 0.661560572265625 0.369174232421875 0.589228158203125 0.261927705078125 0.456602220703125 0.221289265625 0.35848675 0.204192857421875 0.302099615234375 0.23024404296875 0.276887720703125 0.19200739453125 0.2326467578125 0.17527869921875 0.246017890625 0.17638355078125 0.25603012890625 0.162294388671875 0.277820412109375 0.16920083203125 0.330433810546875 0.204713755859375 0.40756514453125 0.250356265625 0.49012825 0.33777340625 0.600286482421875 0.343544302734375 0.64371634765625 0.37000212109375 0.686404916015625 0.392869083984375 0.70651684375 0.46693486328125 0.81857246484375 0.517181326171875 0.896358625 0.54231937890625 0.934837619140625 0.64511646875 0.94853886328125 0.725566421875 0.928037234375 0.6891321796875 0.915624734375 0.61205853515625 0.924652572265625 0.56518771484375 0.915097076171875 0.538790251953125 0.8707510546875 0.472429119140625 0.789757326171875 0.46248508203125 0.73950028515625