3 0.507398142578125 0.384052939453125 0.524855248046875 0.39541864453125 0.53165800390625 0.393137095703125 0.5219331484375 0.3873251796875 0.6033249921875 0.235576388671875 0.6180749921875 0.234702314453125 0.6239268984375 0.22496133203125 0.60244095703125 0.2145867890625 0.5950327734375 0.215024744140625 0.509090767578125 0.377188744140625 0.507398142578125 0.384052939453125
3 0.445552548828125 0.287752814453125 0.462495587890625 0.296142986328125 0.466082181640625 0.2914211875 0.46026346875 0.287632423828125 0.51796040234375 0.154572919921875 0.531369578125 0.153778302734375 0.535861091796875 0.14449414453125 0.516756044921875 0.13886083203125 0.510046349609375 0.139635701171875 0.44649657421875 0.282436244140625 0.445552548828125 0.287752814453125
3 0.446818625 0.494017078125 0.440798541015625 0.48122225390625 0.496060166015625 0.3693501015625 0.5011889296875 0.37355543359375 0.5125477890625 0.37363368359375 0.516251650390625 0.366650306640625 0.510114298828125 0.356117060546875 0.48940374609375 0.3603304140625 0.42754573828125 0.479001080078125 0.4374132890625 0.494950638671875 0.446818625 0.494017078125
3 0.483457056640625 0.6124101015625 0.4976852578125 0.6344889296875 0.512396177734375 0.6343685390625 0.5086473203125 0.62933006640625 0.500751896484375 0.614015533203125 0.579342982421875 0.503391734375 0.586997044921875 0.51045341796875 0.597054162109375 0.50985744140625 0.6012720859375 0.505849599609375 0.589268125 0.486636564453125 0.569319056640625 0.490457966796875 0.491379751953125 0.601419349609375 0.483457056640625 0.6124101015625
3 0.388361802734375 0.603062607421875 0.391622052734375 0.61752423828125 0.4004419609375 0.62789904296875 0.406352513671875 0.617027005859375 0.402916376953125 0.60595748046875 0.448706314453125 0.522077853515625 0.458111623046875 0.521144818359375 0.45375440234375 0.50778447265625 0.44374661328125 0.50170441015625 0.439905947265625 0.511326208984375 0.388361802734375 0.603062607421875
3 0.39973469921875 0.71887698828125 0.420889748046875 0.710483783203125 0.42594128515625 0.716196427734375 0.437417384765625 0.714013626953125 0.434097580078125 0.700682576171875 0.42437366015625 0.694870603515625 0.399650623046875 0.707608822265625 0.3687120703125 0.711321162109375 0.36023125 0.707314470703125 0.327203302734375 0.712653365234375 0.324956595703125 0.71729576171875 0.321272275390625 0.723902296875 0.323289427734375 0.7365586484375 0.3375872421875 0.7318936640625 0.338189857421875 0.71989377734375 0.3516186015625 0.7187217890625 0.36144118359375 0.722648970703125 0.39973469921875 0.71887698828125
3 0.3211446328125 0.533019271484375 0.333633396484375 0.588644416015625 0.358953640625 0.59014995703125 0.376066677734375 0.5823719609375 0.386448294921875 0.601297052734375 0.396798591796875 0.5950468671875 0.387894578125 0.573404421875 0.378605603515625 0.572075935546875 0.360132201171875 0.580310228515625 0.35076597265625 0.580489580078125 0.33999529296875 0.53039893359375 0.331572154296875 0.525261771484375 0.2941053984375 0.52597876171875 0.29163293359375 0.5200151640625 0.2782881875 0.521655451171875 0.29030380859375 0.534846875 0.3211446328125 0.533019271484375
4 0.2901751484375 0.6404453671875 0.2823656171875 0.59769502734375 0.25039896484375 0.5954557734375 0.2284141484375 0.6050897421875 0.226839955078125 0.650211083984375 0.25713355078125 0.6589371640625 0.2901751484375 0.6404453671875
2 0.27394790234375 0.772926353515625 0.296132017578125 0.77048416015625 0.31223057421875 0.743602193359375 0.294009873046875 0.65419714453125 0.270523185546875 0.658519390625 0.25900021875 0.6873853671875 0.27394790234375 0.772926353515625
6 0.707514216796875 0.27647659375 0.714993328125 0.286930328125 0.738218232421875 0.277287412109375 0.722027865234375 0.31882965234375 0.699790111328125 0.373882875 0.668091921875 0.426683806640625 0.6280452890625 0.477155537109375 0.585071380859375 0.52406225390625 0.57218807421875 0.553384001953125 0.56145372265625 0.579948619140625 0.53592346484375 0.595364986328125 0.496469083984375 0.647304353515625 0.46261253515625 0.69440273828125 0.441175173828125 0.73400180859375 0.41640033984375 0.760646556640625 0.400340861328125 0.786774841796875 0.383859158203125 0.79526679296875 0.346196947265625 0.7997532578125 0.314920244140625 0.797097431640625 0.291037615234375 0.793627755859375 0.28674926171875 0.77321452734375 0.27207744921875 0.77258070703125 0.272597404296875 0.788332302734375 0.28142323046875 0.811482642578125 0.320940330078125 0.809892255859375 0.38380642578125 0.809173380859375 0.410957041015625 0.80117625 0.435315537109375 0.769671228515625 0.460013119140625 0.744534318359375 0.47427541796875 0.71437895703125 0.500861052734375 0.678608904296875 0.526795841796875 0.64250121484375 0.54711165625 0.619437322265625 0.570115677734375 0.60116466015625 0.593725572265625 0.571207259765625 0.59954706640625 0.536291466796875 0.63778380859375 0.49494551171875 0.686345388671875 0.43495067578125 0.742426041015625 0.345951970703125 0.764761494140625 0.289014537109375 0.749049744140625 0.256878048828125 0.757779416015625 0.24315984375 0.746024568359375 0.229853796875 0.729157873046875 0.25866023046875 0.707514216796875 0.27647659375
5 0.654806056640625 0.467549693359375 0.648769595703125 0.50661127734375 0.6212740078125 0.534169150390625 0.593634814453125 0.551588912109375 0.551685494140625 0.616504484375 0.540618908203125 0.649476466796875 0.507219591796875 0.661977466796875 0.475921505859375 0.698402982421875 0.478927681640625 0.717764615234375 0.464072115234375 0.743555533203125 0.44327478515625 0.757939537109375 0.39547726953125 0.764529875 0.35191722265625 0.76673552734375 0.347062076171875 0.7572533515625 0.334121966796875 0.749001654296875 0.330384916015625 0.76951477734375 0.31496450390625 0.770428578125 0.315863560546875 0.753089630859375 0.29470259375 0.74870730078125 0.281813373046875 0.765253515625 0.281227064453125 0.776560884765625 0.297044275390625 0.780884197265625 0.3344523828125 0.7812982578125 0.31645396875 0.793261771484375 0.31405182421875 0.800919904296875 0.334516919921875 0.792943265625 0.355061140625 0.783458681640625 0.4019723125 0.781054443359375 0.451860158203125 0.7728375 0.477096326171875 0.763074873046875 0.48885969140625 0.74246232421875 0.501987845703125 0.718877810546875 0.502750068359375 0.704177810546875 0.509135576171875 0.697035521484375 0.527128103515625 0.672295947265625 0.550451671875 0.66076823828125 0.5550409375 0.64959881640625 0.58021833203125 0.604551068359375 0.61123688671875 0.560626859375 0.64321130078125 0.536937150390625 0.674386203125 0.489997677734375 0.696512578125 0.44998209375 0.74394830078125 0.38592092578125 0.738666904296875 0.359726123046875 0.723765529296875 0.361323283203125 0.696144966796875 0.4170706484375 0.654806056640625 0.467549693359375
1 0.705338818359375 0.36109614453125 0.58061363671875 0.2394916953125 0.5198911875 0.354048595703125 0.6096806015625 0.49152026171875 0.705338818359375 0.36109614453125
1 0.51872625 0.350735947265625 0.5790684609375 0.233286876953125 0.5024491640625 0.1619369765625 0.456411041015625 0.2634926640625 0.51872625 0.350735947265625
1 0.58045966796875 0.528085560546875 0.496993162109375 0.393986076171875 0.449086462890625 0.483638470703125 0.51225204296875 0.618929955078125 0.58045966796875 0.528085560546875
1 0.449893681640625 0.480960322265625 0.49817510546875 0.389193748046875 0.4413878984375 0.296961984375 0.403780673828125 0.377725869140625 0.449893681640625 0.480960322265625
1 0.496050712890625 0.650242271484375 0.43483677734375 0.51257840625 0.397815896484375 0.585418703125 0.444455712890625 0.717180232421875 0.496050712890625 0.650242271484375
1 0.4333728046875 0.5055276875 0.388878611328125 0.40878804296875 0.35992371875 0.478315408203125 0.396136919921875 0.5791299921875 0.4333728046875 0.5055276875