1 0.241678125 0.619091666015625 0.444739583984375 0.75027962890625 0.573052083984375 0.633591666015625 0.370139583984375 0.532814814453125 0.241678125 0.619091666015625
1 0.231261458984375 0.613536111328125 0.360441666015625 0.534140740234375 0.221684896484375 0.461211111328125 0.1060546875 0.522207408203125 0.231261458984375 0.613536111328125
1 0.412511458984375 0.509832408203125 0.610352083984375 0.597788888671875 0.6961421875 0.51822962890625 0.509641666015625 0.446625 0.412511458984375 0.509832408203125
1 0.406261458984375 0.506128703125 0.49994375 0.44529907421875 0.363425521484375 0.394911111328125 0.267936978515625 0.44529907421875 0.406261458984375 0.506128703125
1 0.541678125 0.42649907421875 0.7200140625 0.490383333984375 0.780440103515625 0.434690740234375 0.6185578125 0.380325 0.541678125 0.42649907421875
1 0.536469791015625 0.42464722265625 0.605130208984375 0.3829768515625 0.491738021484375 0.339218517578125 0.4052015625 0.37502037109375 0.536469791015625 0.42464722265625
3 0.266678125 0.43205462890625 0.086658853515625 0.526185185546875 0.085913021484375 0.554031482421875 0.102325 0.563312962890625 0.105308853515625 0.546075 0.260477083984375 0.467840740234375 0.268683333984375 0.469166666015625 0.273905208984375 0.44795092578125 0.266678125 0.43205462890625
3 0.697633853515625 0.5049694453125 0.697633853515625 0.47579722265625 0.685697916015625 0.446625 0.673969791015625 0.456128703125 0.671523958984375 0.491709259765625 0.575289583984375 0.57789907421875 0.556639583984375 0.54740092578125 0.535005728515625 0.57259537109375 0.550671875 0.6190055546875 0.582003646484375 0.630939814453125 0.585733853515625 0.6044194453125 0.697633853515625 0.5049694453125
3 0.4850234375 0.4214305546875 0.3679015625 0.495687037109375 0.341678125 0.47649907421875 0.337315103515625 0.5102731484375 0.377599478515625 0.536793517578125 0.383567708984375 0.51822962890625 0.507403646484375 0.438668517578125 0.5036734375 0.402866666015625 0.4880078125 0.394911111328125 0.479055728515625 0.397562962890625 0.4850234375 0.4214305546875
3 0.669803125 0.38020277734375 0.6185578125 0.37502037109375 0.537990103515625 0.425408333984375 0.532021875 0.458559259765625 0.55589375 0.461211111328125 0.6372078125 0.390932408203125 0.65735 0.398888888671875 0.669803125 0.38020277734375
3 0.617811978515625 0.3882805546875 0.632731771484375 0.3789981484375 0.629747916015625 0.361760185546875 0.604383853515625 0.3551305546875 0.610352083984375 0.333914814453125 0.611097916015625 0.304742591796875 0.5305296875 0.28750462890625 0.5305296875 0.237115740234375 0.503136458984375 0.23205462890625 0.5036734375 0.25037592578125 0.517847916015625 0.260984259765625 0.5200859375 0.304742591796875 0.5268 0.319328703125 0.597669791015625 0.335240740234375 0.5842421875 0.356456482421875 0.585733853515625 0.37767222265625 0.617811978515625 0.3882805546875
4 0.6416015625 0.208984375 0.0830078125 0.0751953125
3 0.625 0.26171875 0.076171875 0.0703125
3 0.772234375 0.433364814453125 0.781186458984375 0.41480092578125 0.796852603515625 0.299437962890625 0.7856625 0.27822222265625 0.758344791015625 0.28205462890625 0.7520921875 0.418778703125 0.772234375 0.433364814453125
5 0.725236458984375 0.5487268515625 0.689428125 0.5712694453125 0.633478125 0.616353703125 0.605876041015625 0.6707194453125 0.55589375 0.706521296875 0.523069791015625 0.731715740234375 0.456675521484375 0.794037962890625 0.4693578125 0.815253703125 0.544703646484375 0.760887962890625 0.611097916015625 0.695913888671875 0.656604166015625 0.634917591796875 0.7282203125 0.57789907421875 0.758060416015625 0.5487268515625 0.831168228515625 0.479775 0.850564583984375 0.455906482421875 0.846088541015625 0.259658333984375 0.839374478515625 0.25037592578125 0.831914583984375 0.231812037109375 0.814594791015625 0.2505731484375 0.828930728515625 0.267613888671875 0.828184375 0.300763888671875 0.830422396484375 0.376346296875 0.825200521484375 0.437342591796875 0.8043125 0.465188888671875 0.782678125 0.466514814453125 0.74015625 0.5102731484375 0.725236458984375 0.5487268515625
6 0.708078125 0.563312962890625 0.757314583984375 0.5102731484375 0.816994271484375 0.462537037109375 0.869214583984375 0.402866666015625 0.8804046875 0.3166768515625 0.8602625 0.237115740234375 0.845342708984375 0.225182408203125 0.851310416015625 0.27557037109375 0.858024478515625 0.306068517578125 0.8587703125 0.35115277734375 0.855040625 0.376346296875 0.828184375 0.398888888671875 0.776710416015625 0.455906482421875 0.711808333984375 0.5049694453125 0.6506359375 0.573921296875 0.592447916015625 0.61104907421875 0.528291666015625 0.699891666015625 0.4507078125 0.754258333984375 0.37163125 0.796689814453125 0.335428125 0.763536111328125 0.284349478515625 0.83647037109375 0.351489583984375 0.837796296875 0.399233333984375 0.832491666015625 0.477563541015625 0.78077777734375 0.554402083984375 0.719781482421875 0.6185578125 0.63889537109375 0.676 0.601767591796875 0.708078125 0.563312962890625