4 0.1845703125 0.2490234375 0.0712890625 0.0703125
3 0.036472916015625 0.262291203125 0.172621615234375 0.411733796875 0.213651302734375 0.395158333984375 0.059788541015625 0.2426680546875 0.036472916015625 0.262291203125
3 0.207045833984375 0.220624537109375 0.398286978515625 0.34377592578125 0.440249740234375 0.330515740234375 0.214583853515625 0.20454537109375 0.207045833984375 0.220624537109375
3 0.989493228515625 0.77638472265625 0.98576328125 0.75317962890625 0.744245052734375 0.6006893515625 0.754502603515625 0.582456482421875 0.7535703125 0.54764907421875 0.79273515625 0.519471296875 0.7862078125 0.492951388671875 0.614627603515625 0.398473611328125 0.58665234375 0.405103240234375 0.525107291015625 0.439911111328125 0.409476822265625 0.3653231484375 0.372176822265625 0.34377592578125 0.33767421875 0.302337962890625 0.289077083984375 0.37571712890625 0.411341927734375 0.473061111328125 0.321821615234375 0.536046296875 0.32368671875 0.54764907421875 0.477549478515625 0.72002962890625 0.6827 0.6570444453125 0.79273515625 0.746549537109375 0.941935677734375 0.826110185546875 0.989493228515625 0.77638472265625
1 0.0299625 0.829420833984375 0.08216875 0.99849027734375 0.480347134765625 0.7167143515625 0.391759375 0.62223657421875 0.0299625 0.829420833984375
1 0.023452083984375 0.817846759765625 0.38989453125 0.61394907421875 0.320889322265625 0.549306482421875 0 0.6984819453125 0.023452083984375 0.817846759765625
1 0.376316666015625 0.824791203125 0.484077083984375 0.9835731484375 0.780612759765625 0.7067694453125 0.658455208984375 0.6172643515625 0.376316666015625 0.824791203125
1 0.83074375 0.6604393515625 0.976539322265625 0.52278657421875 0.868369271484375 0.469746296875 0.715438802734375 0.582456482421875 0.83074375 0.6604393515625
1 0.462254166015625 0.588680091796875 0.546655990234375 0.663674537109375 0.75460390625 0.529416666015625 0.664151302734375 0.478033796875 0.462254166015625 0.588680091796875
1 0.454441666015625 0.5817356484375 0.652961197265625 0.471403703125 0.58115859375 0.42665092578125 0.38813046875 0.519471296875 0.454441666015625 0.5817356484375
1 0.784444271484375 0.509526388671875 0.917983333984375 0.415068982421875 0.8320015625 0.381898611328125 0.696788802734375 0.45980092578125 0.784444271484375 0.509526388671875
1 0.683733853515625 0.456486111328125 0.817722916015625 0.3780319453125 0.7480765625 0.355378240234375 0.605403646484375 0.413391203125 0.683733853515625 0.456486111328125