3 0 0.257876677734375 0.968975015625 0.572670931640625 0.991392494140625 0.543969603515625 0.991872171875 0.51159139453125 0.667512677734375 0.402632587890625 0 0.15191410546875 0 0.257876677734375
5 0 0.620003275390625 0.355585947265625 0.688284814453125 0.543389234375 0.729928474609375 0.80658703125 0.816406775390625 0.92973178515625 0.671880060546875 0.90848630078125 0.58907648046875 0.77787460546875 0.537538599609375 0.625888302734375 0.528588275390625 0.60959469921875 0.550693787109375 0.735644560546875 0.587702015625 0.8337834296875 0.614198716796875 0.836233828125 0.68214692578125 0.781536826171875 0.757071611328125 0.745302021484375 0.75258142578125 0.702221373046875 0.743485427734375 0.645664203125 0.7105887578125 0 0.577337421875 0 0.620003275390625
6 0 0.355031544921875 0.031578044921875 0.38925026953125 0.295467888671875 0.4290479453125 0.58136633984375 0.50010576171875 0.7257580234375 0.53146210546875 0.47694305078125 0.431074419921875 0.215431498046875 0.347449771484375 0 0.34165771875 0 0.355031544921875
5 0 0 0 0.09349224609375 0.6268818828125 0.344846517578125 0.94472008203125 0.476928130859375 0.991800787109375 0.516409875 0.99306428125 0.431124001953125 0.90985448046875 0.38004928125 0.633266611328125 0.263935162109375 0.177999205078125 0.073764732421875 0.00790310546875 0 0 0
5 0.5670231796875 0 0.691623701171875 0.058629474609375 0.928172525390625 0.193722076171875 0.99638671875 0.206859423828125 0.996778224609375 0.180432767578125 0.954490603515625 0.167475765625 0.793366068359375 0.075272900390625 0.653783 0 0.5670231796875 0
6 0 0.821110484375 0.26833022265625 0.86064174609375 0.5288326875 0.895704701171875 0.598073408203125 0.889252359375 0.7135655625 0.9112184765625 0.778798826171875 0.8252117109375 0.752914115234375 0.816828166015625 0.70739640625 0.8609035546875 0.665699443359375 0.875083806640625 0.608897341796875 0.858719998046875 0.508611181640625 0.860490228515625 0 0.76804114453125 0 0.821110484375
6 0.19953391796875 0 0.68074268359375 0.209690123046875 0.962853927734375 0.334028234375 0.969826818359375 0.299097271484375 0.6795607109375 0.1727984453125 0.314777455078125 0 0.19953391796875 0
3 0.829936033203125 0.75722284765625 0.828826640625 0.832106876953125 0.940816634765625 0.857118541015625 0.986020421875 0.90658453515625 0.987290138671875 0.820878556640625 0.912307009765625 0.797911501953125 0.904134638671875 0.766138634765625 0.829936033203125 0.75722284765625
7 0.04348958333333334 0.8855975115740741 0.041420717592592596 0.02886284722222232
7 0.13608940972222222 0.7621166087962963 0.029701967592592582 0.02842881944444442
7 0.3053168402777777 0.5391710069444444 0.043315972222222276 0.02502893518518512
7 0.5612991898148147 0.19198495370370372 0.039380787037036846 0.0229311342592593
7 0.6200737847222222 0.1117259837962963 0.041362847222222054 0.024956597222222238
7 0.370580150462963 0.48209635416666663 0.05515046296296289 0.03327546296296302
7 0.26007667824074077 0.4305555555555556 0.0649739583333333 0.03754340277777768