1 0.935949498046875 0.391915572265625 0.6295960625 0.057873201171875 0.469803775390625 0.255284474609375 0.650592423828125 0.573117474609375 0.935949498046875 0.391915572265625
1 0.39100040625 0 0.35796178125 0.05620351171875 0.472268013671875 0.248723326171875 0.632789107421875 0.044904158203125 0.589278412109375 0 0.39100040625 0
1 0.58244689453125 0.617351142578125 0.4298341875 0.3136418046875 0.332456818359375 0.436740302734375 0.44309410546875 0.703417169921875 0.58244689453125 0.617351142578125
1 0.425392697265625 0.30732189453125 0.33169297265625 0.11808680078125 0.261496466796875 0.24287512890625 0.3334716640625 0.430200626953125 0.425392697265625 0.30732189453125
1 0.40681910546875 0.725159228515625 0.3086458359375 0.47145005078125 0.244341818359375 0.55140727734375 0.317420490234375 0.7770471953125 0.40681910546875 0.725159228515625
1 0.3094999375 0.462362458984375 0.241551587890625 0.28568411328125 0.194270423828125 0.366203376953125 0.24557395703125 0.54812698828125 0.3094999375 0.462362458984375
7 0.6109374999999999 0.5716001157407407 0.028385416666666607 0.01603009259259247
7 0.4703125 0.30975115740740744 0.026432291666666607 0.016001157407407485
7 0.44999999999999996 0.2689959490740741 0.022526041666666607 0.01594328703703707
7 0.3588541666666667 0.10416666666666666 0.020572916666666607 0.01591435185185186
7 0.26484375 0.27760416666666665 0.020052083333333304 0.00810185185185186
7 0.31940104166666666 0.4361328125 0.024218749999999956 0.012065972222222276
7 0.33574218749999996 0.4759693287037037 0.022395833333333393 0.013990162037037068
7 0.4200520833333333 0.6995515046296297 0.018619791666666607 0.015885416666666652
7 0.29459635416666663 0.7532190393518519 0.016406249999999956 0.011950231481481444
7 0.24967447916666666 0.6072554976851852 0.014453125000000011 0.011921296296296235
7 0.24244791666666668 0.5721715856481482 0.01835937500000001 0.011979166666666652
7 0.9774088541666667 0.32081163194444445 0.036588541666666696 0.022005208333333304
7 0.6993489583333333 0.03558304398148148 0.02864583333333326 0.019936342592592596
7 0.6548177083333333 0.0030815972222222225 0.03229166666666661 0.006163194444444445