1 0.344803125 0.37649907421875 0.206765103515625 0.6190055546875 0.4693578125 0.6800018515625 0.550671875 0.42010462890625 0.344803125 0.37649907421875
1 0.350011458984375 0.367239814453125 0.55589375 0.405518517578125 0.612590103515625 0.205291666015625 0.4507078125 0.18142407421875 0.350011458984375 0.367239814453125
7 0.5693359375 0.763671875 0.009765625 0.029296875
7 0.5859375 0.6748046875 0.009765625 0.0263671875
7 0.6005859375 0.6005859375 0.01171875 0.0263671875
7 0.58203125 0.599609375 0.0078125 0.0283203125
7 0.5673828125 0.671875 0.009765625 0.0322265625
7 0.5908203125 0.52734375 0.0087890625 0.0283203125
7 0.6279296875 0.4541015625 0.0087890625 0.0263671875
7 0.625 0.404296875 0.0078125 0.0234375
7 0.6337890625 0.3603515625 0.009765625 0.0224609375
7 0.646484375 0.3662109375 0.0078125 0.03125
7 0.6376953125 0.4111328125 0.0068359375 0.03125
7 0.3837890625 0.89453125 0.009765625 0.037109375
7 0.29296875 0.86328125 0.0126953125 0.0322265625
7 0.2021484375 0.6142578125 0.0126953125 0.0380859375
7 0.2568359375 0.5166015625 0.0107421875 0.0390625
7 0.2919921875 0.45703125 0.0107421875 0.046875
7 0.3232421875 0.4013671875 0.0087890625 0.03515625