1 0.666585078125 0.733754333984375 0.79153704296875 0.570735236328125 0.656404349609375 0.510981841796875 0.51091725 0.6405349453125 0.666585078125 0.733754333984375
1 0.660040673828125 0.510026521484375 0.797788126953125 0.5678812421875 0.875644998046875 0.464316259765625 0.75640597265625 0.4252247578125 0.660040673828125 0.510026521484375
1 0.465947109375 0.612940443359375 0.611468271484375 0.4939535234375 0.507566619140625 0.44887102734375 0.3562140078125 0.54496426171875 0.465947109375 0.612940443359375
1 0.512252615234375 0.447860314453125 0.617347607421875 0.491505564453125 0.71597276953125 0.412742017578125 0.622949345703125 0.379197923828125 0.512252615234375 0.447860314453125
1 0.323506619140625 0.527476435546875 0.475537689453125 0.436701921875 0.39290664453125 0.40263632421875 0.2439741875 0.47404904296875 0.323506619140625 0.527476435546875
1 0.39935853515625 0.40230178125 0.480152640625 0.43324797265625 0.590061958984375 0.373229689453125 0.51202548046875 0.34504652734375 0.39935853515625 0.40230178125
3 0.61704036328125 0.529562064453125 0.620797455078125 0.520159236328125 0.795911330078125 0.599324580078125 0.796048111328125 0.6161990078125 0.805964146484375 0.623358349609375 0.819342189453125 0.60885216796875 0.82054934765625 0.585990890625 0.623671427734375 0.50312773046875 0.611788087890625 0.528299896484375 0.61704036328125 0.529562064453125
3 0.881906720703125 0.49971350390625 0.89207171484375 0.503790919921875 0.90198561328125 0.48179085546875 0.89485372265625 0.4706503984375 0.88559462109375 0.46729374609375 0.728366923828125 0.4132905078125 0.717865693359375 0.43914041796875 0.727237037109375 0.43790412109375 0.7285496015625 0.43093029296875 0.879619126953125 0.482950599609375 0.881906720703125 0.49971350390625
3 0.649884892578125 0.479515732421875 0.513778765625 0.425185037109375 0.494152376953125 0.43617748828125 0.495308005859375 0.4483955625 0.507872173828125 0.449278595703125 0.511063525390625 0.437602859375 0.63920028125 0.48851002734375 0.636010296875 0.51476593359375 0.645812615234375 0.512723158203125 0.658556783203125 0.50208659765625 0.649884892578125 0.479515732421875
3 0.3573548515625 0.53228375 0.492149240234375 0.60816847265625 0.48436308984375 0.622384701171875 0.487125767578125 0.6398907109375 0.49873928125 0.63928852734375 0.51528698046875 0.620014470703125 0.50616121484375 0.5897936328125 0.363827669921875 0.51046211328125 0.34066258984375 0.52942826171875 0.339878791015625 0.54316566796875 0.345833361328125 0.54899591015625 0.350269626953125 0.53648788671875 0.3573548515625 0.53228375
3 0.3604470546875 0.402441544921875 0.35114205859375 0.398319537109375 0.3445555234375 0.410939056640625 0.35485647265625 0.417310703125 0.369411837890625 0.40811473828125 0.466126669921875 0.452978650390625 0.46651235546875 0.46677019140625 0.486253 0.464979830078125 0.48979439453125 0.44346451171875 0.479301107421875 0.442319779296875 0.374663345703125 0.394797671875 0.3604470546875 0.402441544921875
3 0.5819390703125 0.3832823046875 0.58821101953125 0.39446831640625 0.60989744921875 0.381832611328125 0.596879404296875 0.37329960546875 0.59047287109375 0.374399533203125 0.484794564453125 0.33844163671875 0.461908521484375 0.352674052734375 0.463171177734375 0.360183708984375 0.474608701171875 0.355852279296875 0.48631287109375 0.35677990234375 0.492153125 0.35340709375 0.5819390703125 0.3832823046875
3 0.3863849921875 0.330499587890625 0.387247669921875 0.359614373046875 0.3981833203125 0.376696595703125 0.3760665625 0.389353650390625 0.37418771875 0.39405459765625 0.384058455078125 0.400449513671875 0.407986408203125 0.389233056640625 0.4082570625 0.37924326953125 0.3977739765625 0.3552318125 0.398565556640625 0.3467495234375 0.45733273828125 0.31914730859375 0.455514201171875 0.271633265625 0.445308283203125 0.2691252734375 0.448253640625 0.304271064453125 0.3863849921875 0.330499587890625
3 0.34552205859375 0.318039130859375 0.395030912109375 0.301659501953125 0.393272693359375 0.268430328125 0.375310421875 0.26738353125 0.33243476953125 0.286488232421875 0.34552205859375 0.318039130859375
3 0.23446187890625 0.36600208984375 0.23842816015625 0.42564997265625 0.25011086328125 0.44806472265625 0.245583884765625 0.4590419765625 0.254187955078125 0.473176080078125 0.269444787109375 0.4539679921875 0.2520732421875 0.335764462890625 0.221329291015625 0.333686771484375 0.21827526171875 0.36223690625 0.23446187890625 0.36600208984375
6 0.76167844921875 0.76334276953125 0.727358833984375 0.7666568125 0.66994606640625 0.7443110078125 0.617694919921875 0.721697564453125 0.56861337109375 0.694315279296875 0.511052216796875 0.64665537109375 0.450491798828125 0.607590291015625 0.423166755859375 0.605170392578125 0.3968605546875 0.598094140625 0.377027115234375 0.569195287109375 0.32466148046875 0.52280048828125 0.291767318359375 0.513762625 0.233991931640625 0.48529758984375 0.186810923828125 0.4463065 0.156202275390625 0.42487309765625 0.1472347578125 0.390039564453125 0.146235296875 0.3440503515625 0.1604948046875 0.308012455078125 0.17040876171875 0.286013353515625 0.14297130859375 0.28897054296875 0.13774417578125 0.324539130859375 0.138021013671875 0.387448298828125 0.143933134765625 0.436251796875 0.15344201953125 0.451106720703125 0.21674253515625 0.5000045078125 0.254276279296875 0.51263758984375 0.313591724609375 0.552533994140625 0.362131080078125 0.5853146875 0.37716420703125 0.606021203125 0.41424454296875 0.62942128125 0.448744927734375 0.629166880859375 0.48216132421875 0.654291451171875 0.536247556640625 0.700597998046875 0.642041431640625 0.76033719140625 0.729269357421875 0.798018544921875 0.7624800703125 0.797831982421875 0.780996671875 0.775385849609375 0.79922115234375 0.78441662890625 0.812029490234375 0.767543224609375 0.75816758203125 0.74050333203125 0.746554068359375 0.741105513671875 0.76167844921875 0.76334276953125
5 0.50942669140625 0.697463306640625 0.46801923046875 0.6758230703125 0.44380155078125 0.64341992578125 0.36048848046875 0.591724041015625 0.317248015625 0.57554914453125 0.3051803984375 0.55392208984375 0.266579259765625 0.521391888671875 0.2375795703125 0.519826560546875 0.20380186328125 0.503161966796875 0.191529275390625 0.470802052734375 0.18568255078125 0.386695685546875 0.18379948828125 0.333078783203125 0.19844473828125 0.310833390625 0.183547623046875 0.292422068359375 0.17236437890625 0.293001939453125 0.169878767578125 0.35298436328125 0.1567931328125 0.350593861328125 0.16911101953125 0.383718197265625 0.17817346875 0.478400345703125 0.192099005859375 0.516813548828125 0.239415197265625 0.543519634765625 0.260491412109375 0.54242679296875 0.3152798828125 0.593300453125 0.4443495625 0.672366810546875 0.508917287109375 0.713525380859375 0.63526727734375 0.785244435546875 0.6624495625 0.784944150390625 0.659614751953125 0.771015330078125 0.550968853515625 0.70681952734375 0.50942669140625 0.697463306640625