4 0.5244140625 0.6884765625 0.18359375 0.4130859375
3 0.278136458984375 0.043165740234375 0.243319271484375 0.2795481484375 0.3052375 0.327284259765625 0.336569271484375 0.068713888671875 0.278136458984375 0.043165740234375
3 0.790884375 0.227834259765625 0.803566146484375 0.361760185546875 0.762536458984375 0.364412962890625 0.771488541015625 0.493035185546875 0.8483265625 0.437342591796875 0.823969791015625 0.213536111328125 0.790884375 0.227834259765625
3 0.7468703125 0.127057408203125 0.8110265625 0.168163888671875 0.819232291015625 0.14429537109375 0.8110265625 0.05412777734375 0.772980208984375 0.060757408203125 0.7670125 0 0.740636458984375 0.002425 0.7468703125 0.127057408203125
7 0.2880859375 0.4765625 0.015625 0.033203125
7 0.2353515625 0.4775390625 0.0166015625 0.03125
7 0.435546875 0.8916015625 0.01953125 0.0380859375
7 0.60546875 0.900390625 0.0166015625 0.0322265625
7 0.8330078125 0.4912109375 0.017578125 0.0361328125
7 0.755859375 0.1689453125 0.017578125 0.025390625
1 0.330219791015625 0.18020277734375 0.29703125 0.463862962890625 0.7655203125 0.467840740234375 0.747616146484375 0.18275 0.330219791015625 0.18020277734375
1 0.411915625 0.880228703125 0.431261458984375 0.509832408203125 0.002360416015625 0.50629537109375 0.000122396484375 0.86962037109375 0.411915625 0.880228703125
1 0.623969791015625 0.513536111328125 0.624526041015625 0.8828805546875 0.999479166015625 0.900118517578125 0.999479166015625 0.524859259765625 0.623969791015625 0.513536111328125