3 0.961738943359375 0.586396078125 0.7282285 0.618416482421875 0.689623880859375 0.6361304609375 0.743596322265625 0.70031805859375 0.957880814453125 0.6515019921875 0.961738943359375 0.586396078125
4 0.497846861328125 0.38687987890625 0.497700125 0.34061081640625 0.310765603515625 0.35087671875 0.29820383984375 0.36785855078125 0.273707962890625 0.366875052734375 0.27583236328125 0.331025791015625 0.151370619140625 0.3351539296875 0.13653961328125 0.39042927734375 0.07397029296875 0.3981961640625 0.068659341796875 0.487818462890625 0.1352389140625 0.485496408203125 0.1301201328125 0.547503232421875 0.259606986328125 0.531711220703125 0.2786422734375 0.5029791171875 0.487255341796875 0.48126075390625 0.511764345703125 0.444510689453125 0.544327984375 0.4068581875 0.497846861328125 0.38687987890625
7 0.10282118055555556 0.531076388888889 0.03631365740740741 0.021614583333333215
7 0.10554108796296297 0.35380497685185186 0.04228877314814816 0.02391493055555549
7 0.45341435185185186 0.49375723379629627 0.03631365740740744 0.021614583333333326
7 0.5277633101851852 0.7170645254629631 0.036082175925926 0.017708333333333215
7 0.5301432291666667 0.6604817708333333 0.04033564814814805 0.02379918981481488
7 0.5525101273148147 0.08598090277777778 0.04021990740740744 0.021846064814814825
7 0.8915726273148148 0.1447120949074074 0.04021990740740744 0.021846064814814825
3 0.68805782421875 0.15071577734375 0.69356378125 0.10654798046875 0.839236318359375 0.110093890625 0.846344234375 0.0722692265625 0.60074637890625 0.064147111328125 0.5280341796875 0.1455846328125 0.556396375 0.15445886328125 0.68805782421875 0.15071577734375
1 0.54718906640625 0.651065787109375 0.849341017578125 0.600377833984375 0.87402569140625 0.15674516015625 0.565044462890625 0.1547580859375 0.54718906640625 0.651065787109375
5 0.637975740234375 0.67897296875 0.832689314453125 0.659315669921875 0.858586279296875 0.661028408203125 0.834091380859375 0.684401 0.823470458984375 0.8880016875 0.858403697265625 0.907852611328125 0.864483328125 0.707768412109375 0.907385830078125 0.666255865234375 0.89955759765625 0.62774901953125 0.67020141796875 0.6470235390625 0.56139526171875 0.67945199609375 0.556178994140625 0.71873128515625 0.602030478515625 0.724945142578125 0.6950283203125 0.719487443359375 0.711513564453125 0.681110482421875 0.596473345703125 0.69685866796875 0.637975740234375 0.67897296875