3 0.18724374609375 0.325072203125 0.201738994140625 0.351580685546875 0.240669091796875 0.351292314453125 0.305772009765625 0.277225283203125 0.295519337890625 0.26016125 0.18724374609375 0.325072203125
3 0.38165035546875 0.1874217578125 0.329599072265625 0.223034431640625 0.445298228515625 0.42336187890625 0.47296684375 0.4168941484375 0.47256680859375 0.3988925078125 0.38526580078125 0.224970013671875 0.406756361328125 0.197031935546875 0.38165035546875 0.1874217578125
3 0.467765150390625 0.12024450390625 0.45146333203125 0.13758721875 0.531360640625 0.291210384765625 0.527655908203125 0.30653706640625 0.55496178515625 0.28947027734375 0.48879441796875 0.127916796875 0.467765150390625 0.12024450390625
3 0.5533848046875 0.531373134765625 0.565272240234375 0.503103392578125 0.490108146484375 0.36474823046875 0.464937015625 0.36841886328125 0.459931455078125 0.393505966796875 0.48221284765625 0.39490675 0.543216955078125 0.511877470703125 0.53101644140625 0.526058689453125 0.5533848046875 0.531373134765625
3 0.452219533203125 0.672247208984375 0.444312599609375 0.691875666015625 0.47218994921875 0.69480083203125 0.48548409375 0.667303310546875 0.394707951171875 0.524719908203125 0.3597921875 0.517933123046875 0.346299751953125 0.53524026953125 0.3507896953125 0.550878443359375 0.371750365234375 0.555420125 0.452219533203125 0.672247208984375
3 0.549561787109375 0.54705758203125 0.54377354296875 0.536923919921875 0.53122516015625 0.5354510390625 0.51654072265625 0.562958857421875 0.579716658203125 0.65251499609375 0.57299130859375 0.6627413515625 0.582588146484375 0.681055255859375 0.6026241953125 0.68209228125 0.599146916015625 0.650805236328125 0.549561787109375 0.54705758203125
3 0.628363166015625 0.5561055078125 0.64853919140625 0.558066787109375 0.656393931640625 0.5360896953125 0.606338212890625 0.411209263671875 0.5814859296875 0.41922141796875 0.58457958984375 0.433289345703125 0.624189171875 0.5261511640625 0.628363166015625 0.5561055078125
3 0.69056294921875 0.571846341796875 0.733630099609375 0.56996149609375 0.73690673828125 0.546556873046875 0.662372533203125 0.554833201171875 0.635887609375 0.614523330078125 0.6079059140625 0.606902537109375 0.59033555078125 0.62973423828125 0.592299818359375 0.65555290234375 0.61162573046875 0.649147515625 0.620976080078125 0.63185574609375 0.644733763671875 0.637159900390625 0.669673978515625 0.6330608515625 0.69056294921875 0.571846341796875
3 0.701953125 0.6452980324074074 0.048263888888888884 0.06284722222222205
3 0.52848399609375 0.787539060546875 0.673500462890625 0.80525265625 0.683560201171875 0.767753400390625 0.54582823828125 0.75453194921875 0.52848399609375 0.787539060546875
4 0.7522569444444445 0.6673900462962963 0.07782118055555554 0.07478298611111112
2 0.756556375 0.7255725 0.74061865234375 0.696726228515625 0.705452548828125 0.704192822265625 0.67073726953125 0.806055767578125 0.702176912109375 0.84418110546875 0.732626111328125 0.83769277734375 0.756556375 0.7255725