4 0.3603515625 0.2904947916666667 0.0703125 0.09479166666666661
2 0.2568359375 0.3280237268518519 0.140625 0.08020833333333344
3 0.467153630859375 0.315632525390625 0.4628670390625 0.31658591796875 0.464010056640625 0.353716171875 0.3985670390625 0.376642271484375 0.397424021484375 0.406112416015625 0.40599720703125 0.425559505859375 0.38313463671875 0.43488083984375 0.382849162109375 0.441993908203125 0.391422345703125 0.44771336328125 0.416284916015625 0.436896806640625 0.416284916015625 0.42520296875 0.4085692734375 0.404244728515625 0.4085692734375 0.3935677890625 0.4717262578125 0.371624720703125 0.4728692734375 0.32283449609375 0.480013966796875 0.32039859375 0.4799636875 0.30724576171875 0.48087094921875 0.303633953125 0.467725140625 0.3064898984375 0.467153630859375 0.315632525390625
3 0.241980447265625 0.417028236328125 0.242265921875 0.462789919921875 0.255983240234375 0.489429521484375 0.245409498046875 0.492832513671875 0.247981564453125 0.504055509765625 0.261413408203125 0.5017117578125 0.26770055859375 0.492145853515625 0.2551262578125 0.460946646484375 0.255697765625 0.412655908203125 0.259984357421875 0.388315833984375 0.2516966484375 0.3765002109375 0.245124021484375 0.375893892578125 0.242551955078125 0.371280240234375 0.23016312890625 0.374547001953125 0.229120111328125 0.388875484375 0.245124021484375 0.387587728515625 0.245124021484375 0.40741576171875 0.241980447265625 0.417028236328125
3 0.474889943359375 0.519618904296875 0.489750279296875 0.51780526171875 0.497752513671875 0.506738921875 0.4906078203125 0.49748198046875 0.486321228515625 0.4999602265625 0.38144022265625 0.443497884765625 0.368008939453125 0.44889134765625 0.360578212890625 0.444205716796875 0.35226983203125 0.45658859375 0.363150279296875 0.461530103515625 0.377153630859375 0.455128216796875 0.473746927734375 0.505874337890625 0.474889943359375 0.519618904296875
3 0.65139720703125 0.55685012890625 0.64539608984375 0.563370568359375 0.645110056640625 0.574551220703125 0.651683240234375 0.5771903515625 0.661685474609375 0.571238134765625 0.66082793359375 0.547837755859375 0.525083240234375 0.4807511796875 0.50470446875 0.492218654296875 0.5073648046875 0.50285846484375 0.520224580078125 0.49288098828125 0.65139720703125 0.55685012890625
3 0.510293296875 0.67931934375 0.505149162109375 0.673142736328125 0.505149162109375 0.653822658203125 0.3654033515625 0.56278117578125 0.337111173828125 0.57761451953125 0.336825140625 0.592353818359375 0.34054022265625 0.5954595546875 0.354829609375 0.58499430859375 0.357115642578125 0.578927779296875 0.4928603359375 0.6678761875 0.483155865234375 0.67934573828125 0.483144134765625 0.695186517578125 0.490288267578125 0.70139275390625 0.510293296875 0.67931934375
3 0.4897966484375 0.396244318359375 0.482651955078125 0.40122196875 0.48493798828125 0.406340330078125 0.494654748046875 0.4080091328125 0.5052284921875 0.4051150859375 0.600678771484375 0.440592783203125 0.60153575390625 0.45077346875 0.606679888671875 0.451866578125 0.621224580078125 0.443533345703125 0.5058 0.394447607421875 0.498083798828125 0.39890883984375 0.4897966484375 0.396244318359375
3 0.80512793359375 0.6945580390625 0.814272625 0.699269064453125 0.828275978515625 0.68473198828125 0.828847486328125 0.66847206640625 0.818845251953125 0.664765236328125 0.815987150390625 0.667264642578125 0.81455866015625 0.66266793359375 0.633374859375 0.571520509765625 0.61843128515625 0.59117685546875 0.624229609375 0.596296552734375 0.627944693359375 0.586183599609375 0.804555865234375 0.6742125859375 0.80512793359375 0.6945580390625
3 0.74797206640625 0.488822619140625 0.739684357421875 0.4917495390625 0.735397765625 0.50643056640625 0.740255865234375 0.5070104921875 0.74339944140625 0.499939765625 0.90000614453125 0.563776763671875 0.90000614453125 0.578521296875 0.9065396640625 0.58053458984375 0.91486648046875 0.575690755859375 0.917153072265625 0.55640455078125 0.74797206640625 0.488822619140625
1 0.803986033203125 0.649307525390625 0.664238546875 0.582145740234375 0.507691619140625 0.702353365234375 0.662297765625 0.808867484375 0.803986033203125 0.649307525390625
1 0.669917876953125 0.57968812890625 0.807976537109375 0.64581694140625 0.892825140625 0.547401990234375 0.77194078125 0.497819857421875 0.669917876953125 0.57968812890625
1 0.621623462890625 0.559982595703125 0.515022904296875 0.50570750390625 0.3544966484375 0.593317408203125 0.46309273828125 0.6696628203125 0.621623462890625 0.559982595703125
1 0.521144693359375 0.504359826171875 0.627210056640625 0.557936134765625 0.7331921796875 0.48258874609375 0.636884916015625 0.442522806640625 0.521144693359375 0.504359826171875
1 0.3186625703125 0.574289515625 0.482358099609375 0.49188759765625 0.400681564453125 0.448911171875 0.24235977734375 0.514691908203125 0.3186625703125 0.574289515625
1 0.40639720703125 0.44797894921875 0.488742458984375 0.4898519609375 0.60450055859375 0.4331812109375 0.52013687109375 0.39983992578125 0.40639720703125 0.44797894921875