0 0.5842421875 0.205291666015625 0.583495833984375 0.15357777734375 0.559623958984375 0.08064722265625 0.5357515625 0.0528018515625 0.211241146484375 0.08064722265625 0.1836390625 0.14562222265625 0.184386458984375 0.261684259765625 0.174686978515625 0.28750462890625 0.2530171875 0.633591666015625 0.388789583984375 0.719781482421875 0.891594271484375 0.57789907421875 0.9840984375 0.532814814453125 0.970670833984375 0.4771231484375 0.937846875 0.44264722265625 0.5842421875 0.205291666015625
7 0.345703125 0.677734375 0.017578125 0.0205078125
7 0.4091796875 0.7041015625 0.0185546875 0.0224609375
7 0.51953125 0.6826171875 0.015625 0.0341796875
7 0.6201171875 0.65234375 0.0185546875 0.01953125
7 0.2890625 0.646484375 0.0224609375 0.0244140625
7 0.2607421875 0.607421875 0.015625 0.0244140625
7 0.2509765625 0.5615234375 0.0185546875 0.025390625
7 0.240234375 0.51953125 0.017578125 0.0224609375
7 0.2314453125 0.4775390625 0.0185546875 0.017578125
7 0.22265625 0.443359375 0.0146484375 0.0224609375
7 0.2158203125 0.4169921875 0.0126953125 0.017578125
7 0.2099609375 0.3896484375 0.0126953125 0.0185546875
7 0.205078125 0.365234375 0.01171875 0.0185546875
7 0.197265625 0.3427734375 0.01171875 0.013671875
7 0.689453125 0.6328125 0.017578125 0.0166015625
7 0.755859375 0.61328125 0.017578125 0.021484375
7 0.8134765625 0.595703125 0.0185546875 0.02734375
7 0.880859375 0.55859375 0.017578125 0.0244140625
7 0.9541015625 0.5419921875 0.0146484375 0.0302734375
7 0.9755859375 0.51171875 0.021484375 0.0185546875
7 0.958984375 0.478515625 0.01171875 0.021484375