1 0.241678125 0.617239814453125 0.44399375 0.748953703125 0.572305728515625 0.630939814453125 0.37163125 0.535467591796875 0.241678125 0.617239814453125
1 0.233344791015625 0.615387962890625 0.365663541015625 0.531488888671875 0.2209390625 0.462537037109375 0.101578646484375 0.524859259765625 0.233344791015625 0.615387962890625
1 0.413553125 0.509832408203125 0.611097916015625 0.601767591796875 0.6961421875 0.51822962890625 0.50815 0.44795092578125 0.413553125 0.509832408203125
1 0.408344791015625 0.506128703125 0.502927603515625 0.44795092578125 0.353727083984375 0.394911111328125 0.270921353515625 0.4439731484375 0.408344791015625 0.506128703125
1 0.533344791015625 0.42649907421875 0.605876041015625 0.3829768515625 0.463389583984375 0.343196296875 0.401471353515625 0.37767222265625 0.533344791015625 0.42649907421875
1 0.270844791015625 0.4505731484375 0.282857291015625 0.432038888671875 0.265698958984375 0.428061111328125 0.082928646484375 0.524859259765625 0.0739765625 0.55005277734375 0.093372916015625 0.559335185546875 0.264207291015625 0.467840740234375 0.270844791015625 0.4505731484375
1 0.485428125 0.398721296875 0.4827859375 0.428061111328125 0.362679166015625 0.498338888671875 0.345521353515625 0.4877305546875 0.341791666015625 0.51690277734375 0.382075521484375 0.535467591796875 0.514117708984375 0.437342591796875 0.5066578125 0.405518517578125 0.485428125 0.398721296875
1 0.5439578125 0.616353703125 0.579766146484375 0.629613888671875 0.7013640625 0.499664814453125 0.695396353515625 0.466514814453125 0.672928125 0.459832408203125 0.535005728515625 0.568617591796875 0.5439578125 0.616353703125
1 0.536497916015625 0.27557037109375 0.532767708984375 0.237115740234375 0.503136458984375 0.23205462890625 0.5036734375 0.263636111328125 0.515609896484375 0.266287962890625 0.519339583984375 0.30872037109375 0.590955728515625 0.327284259765625 0.584988021484375 0.3736944453125 0.615573958984375 0.376346296875 0.614081771484375 0.299437962890625 0.536497916015625 0.27557037109375
6 0.749108333984375 0.520881482421875 0.734934375 0.502317591796875 0.592447916015625 0.6190055546875 0.4238515625 0.782103703125 0.343283333984375 0.8019944453125 0.321649478515625 0.792712037109375 0.302094791015625 0.83205462890625 0.3238875 0.827187962890625 0.360441666015625 0.84177407421875 0.406693228515625 0.823210185546875 0.489499478515625 0.767517591796875 0.5491796875 0.71182592578125 0.628255728515625 0.625635185546875 0.661826041015625 0.61502777734375 0.749108333984375 0.520881482421875
4 0.638671875 0.20703125 0.080078125 0.0791015625
5 0.723969791015625 0.5468694453125 0.455183853515625 0.794037962890625 0.478309375 0.80862407421875 0.734188021484375 0.5712694453125 0.723969791015625 0.5468694453125
5 0.103070833984375 0.63889537109375 0.077706771484375 0.6097231484375 0.0448828125 0.65082962890625 0.065025 0.67602407421875 0.107546875 0.702543517578125 0.103070833984375 0.63889537109375