3 0.388918533203125 0.06228687109375 0.4880855390625 0.24026738671875 0.545194501953125 0.2316381484375 0.42246028515625 0.0208191328125 0.37287678125 0.03220644921875 0.371418533203125 0.054351623046875 0.388918533203125 0.06228687109375
3 0.32183503125 0.550007818359375 0.30725152734375 0.582180962890625 0.32183503125 0.59343687890625 0.336418533203125 0.592401033203125 0.343709775390625 0.585738095703125 0.43996028515625 0.69738996484375 0.441418533203125 0.720311724609375 0.46475152734375 0.715869369140625 0.475948064453125 0.6846091015625 0.35246028515625 0.542999189453125 0.32183503125 0.550007818359375
3 0.438502037109375 0.319665001953125 0.423918533203125 0.35511560546875 0.4355855390625 0.357401 0.521627291015625 0.48968980859375 0.536210794921875 0.495209455078125 0.54787678125 0.47537129296875 0.463293279296875 0.337324611328125 0.466209775390625 0.322532548828125 0.438502037109375 0.319665001953125
3 0.5757443984375 0.6659681640625 0.596002037109375 0.6188734296875 0.53766904296875 0.528783388671875 0.508502037109375 0.526757826171875 0.504127291015625 0.543210509765625 0.57266904296875 0.635607546875 0.571210794921875 0.64464230859375 0.5757443984375 0.6659681640625
3 0.624624236328125 0.49934012890625 0.63537678125 0.45932499609375 0.58433503125 0.365849478515625 0.56975152734375 0.3545941328125 0.556627291015625 0.371996232421875 0.61933503125 0.46939617578125 0.616418533203125 0.4866464765625 0.624624236328125 0.49934012890625
3 0.543502037109375 0.79336573828125 0.5580855390625 0.789871654296875 0.68496028515625 0.805199693359375 0.686418533203125 0.769943537109375 0.54496028515625 0.76220626171875 0.53037678125 0.790282154296875 0.543502037109375 0.79336573828125
1 0.17746028515625 0.430055169921875 0.308709775390625 0.57232640625 0.4168849296875 0.34337884765625 0.326209775390625 0.203334310546875 0.17746028515625 0.430055169921875
1 0.49683503125 0.181140625 0.42683503125 0.044517478515625 0.32727189453125 0.195965029296875 0.4180855390625 0.336355912109375 0.49683503125 0.181140625
1 0.43996028515625 0.70148721875 0.50996028515625 0.493959908203125 0.441418533203125 0.39172991796875 0.345168025390625 0.60865985546875 0.43996028515625 0.70148721875
1 0.571210794921875 0.329170912109375 0.52016904296875 0.2184877265625 0.438502037109375 0.37784291796875 0.512607943359375 0.482692994140625 0.571210794921875 0.329170912109375
1 0.528918533203125 0.793581791015625 0.587252544921875 0.604253625 0.539084521484375 0.532643998046875 0.458918533203125 0.73316344921875 0.528918533203125 0.793581791015625
6 0.690794296875 0.891151021484375 0.753502037109375 0.879569845703125 0.75787678125 0.86311658984375 0.72433503125 0.864433298828125 0.676210794921875 0.874159408203125 0.631002037109375 0.878926421875 0.58287678125 0.873083896484375 0.568293279296875 0.850356583984375 0.536210794921875 0.827069294921875 0.50266904296875 0.78495694140625 0.466209775390625 0.744526828125 0.428293279296875 0.713131458984375 0.40496028515625 0.683978849609375 0.371418533203125 0.673003796875 0.362668025390625 0.639537896484375 0.35537678125 0.6109668515625 0.30725152734375 0.578083708984375 0.23725152734375 0.52176262109375 0.176002037109375 0.443187185546875 0.14683503125 0.399371576171875 0.12496028515625 0.355447935546875 0.123502037109375 0.32433166796875 0.1541558046875 0.314090353515625 0.09433503125 0.262489171875 0.0841262734375 0.286403 0.09433503125 0.29936216796875 0.07537678125 0.33405836328125 0.08996028515625 0.373173548828125 0.141002037109375 0.44944197265625 0.170168025390625 0.495715833984375 0.231418533203125 0.552986337890625 0.2780855390625 0.589168544921875 0.3130855390625 0.62306478515625 0.330584521484375 0.658859888671875 0.353918533203125 0.690470720703125 0.3845437890625 0.708863123046875 0.4180855390625 0.740323302734375 0.445793279296875 0.766133640625 0.476418533203125 0.8050117421875 0.511418533203125 0.845463474609375 0.55225152734375 0.8743573984375 0.57266904296875 0.892901025390625 0.6120437890625 0.895595728515625 0.648502037109375 0.89669405078125 0.690794296875 0.891151021484375
5 0.298502037109375 0.629836330078125 0.2766262734375 0.62278569921875 0.25183503125 0.6010288359375 0.248918533203125 0.567476505859375 0.21246028515625 0.51639362890625 0.155584521484375 0.4762665546875 0.131752544921875 0.437992046875 0.113293279296875 0.456407392578125 0.133709775390625 0.484784560546875 0.16725152734375 0.529354578125 0.21975152734375 0.5933102109375 0.2795437890625 0.645685841796875 0.3480855390625 0.71595873828125 0.41225152734375 0.7862964609375 0.4705855390625 0.850984884765625 0.493918533203125 0.867846875 0.539127291015625 0.8655381015625 0.626627291015625 0.86670004296875 0.68933503125 0.871506736328125 0.753502037109375 0.84269684765625 0.6805855390625 0.830666107421875 0.620793279296875 0.847120568359375 0.54933503125 0.84572154296875 0.4866262734375 0.824526419921875 0.4895437890625 0.790067865234375 0.42683503125 0.746749171875 0.38746028515625 0.70554245703125 0.345168025390625 0.6553658046875 0.298502037109375 0.629836330078125
4 0.77734375 0.6339916087962962 0.078125 0.09295428240740744