1 0.236696884765625 0.57872773828125 0.383398080078125 0.797374416015625 0.470893296875 0.65207301953125 0.36753818359375 0.433124634765625 0.236696884765625 0.57872773828125
1 0.476672681640625 0.659274873046875 0.38333027734375 0.806527734375 0.493488333984375 0.947963720703125 0.554244658203125 0.8159060859375 0.476672681640625 0.659274873046875
1 0.404305982421875 0.390254916015625 0.500869166015625 0.607435869140625 0.571164986328125 0.500002587890625 0.49543365234375 0.291705169921875 0.404305982421875 0.390254916015625
1 0.5696703203125 0.50496226953125 0.504917060546875 0.610747671875 0.5793646796875 0.770923791015625 0.628169736328125 0.67772440234375 0.5696703203125 0.50496226953125
1 0.587406375 0.19535071875 0.518979087890625 0.2623341875 0.591824271484375 0.466621337890625 0.646420853515625 0.378984787109375 0.587406375 0.19535071875
1 0.64488268359375 0.38968019921875 0.5914653359375 0.472057556640625 0.643110337890625 0.6289467890625 0.6888835703125 0.551403037109375 0.64488268359375 0.38968019921875
5 0.573944900390625 0.1247142578125 0.541752142578125 0.14041430859375 0.450619423828125 0.239783248046875 0.39764598828125 0.30525241796875 0.272813705078125 0.426920107421875 0.166951814453125 0.546386482421875 0.19168235546875 0.55384643359375 0.375316017578125 0.367355935546875 0.47676675 0.252935087890625 0.536940380859375 0.199541068359375 0.53700714453125 0.190527912109375 0.5517484609375 0.168790888671875 0.58691234375 0.145629708984375 0.6510793515625 0.14372846484375 0.7730814375 0.14409269140625 0.801396345703125 0.1245284375 0.68042742578125 0.118282478515625 0.573944900390625 0.1247142578125
6 0.1954986953125 0.629101822265625 0.3469578046875 0.455853708984375 0.49542151171875 0.293344185546875 0.6013076875 0.17059920703125 0.65714905859375 0.11159911328125 0.7081968828125 0.109266970703125 0.802933498046875 0.113833056640625 0.784096640625 0.09800691015625 0.70252169921875 0.088135453125 0.638348625 0.090855919921875 0.60024396875 0.11738097265625 0.525218748046875 0.20726147265625 0.401893271484375 0.322330462890625 0.37825679296875 0.3639920625 0.287233328125 0.44861157421875 0.19755176953125 0.54875712890625 0.13844792578125 0.654550158203125 0.1338607421875 0.683358841796875 0.148213599609375 0.714064037109375 0.137453802734375 0.7383146640625 0.218347130859375 0.693963076171875 0.19218766796875 0.6824496796875 0.1954986953125 0.629101822265625
3 0.36310880859375 0.440628970703125 0.440146142578125 0.472754162109375 0.568178056640625 0.31717529296875 0.513000419921875 0.282172921875 0.38515957421875 0.416218244140625 0.36310880859375 0.440628970703125
3 0.59257491015625 0.75906292578125 0.577151978515625 0.75502832421875 0.535674865234375 0.764026166015625 0.4410551015625 0.940505546875 0.49785701171875 0.9486533203125 0.59257491015625 0.75906292578125
3 0.465114931640625 0.644871134765625 0.510074833984375 0.67712715625 0.642000443359375 0.522036333984375 0.63235480078125 0.506381693359375 0.58729171484375 0.48805530859375 0.465114931640625 0.644871134765625
3 0.625561779296875 0.636020798828125 0.659176365234375 0.62519401953125 0.6978890078125 0.516728431640625 0.677022 0.467234716796875 0.668837326171875 0.50202398828125 0.678960091796875 0.51319293359375 0.614047533203125 0.615881333984375 0.625561779296875 0.636020798828125
3 0.736722029296875 0.391874431640625 0.713479060546875 0.380274619140625 0.675501869140625 0.3895920078125 0.66404225 0.362077826171875 0.637779599609375 0.364494634765625 0.651974642578125 0.41650475 0.69433265234375 0.406237947265625 0.709822060546875 0.480328998046875 0.796913724609375 0.50028760546875 0.8047053671875 0.4652291484375 0.752211439453125 0.465964908203125 0.736722029296875 0.391874431640625
3 0.600828181640625 0.2353326171875 0.75419212890625 0.22015067578125 0.745573177734375 0.181070865234375 0.59380905859375 0.19867511328125 0.600828181640625 0.2353326171875
3 0.754167400390625 0.398730625 0.8139019765625 0.405983330078125 0.786833591796875 0.3191169609375 0.744486705078125 0.327744779296875 0.754167400390625 0.398730625
3 0.8361545138888888 0.3413556134259259 0.08269675925925934 0.09227430555555549