4 0.6591796875 0.2880859375 0.0673828125 0.0859375
2 0.755859375 0.32421875 0.130859375 0.07421875
3 0.630913541015625 0.433857408203125 0.63890625 0.4286481484375 0.638640103515625 0.422018517578125 0.617325521484375 0.41302037109375 0.625318228515625 0.39502407421875 0.624252603515625 0.367557408203125 0.563240625 0.34529907421875 0.56430625 0.310728703125 0.560309896484375 0.309781482421875 0.559777083984375 0.301257408203125 0.547521353515625 0.298415740234375 0.5483671875 0.301792591796875 0.5483203125 0.314043517578125 0.55498125 0.316411111328125 0.556046875 0.36187407421875 0.614927603515625 0.383185185546875 0.614927603515625 0.3931305546875 0.607734375 0.412546296875 0.607734375 0.423438888671875 0.630913541015625 0.433857408203125
3 0.746258333984375 0.47695277734375 0.752119791015625 0.48595 0.7646421875 0.488318517578125 0.767040103515625 0.4779 0.757182291015625 0.474584259765625 0.769970833984375 0.449959259765625 0.770236978515625 0.407337037109375 0.76730625 0.398339814453125 0.76730625 0.37987037109375 0.7822265625 0.381290740234375 0.781254166015625 0.36792962890625 0.769704166015625 0.364715740234375 0.76730625 0.36897777734375 0.761178646484375 0.3694518515625 0.753452083984375 0.380343517578125 0.7574484375 0.403075 0.75798125 0.448064814453125 0.746258333984375 0.47695277734375
3 0.539243228515625 0.497789814453125 0.553097396484375 0.499684259765625 0.554163021484375 0.48689722265625 0.644216146484375 0.440961111328125 0.657271353515625 0.447117591796875 0.667415103515625 0.442664814453125 0.659669271484375 0.431015740234375 0.652741666015625 0.43527777734375 0.640219791015625 0.430068517578125 0.542440103515625 0.481214814453125 0.53844375 0.47884722265625 0.5317828125 0.487371296875 0.539243228515625 0.497789814453125
3 0.510832291015625 0.47415277734375 0.522821353515625 0.48362407421875 0.5253015625 0.47375 0.506302603515625 0.462787037109375 0.379748958984375 0.523403703125 0.378949478515625 0.545188888671875 0.388274478515625 0.550871296875 0.394402603515625 0.548503703125 0.3941359375 0.538085185546875 0.388541146484375 0.531928703125 0.510832291015625 0.47415277734375
3 0.524886978515625 0.624275 0.524886978515625 0.642271296875 0.520091146484375 0.647953703125 0.538741666015625 0.668790740234375 0.545402083984375 0.663108333984375 0.545391146484375 0.64835277734375 0.53634375 0.637535185546875 0.662897396484375 0.55655462890625 0.665028646484375 0.562237037109375 0.678350521484375 0.572182408203125 0.6818140625 0.569340740234375 0.681547396484375 0.555607408203125 0.655170833984375 0.5414 0.524886978515625 0.624275
3 0.5392 0.384557408203125 0.531473958984375 0.386925 0.524280208984375 0.382662962890625 0.416670833984375 0.426792591796875 0.430230728515625 0.4347555546875 0.4350265625 0.433808333984375 0.435825521484375 0.424337037109375 0.524813021484375 0.392607408203125 0.534670833984375 0.39544907421875 0.5437296875 0.394028703125 0.5458609375 0.389292591796875 0.5392 0.384557408203125
3 0.23669375 0.662341666015625 0.245219271484375 0.65807962890625 0.245752603515625 0.639136111328125 0.410405728515625 0.55957592578125 0.413869271484375 0.56904722265625 0.419275 0.564358333984375 0.405343228515625 0.545842591796875 0.236427083984375 0.6282444453125 0.2350953125 0.632506482421875 0.232430728515625 0.630138888671875 0.223105728515625 0.633453703125 0.223638541015625 0.648607408203125 0.23669375 0.662341666015625
3 0.140779166015625 0.527846296875 0.1429109375 0.545842591796875 0.150673958984375 0.5504694453125 0.156765103515625 0.548684259765625 0.156765103515625 0.53495 0.302768228515625 0.4776481484375 0.305698958984375 0.48427777734375 0.310228125 0.48380462890625 0.306231771484375 0.47007037109375 0.298505208984375 0.46722962890625 0.140779166015625 0.527846296875
1 0.376569271484375 0.555313888671875 0.246283853515625 0.61594537109375 0.378378646484375 0.76652777734375 0.522516666015625 0.66944537109375 0.376569271484375 0.555313888671875
1 0.242563541015625 0.612638888671875 0.371274478515625 0.552946296875 0.276159375 0.47527962890625 0.163459896484375 0.519796296875 0.242563541015625 0.612638888671875
1 0.515681771484375 0.48617222265625 0.416298958984375 0.535257408203125 0.564095833984375 0.639610185546875 0.6653390625 0.5699944453125 0.515681771484375 0.48617222265625
1 0.411090625 0.53327407421875 0.509974478515625 0.484832408203125 0.402070833984375 0.425635185546875 0.312284375 0.4616268515625 0.411090625 0.53327407421875
1 0.546134896484375 0.47375 0.698746875 0.552764814453125 0.769883333984375 0.498303703125 0.62228125 0.43484537109375 0.546134896484375 0.47375
1 0.5401828125 0.471765740234375 0.616952603515625 0.4338981484375 0.5109140625 0.387487962890625 0.4322625 0.4173805546875 0.5401828125 0.471765740234375