1 0.766876443359375 0.427048701171875 0.60769409765625 0.21618837109375 0.528768259765625 0.360736779296875 0.649761 0.571175537109375 0.766876443359375 0.427048701171875
1 0.52568423828125 0.356883279296875 0.60537496875 0.210704865234375 0.499978126953125 0.067660771484375 0.439424677734375 0.20243341796875 0.52568423828125 0.356883279296875
1 0.61388617578125 0.61637798046875 0.503443259765625 0.4087594921875 0.443492486328125 0.512041392578125 0.531410765625 0.718576794921875 0.61388617578125 0.61637798046875
1 0.443302791015625 0.508840275390625 0.501057921875 0.40215866796875 0.4225774296875 0.255478525390625 0.375311130859375 0.349430337890625 0.443302791015625 0.508840275390625
1 0.51062596484375 0.753365052734375 0.426100193359375 0.55062232421875 0.380614638671875 0.631684494140625 0.441581916015625 0.81714292578125 0.51062596484375 0.753365052734375
1 0.380140431640625 0.623682259765625 0.425504291015625 0.54056645703125 0.359413169921875 0.3943999609375 0.329515787109375 0.4681876796875 0.380140431640625 0.623682259765625
3 0.54752428515625 0.074827154296875 0.543206412109375 0.050169236328125 0.50633673828125 0.05448893359375 0.423194796875 0.241801923828125 0.406681279296875 0.252289359375 0.41602816015625 0.265449859375 0.432874494140625 0.26111714453125 0.455412833984375 0.25538142578125 0.45470155859375 0.2433786328125 0.523181234375 0.073681451171875 0.54752428515625 0.074827154296875
3 0.521351703125 0.717492900390625 0.6474831015625 0.580925390625 0.63438737109375 0.5527092109375 0.58352012109375 0.537688767578125 0.560553177734375 0.55974804296875 0.5910158359375 0.56780023828125 0.506737697265625 0.68775052734375 0.46413148828125 0.687623533203125 0.45031792578125 0.699504716796875 0.481160939453125 0.713958537109375 0.521351703125 0.717492900390625
3 0.436184501953125 0.50920937109375 0.5071299609375 0.381122244140625 0.532517111328125 0.3757924609375 0.531284220703125 0.35498743359375 0.498543607421875 0.33260630859375 0.4743428125 0.3338611640625 0.482076626953125 0.367973697265625 0.4090913125 0.48573295703125 0.382498498046875 0.487879556640625 0.38892384765625 0.5068440546875 0.4193865390625 0.514896806640625 0.436184501953125 0.50920937109375
3 0.465412546875 0.568694671875 0.44638590625 0.53677316796875 0.4254597890625 0.54508203125 0.416253267578125 0.558401541015625 0.367754166015625 0.655627666015625 0.390374205078125 0.6880857265625 0.397315939453125 0.67255529296875 0.389344150390625 0.658521595703125 0.442731052734375 0.5714762265625 0.465412546875 0.568694671875
3 0.275892775390625 0.551231880859375 0.29771708203125 0.630363998046875 0.330553478515625 0.63026684765625 0.348632677734375 0.622105603515625 0.368703451171875 0.647552181640625 0.38184840234375 0.628409568359375 0.365763529296875 0.5979410078125 0.323815453125 0.612958224609375 0.295965361328125 0.52851966796875 0.247612205078125 0.53182988671875 0.244657716796875 0.517441890625 0.211217609375 0.52007186328125 0.20727824609375 0.549973802734375 0.275892775390625 0.551231880859375
3 0.254296326171875 0.69281381640625 0.28058532421875 0.678607990234375 0.274181060546875 0.618742251953125 0.222055419921875 0.60715323828125 0.23038375390625 0.626631552734375 0.23778375 0.679222416015625 0.254296326171875 0.69281381640625
4 0.1984230324074074 0.6705078124999999 0.08391203703703703 0.10170717592592604
6 0.78789840234375 0.420340345703125 0.677378640625 0.555295904296875 0.58394232421875 0.66528686328125 0.466162017578125 0.7982109609375 0.488510654296875 0.813907125 0.532974634765625 0.769061775390625 0.57563583203125 0.717889119140625 0.606052951171875 0.70106130859375 0.6270274140625 0.669473607421875 0.641644171875 0.626978353515625 0.693178041015625 0.580963958984375 0.785759921875 0.480649041015625 0.86154565234375 0.337862767578125 0.84014720703125 0.290011720703125 0.811865697265625 0.2946885625 0.825624359375 0.358186373046875 0.78789840234375 0.420340345703125
5 0.552289529296875 0.733546716796875 0.4800173046875 0.815149978515625 0.49463134375 0.844892908203125 0.527184138671875 0.81591524609375 0.68548897265625 0.643968396484375 0.792402193359375 0.5204365 0.827328671875 0.459230705078125 0.831870611328125 0.432076984375 0.809345228515625 0.444913111328125 0.697829677734375 0.563064759765625 0.552289529296875 0.733546716796875