5 0.40885535546875 0.518320111328125 0.36301883203125 0.5359179765625 0.32003148046875 0.54214835546875 0.288006185546875 0.5323098203125 0.285815943359375 0.499199412109375 0.3250702578125 0.47345844140625 0.36557698828125 0.453718181640625 0.371431685546875 0.420429521484375 0.344747353515625 0.411979171875 0.306979046875 0.427890345703125 0.301347712890625 0.44610216015625 0.254136861328125 0.46599140234375 0.22543044140625 0.503556109375 0.242147322265625 0.551415580078125 0.279368388671875 0.572442826171875 0.338368388671875 0.57113171484375 0.385400552734375 0.563304052734375 0.451417380859375 0.540736068359375 0.47826923828125 0.537878525390625 0.5044902109375 0.531230466796875 0.5002147578125 0.50423229296875 0.464044142578125 0.502775251953125 0.40885535546875 0.518320111328125
5 0.61590102734375 0.386359458984375 0.6344054609375 0.404034923828125 0.615409619140625 0.419529458984375 0.588267392578125 0.441987001953125 0.625600140625 0.455475826171875 0.659491166015625 0.429853515625 0.669402775390625 0.394213869140625 0.64293063671875 0.371440359375 0.59214404296875 0.36126477734375 0.523613080078125 0.37258498828125 0.486044869140625 0.374926708984375 0.461830927734375 0.380739900390625 0.48009754296875 0.40865517578125 0.536664876953125 0.3964101640625 0.579740640625 0.384148751953125 0.61590102734375 0.386359458984375
5 0.66213035546875 0.6136748359375 0.69720584375 0.5985769375 0.7023457734375 0.613535123046875 0.67936097265625 0.62685694140625 0.64421847265625 0.646477994140625 0.6533026953125 0.6666236328125 0.696357056640625 0.655870095703125 0.72345461328125 0.636427818359375 0.73852849609375 0.614237935546875 0.73220316015625 0.5887558828125 0.70023370703125 0.575147873046875 0.654575873046875 0.58068416015625 0.59656024609375 0.606089138671875 0.569596708984375 0.6164851015625 0.57780593359375 0.636934302734375 0.61226018359375 0.63211630078125 0.637915466796875 0.619488576171875 0.66213035546875 0.6136748359375
5 0.48305399609375 0.757825517578125 0.448055751953125 0.767646068359375 0.43348444140625 0.755912267578125 0.44444650390625 0.73984282421875 0.4646938203125 0.730349546875 0.46768911328125 0.7091820390625 0.43695996875 0.70232896875 0.391034095703125 0.725957888671875 0.383815302734375 0.7607842578125 0.41557255859375 0.78871542578125 0.453107275390625 0.7886347578125 0.4841258515625 0.77588784765625 0.5312259609375 0.7635370078125 0.56360863671875 0.749252384765625 0.596986083984375 0.732266013671875 0.58165453125 0.7074034375 0.530353259765625 0.731905244140625 0.48305399609375 0.757825517578125
5 0.5829606796875 0.91063115625 0.550053228515625 0.92015480078125 0.5388666640625 0.921240484375 0.54729098828125 0.905562587890625 0.564517013671875 0.89889975 0.576690876953125 0.8814638203125 0.579702240234375 0.8793033828125 0.56557876953125 0.87752371484375 0.5296599609375 0.8892072734375 0.508298775390625 0.923594482421875 0.511030931640625 0.940280357421875 0.531007720703125 0.949047607421875 0.564635673828125 0.941182662109375 0.5983691015625 0.926198244140625 0.62695015234375 0.90714180859375 0.65625791015625 0.889325126953125 0.673564599609375 0.877217552734375 0.660610328125 0.86367892578125 0.646840251953125 0.871531388671875 0.632524439453125 0.882734880859375 0.604079888671875 0.8925776328125 0.5829606796875 0.91063115625
5 0.75426008984375 0.75861541796875 0.7616040546875 0.76556934765625 0.74570640234375 0.7830885546875 0.71415122265625 0.8017922734375 0.723550267578125 0.820842326171875 0.742260724609375 0.814565310546875 0.76551567578125 0.803163171875 0.78590817578125 0.78386989453125 0.789248380859375 0.75951261328125 0.77538550390625 0.7401429453125 0.74705883984375 0.742028330078125 0.71033359765625 0.757916849609375 0.6697896328125 0.78017026953125 0.650973703125 0.7935667578125 0.658346302734375 0.80585355859375 0.68976023046875 0.7893554140625 0.719751263671875 0.7757100625 0.75426008984375 0.75861541796875
5 0.785759873046875 0.894402052734375 0.801565392578125 0.883164931640625 0.802962015625 0.88941445703125 0.784102654296875 0.905742525390625 0.761493748046875 0.923829154296875 0.76349919921875 0.93927527734375 0.79196236328125 0.928176208984375 0.814614701171875 0.907158001953125 0.829004033203125 0.890928740234375 0.827725287109375 0.87672237109375 0.815943248046875 0.867773544921875 0.7958724453125 0.865288947265625 0.759091369140625 0.884946416015625 0.729727767578125 0.906532572265625 0.71537566796875 0.92024867578125 0.715785119140625 0.93026680078125 0.73240408203125 0.926987923828125 0.7624127890625 0.912086275390625 0.785759873046875 0.894402052734375
7 0.5227285879629631 0.6951822916666667 0.015740740740740833 0.008159722222222276
7 0.5293185763888888 0.7116319444444444 0.017693865740740833 0.008203125000000089
7 0.5414279513888889 0.6850043402777777 0.019704861111111027 0.012152777777777679
7 0.5509476273148148 0.7013888888888888 0.01775173611111125 0.012109375000000089
7 0.619068287037037 0.6500868055555555 0.01576967592592604 0.010112847222222276
7 0.6285879629629629 0.6664713541666667 0.01579861111111125 0.012065972222222054
7 0.6377242476851852 0.6428385416666667 0.01576967592592604 0.010112847222222276
7 0.6452907986111112 0.6592664930555556 0.01579861111111125 0.012065972222222054
7 0.6120225694444444 0.8620876736111112 0.015740740740740833 0.008159722222222054
7 0.6196614583333333 0.8736328125 0.011834490740740833 0.008072916666666652
7 0.6316984953703704 0.8518880208333334 0.013787615740740833 0.008116319444444464
7 0.635445601851852 0.8625434027777777 0.013816550925926041 0.010069444444444464
7 0.6957392939814815 0.8123914930555556 0.011834490740740833 0.008072916666666652
7 0.6984953703703705 0.8240451388888889 0.015740740740740833 0.008159722222222276
7 0.7122829861111111 0.8159288194444444 0.011834490740740833 0.008072916666666652
7 0.7075593171296297 0.8052951388888889 0.011863425925926041 0.010026041666666652