1 0.115006771484375 0.660111111328125 0.420121875 0.90940092578125 0.585733853515625 0.640221296875 0.297777083984375 0.499664814453125 0.115006771484375 0.660111111328125
1 0.000122396484375 0.479775 0 0.563312962890625 0.106261458984375 0.652425 0.288825 0.495687037109375 0.1090390625 0.405518517578125 0.000122396484375 0.479775
1 0.346886458984375 0.456128703125 0.622288021484375 0.5765731484375 0.702109896484375 0.436016666015625 0.459659896484375 0.364412962890625 0.346886458984375 0.456128703125
1 0.340636458984375 0.4542768515625 0.449961458984375 0.359108333984375 0.276143228515625 0.3073944453125 0.164243228515625 0.37767222265625 0.340636458984375 0.4542768515625
1 0.483531771484375 0.336566666015625 0.559386458984375 0.27279537109375 0.400725521484375 0.235789814453125 0.3141890625 0.292808333984375 0.483531771484375 0.336566666015625
1 0.492719791015625 0.333906482421875 0.7282203125 0.402866666015625 0.7737265625 0.323306482421875 0.563353646484375 0.2742444453125 0.492719791015625 0.333906482421875
7 0.3603515625 0.9638671875 0.0205078125 0.044921875
7 0.0966796875 0.7197265625 0.015625 0.03125
7 0.0595703125 0.68359375 0.015625 0.025390625
7 0.5849609375 0.60546875 0.017578125 0.029296875
7 0.3447265625 0.4951171875 0.01171875 0.025390625
7 0.3046875 0.4755859375 0.0126953125 0.02734375
7 0.1552734375 0.4033203125 0.009765625 0.0205078125
7 0.701171875 0.421875 0.01171875 0.017578125
7 0.4921875 0.3583984375 0.009765625 0.0166015625
7 0.4580078125 0.34765625 0.0107421875 0.015625
7 0.3115234375 0.3056640625 0.009765625 0.0185546875
4 0.6259765625 0.0634765625 0.087890625 0.08203125