5 0.58786316796875 0.595004521484375 0.673316873046875 0.60734684765625 0.71309670703125 0.556085009765625 0.75287654296875 0.436854421875 0.78971090625 0.437158333984375 0.816230453125 0.394971064453125 0.688050412109375 0.38267340234375 0.639430041015625 0.552161669921875 0.618949587890625 0.462176830078125 0.5775493828125 0.464651009765625 0.568709876953125 0.490041150390625 0.58786316796875 0.595004521484375
5 0.5775493828125 0.258256912109375 0.570183126953125 0.225537759765625 0.50240946484375 0.244474115234375 0.4670493828125 0.316196263671875 0.48767592578125 0.396205431640625 0.512723251953125 0.40218121484375 0.544875513671875 0.391334921875 0.52892901171875 0.34900038671875 0.51714300390625 0.3024522890625 0.524509259765625 0.27383348046875 0.5775493828125 0.258256912109375
5 0.366862140625 0.408338146484375 0.37570267578125 0.392894125 0.365388888671875 0.380243158203125 0.325609052734375 0.380113791015625 0.29319547265625 0.40109883203125 0.254888888671875 0.450615958984375 0.2165823046875 0.487699056640625 0.27698868359375 0.499868841796875 0.31030761328125 0.48741116796875 0.285828189453125 0.471991431640625 0.309402263671875 0.43826748046875 0.3270823046875 0.41318216015625 0.366862140625 0.408338146484375
6 1 0.20753118359375 0.8869506171875 0.249868783203125 0.7749773671875 0.28468652734375 0.704257201171875 0.29302202734375 0.618949587890625 0.332547201171875 0.634834361328125 0.359302638671875 0.6981872421875 0.34560163671875 0.827841564453125 0.306420732421875 0.902981482421875 0.28538987109375 0.97222839453125 0.265537505859375 1 0.25000292578125 1 0.20753118359375
6 0.514341564453125 0.456147814453125 0.563229423828125 0.439687099609375 0.569256171875 0.419737943359375 0.55050514453125 0.4212258515625 0.50831378515625 0.4380432109375 0.45138991796875 0.447444833984375 0.408528806640625 0.453752689453125 0.390581275390625 0.466022845703125 0.409198560546875 0.4782025859375 0.454737654296875 0.473997029296875 0.514341564453125 0.456147814453125
7 0.3779296875 0.5186197916666666 0.015625 0.012644675925925775
7 0.3681640625 0.4635344328703703 0.015625 0.010691550925925997
7 0.3642578125 0.4500940393518519 0.015625 0.010691550925925997
7 0.6181640625 0.4418836805555556 0.02734375 0.017245370370370328
7 0.58203125 0.43425925925925923 0.02734375 0.017245370370370328
7 0.5869140625 0.4544777199074074 0.02734375 0.017245370370370328
7 0.6123046875 0.42074652777777777 0.02734375 0.021151620370370328
7 0.5849609375 0.33935908564814815 0.02734375 0.017245370370370328
7 0.578125 0.31925636574074073 0.0234375 0.017013888888888884
7 0.5576171875 0.35465133101851853 0.0234375 0.017013888888888884
7 0.5498046875 0.3365596064814815 0.025390625 0.017129629629629606