7 0.8411458333333333 0.35286458333333337 0.03815104166666661 0.025911458333333304
7 0.8404513888888889 0.5875651041666667 0.04001736111111098 0.02408854166666652
7 0.37907986111111114 0.408984375 0.03211805555555558 0.021614583333333326
7 0.5196180555555555 0.5768229166666667 0.03211805555555558 0.021614583333333215
7 0.3497178819444444 0.43430989583333335 0.02430555555555558 0.021093750000000022
7 0.2755208333333333 0.11015625000000001 0.03211805555555558 0.021614583333333326
7 0.27408854166666663 0.18619791666666669 0.03211805555555558 0.021614583333333326
7 0.259765625 0.9466145833333333 0.03619791666666661 0.02578125000000009
4 0.568041326171875 0.416534837890625 0.536688841796875 0.404578224609375 0.334737076171875 0.425845806640625 0.328300482421875 0.601858037109375 0.38384546484375 0.59971597265625 0.397054771484375 0.583228181640625 0.42632241015625 0.5797160703125 0.43549884375 0.591590154296875 0.452113728515625 0.592043431640625 0.466677578125 0.57624553125 0.4972311484375 0.574988822265625 0.5077630703125 0.587553279296875 0.54384302734375 0.58670833984375 0.625110931640625 0.567243697265625 0.6310881875 0.619910466796875 0.783959380859375 0.611279990234375 0.7878713203125 0.3419434140625 0.642845927734375 0.355361287109375 0.625186287109375 0.409603849609375 0.568041326171875 0.416534837890625
6 0 0.921440154296875 0.118204115234375 0.93113465625 0.224220904296875 0.91626328515625 0.28296506640625 0.873328533203125 0.33344305078125 0.642094607421875 0.34950251953125 0.623855869140625 0.439216341796875 0.632701923828125 0.532162962890625 0.6311877421875 0.536359951171875 0.59952525 0.462644705078125 0.60460740625 0.416657822265625 0.610014328125 0.357185462890625 0.60695576171875 0.31356172265625 0.621569662109375 0.286028587890625 0.742021556640625 0.25974658203125 0.865511912109375 0.175975234375 0.910115140625 0.08024803125 0.9118146953125 0 0.905037912109375 0 0.921440154296875
6 0 0.200916025390625 0.06661235546875 0.189319431640625 0.129109763671875 0.18671387109375 0.18663641796875 0.17117311328125 0.220805421875 0.150946876953125 0.23745626953125 0.11940212890625 0.2047134921875 0.10753819921875 0.154799234375 0.1077444921875 0.094908466796875 0.11407833984375 0.052919486328125 0.12312080078125 0.054868095703125 0.151085544921875 0.16640839453125 0.127259978515625 0.209648501953125 0.121255978515625 0.210100529296875 0.142296015625 0.125529275390625 0.17368653125 0.00880759375 0.179907041015625 0 0.182667142578125 0 0.200916025390625