1 0.1247046875 0.270266666015625 0.035428125 0.415387962890625 0.112022916015625 0.4161268515625 0.185877083984375 0.272918517578125 0.1247046875 0.270266666015625
1 0.015636458984375 0.4468694453125 0.001614583984375 0.474471296875 0 0.636243517578125 0.0926265625 0.457233333984375 0.015636458984375 0.4468694453125
1 0.018772916015625 0.859012037109375 0.133656771484375 0.579225 0.046886458984375 0.57279537109375 0.000122396484375 0.665415740234375 0.000122396484375 0.857686111328125 0.018772916015625 0.859012037109375
1 0.158344791015625 0.3542768515625 0.071738541015625 0.527511111328125 0.15006875 0.536793517578125 0.230636978515625 0.367064814453125 0.158344791015625 0.3542768515625
1 0.237511458984375 0.206128703125 0.174686978515625 0.32065462890625 0.241827083984375 0.328610185546875 0.2985234375 0.20927037109375 0.237511458984375 0.206128703125
1 0.320844791015625 0.2079805546875 0.270175 0.333914814453125 0.331347396484375 0.337892591796875 0.370885416015625 0.20927037109375 0.320844791015625 0.2079805546875
1 0.385428125 0.2079805546875 0.344775521484375 0.333914814453125 0.419375521484375 0.3405444453125 0.4507078125 0.21722592578125 0.385428125 0.2079805546875
1 0.460428125 0.213536111328125 0.4290734375 0.332588888671875 0.502181771484375 0.343196296875 0.523815625 0.2132481484375 0.460428125 0.213536111328125
1 0.534386458984375 0.215387962890625 0.514117708984375 0.343196296875 0.591702083984375 0.34717407421875 0.599161978515625 0.2159 0.534386458984375 0.215387962890625
1 0.610428125 0.220943517578125 0.603638021484375 0.3405444453125 0.667794271484375 0.3405444453125 0.664809896484375 0.221203703125 0.610428125 0.220943517578125
1 0.688553125 0.220943517578125 0.692411978515625 0.34850092578125 0.771488541015625 0.35115277734375 0.753584375 0.223856482421875 0.688553125 0.220943517578125
1 0.766678125 0.22464722265625 0.783424478515625 0.35380462890625 0.8669765625 0.356456482421875 0.835644271484375 0.2225305546875 0.766678125 0.22464722265625
1 0.846886458984375 0.220943517578125 0.8774203125 0.3551305546875 0.962464583984375 0.359108333984375 0.9162125 0.223856482421875 0.846886458984375 0.220943517578125
1 0.999479166015625 0.471818517578125 0.969924478515625 0.3882805546875 0.887511458984375 0.391313888671875 0.934116666015625 0.58452962890625 0.999479166015625 0.5858555546875 0.999479166015625 0.471818517578125
1 0.999479166015625 0.946528703125 0.928136458984375 0.62835092578125 0.8229625 0.626961111328125 0.869960416015625 0.9398981484375 0.999479166015625 0.946528703125
1 0.789594791015625 0.383906482421875 0.816994271484375 0.58187777734375 0.919196353515625 0.583203703125 0.871452603515625 0.385628703125 0.789594791015625 0.383906482421875
1 0.694803125 0.38205462890625 0.702109896484375 0.5712694453125 0.801328125 0.5765731484375 0.776710416015625 0.38430277734375 0.694803125 0.38205462890625
1 0.705219791015625 0.615387962890625 0.720759896484375 0.929290740234375 0.847580208984375 0.9345944453125 0.805804166015625 0.621657408203125 0.705219791015625 0.615387962890625
1 0.602094791015625 0.37649907421875 0.591702083984375 0.565964814453125 0.68420625 0.564638888671875 0.683459896484375 0.38165092578125 0.602094791015625 0.37649907421875
1 0.512511458984375 0.37464722265625 0.484277603515625 0.558009259765625 0.582003646484375 0.559335185546875 0.590209896484375 0.380325 0.512511458984375 0.37464722265625
1 0.425011458984375 0.363536111328125 0.379091146484375 0.55005277734375 0.468611458984375 0.558009259765625 0.49994375 0.372368517578125 0.425011458984375 0.363536111328125
1 0.334386458984375 0.361684259765625 0.273905208984375 0.54740092578125 0.362679166015625 0.55005277734375 0.409677603515625 0.368390740234375 0.334386458984375 0.361684259765625
1 0.261222916015625 0.5487268515625 0.322928125 0.365387962890625 0.246303125 0.356456482421875 0.173941146484375 0.53944537109375 0.261222916015625 0.5487268515625
1 0.1463390625 0.87890277734375 0.244803125 0.58205462890625 0.158275 0.57259537109375 0.044136458984375 0.862989814453125 0.1463390625 0.87890277734375
1 0.260428125 0.583906482421875 0.162751041015625 0.87492407421875 0.281365103515625 0.886858333984375 0.3544734375 0.589833333984375 0.260428125 0.583906482421875
1 0.296886458984375 0.88205462890625 0.414899478515625 0.890836111328125 0.464135416015625 0.593811111328125 0.3679015625 0.588507408203125 0.296886458984375 0.88205462890625
1 0.477094791015625 0.602425 0.432057291015625 0.900118517578125 0.560369791015625 0.90277037109375 0.578273958984375 0.607071296875 0.477094791015625 0.602425
1 0.593761458984375 0.602425 0.575289583984375 0.9067481484375 0.683459896484375 0.921334259765625 0.6827140625 0.61104907421875 0.593761458984375 0.602425