6 0.8837890625 0.677734375 0.232421875 0.33984375
6 0.37163125 0.226508333984375 0.3089671875 0.300763888671875 0.294047396484375 0.333914814453125 0.2104953125 0.34452222265625 0.173941146484375 0.3829768515625 0.142608853515625 0.37767222265625 0.091134896484375 0.394911111328125 0.084386458984375 0.441313888671875 0.172448958984375 0.429387037109375 0.206765103515625 0.397562962890625 0.29703125 0.404192591796875 0.337315103515625 0.35115277734375 0.3984875 0.263636111328125 0.449961458984375 0.28352592578125 0.424597396484375 0.2132481484375 0.37163125 0.226508333984375
7 0.4091796875 0.5615234375 0.0361328125 0.0810546875
7 0.3466796875 0.54296875 0.03125 0.05859375
7 0.310546875 0.53125 0.02734375 0.05078125
7 0.4365234375 0.3544921875 0.025390625 0.0517578125
7 0.4033203125 0.326171875 0.0205078125 0.041015625
7 0.3603515625 0.3291015625 0.015625 0.03515625
7 0.125 0.4296875 0.0224609375 0.033203125
7 0.02734375 0.240234375 0.0341796875 0.0791015625
7 0.1220703125 0.1572265625 0.0380859375 0.05859375
7 0.150390625 0.109375 0.033203125 0.0654296875
7 0.25390625 0.1240234375 0.0302734375 0.095703125