5 0.3759765625 0.43359375 0.0771484375 0.1513671875
5 0.4189453125 0.650390625 0.0791015625 0.095703125
5 0.5927734375 0.6171875 0.0791015625 0.0654296875
5 0.466796875 0.923828125 0.109375 0.15234375
5 0.6640625 0.91796875 0.091796875 0.1455078125
7 0.517578125 0.943359375 0.0107421875 0.01953125
7 0.5107421875 0.912109375 0.0126953125 0.0185546875
7 0.52734375 0.90625 0.0126953125 0.01953125
7 0.5341796875 0.9375 0.0126953125 0.0166015625
7 0.6083984375 0.8798828125 0.0126953125 0.0205078125
7 0.615234375 0.9072265625 0.0126953125 0.0185546875
7 0.591796875 0.884765625 0.0107421875 0.01953125
7 0.599609375 0.9130859375 0.0126953125 0.0234375
6 0.55923125 0.8749444453125 0.552890103515625 0.817262962890625 0.527898958984375 0.761571296875 0.509621875 0.7270944453125 0.4935828125 0.676043517578125 0.496940103515625 0.614384259765625 0.486122916015625 0.56267037109375 0.463369791015625 0.524215740234375 0.447330728515625 0.48244722265625 0.430545833984375 0.461893517578125 0.413388021484375 0.460567591796875 0.411984896484375 0.481768517578125 0.431291666015625 0.488413888671875 0.462251041015625 0.5719518515625 0.480528125 0.608417591796875 0.4738140625 0.6607944453125 0.489106771484375 0.72974722265625 0.514097916015625 0.7807981484375 0.5443109375 0.890193517578125 0.55923125 0.8749444453125
6 0.554382291015625 0.5116194453125 0.539461978515625 0.463883333984375 0.531629166015625 0.481121296875 0.544683853515625 0.521563888671875 0.527153125 0.5281944453125 0.403316666015625 0.553387962890625 0.400705728515625 0.576593517578125 0.476425 0.57924537109375 0.627490103515625 0.51824907421875 0.649124478515625 0.564659259765625 0.673443228515625 0.56047222265625 0.678591146484375 0.54012777734375 0.651735416015625 0.544106482421875 0.612943228515625 0.455263888671875 0.600634375 0.452612037109375 0.617419271484375 0.5056518515625 0.55923125 0.521563888671875 0.554382291015625 0.5116194453125