5 0.443047134765625 0.280790740234375 0.425329427734375 0.144875 0.386164322265625 0.00232962890625 0.310534603515625 0.001802482421875 0.363784375 0.116697685546875 0.377772134765625 0.202887962890625 0.411472916015625 0.3155319453125 0.443047134765625 0.280790740234375
5 0.361919271484375 0.9769430546875 0.304104166015625 0.73660462890625 0.2509515625 0.50621157421875 0.213651302734375 0.3073106484375 0.165161458984375 0.18134027734375 0.16422890625 0.0868625 0.225773958984375 0.02719212890625 0.3042708203125 0.001758822265625 0.148376302734375 0.00067222265625 0.071911197265625 0.090177314453125 0.120401302734375 0.124985185546875 0.14557890625 0.24764027734375 0.1903390625 0.3338305546875 0.214583853515625 0.458143517578125 0.253748958984375 0.62223657421875 0.296644271484375 0.836055091796875 0.341404166015625 0.999537037109375 0.367514322265625 0.999537037109375 0.361919271484375 0.9769430546875
6 0.703215103515625 0.894067591796875 0.636075 0.6669893515625 0.556812240234375 0.461458796875 0.472886978515625 0.168080091796875 0.42253203125 0.07525972265625 0.407566666015625 0.095624537109375 0.439316927734375 0.2095180546875 0.482211978515625 0.366981017578125 0.559609896484375 0.57251157421875 0.584787240234375 0.69516712890625 0.641669791015625 0.847657408203125 0.636075 0.9852305546875 0.703215103515625 0.999537037109375 0.703215103515625 0.894067591796875
5 0.999739583984375 0.958710185546875 0.5885171875 0 0.562514583984375 0.009976388671875 0.977370572265625 0.999537037109375 0.999739583984375 0.9935180546875 0.999739583984375 0.958710185546875
5 0.614597916015625 0.00071712890625 0.999739583984375 0.89904027734375 0.999739583984375 0.8211375 0.63793984375 0 0.614597916015625 0.00071712890625
7 0.5126953125 0.611328125 0.033203125 0.068359375
7 0.5849609375 0.763671875 0.041015625 0.068359375
7 0.4453125 0.71875 0.029296875 0.046875
7 0.16796875 0.9423828125 0.0283203125 0.0458984375
7 0.8662109375 0.3779296875 0.029296875 0.046875
7 0.9619140625 0.302734375 0.0244140625 0.04296875
6 0.758232552734375 0 0.731785416015625 0.00071712890625 0.848685416015625 0.25592777734375 0.98016796875 0.507868982421875 0.999739583984375 0.549306482421875 0.996953125 0.466431482421875 0.929813021484375 0.3089680546875 0.858010416015625 0.194600462890625 0.7955328125 0.06697222265625 0.758232552734375 0
6 0.001316666015625 0.215994908203125 0 0.492951388671875 0.025286197265625 0.75317962890625 0.06538359375 0.995175462890625 0.125996353515625 0.999537037109375 0.027151041015625 0.466431482421875 0.026218490234375 0.3404606484375 0.001316666015625 0.215994908203125
3 0.417983333984375 0.005346759765625 0.785275259765625 0.999537037109375 0.903703125 0.999537037109375 0.50272734375 0 0.417983333984375 0.005346759765625