5 0.421961921875 0.47994632421875 0.414693580078125 0.50898278125 0.411569060546875 0.538493916015625 0.3868959609375 0.61192981640625 0.37833758203125 0.663779826171875 0.376902880859375 0.728341302734375 0.39988921484375 0.76783203125 0.4522092890625 0.7833905625 0.493276080078125 0.749884900390625 0.515020306640625 0.6971558359375 0.534929783203125 0.68996837890625 0.552324923828125 0.647785552734375 0.54308753515625 0.619098541015625 0.5066958984375 0.62738480859375 0.4851146953125 0.67277780859375 0.456973486328125 0.71714208203125 0.420776900390625 0.716625107421875 0.41002205859375 0.6821791015625 0.416834177734375 0.634840630859375 0.43607341796875 0.5837436015625 0.4530685078125 0.52254091015625 0.4514765 0.4830889296875 0.421961921875 0.47994632421875
5 0.532791865234375 0.30478301953125 0.504780498046875 0.3432784765625 0.51952575 0.383318609375 0.544077197265625 0.35237901171875 0.56101642578125 0.33073815625 0.5803389921875 0.34996155859375 0.582754916015625 0.3893596328125 0.569349607421875 0.43713662890625 0.555961912109375 0.499659013671875 0.58647875 0.51804201171875 0.592834357421875 0.4912465703125 0.595395228515625 0.450051671875 0.607772201171875 0.374505435546875 0.59664933984375 0.319572390625 0.57175372265625 0.291929263671875 0.532791865234375 0.30478301953125
5 0.35907987109375 0.234316494140625 0.33122277734375 0.2288474140625 0.30696421875 0.246581107421875 0.2857090859375 0.277300951171875 0.273952201171875 0.324969076171875 0.295975408203125 0.333756138671875 0.31742616796875 0.294233015625 0.33199025390625 0.2683553828125 0.348342572265625 0.27312538671875 0.331836576171875 0.312318857421875 0.32548037109375 0.339115361328125 0.31167501171875 0.3678724921875 0.306407119140625 0.40580419921875 0.328762203125 0.413617677734375 0.3401278046875 0.383557134765625 0.36790214453125 0.31870574609375 0.373955537109375 0.26848777734375 0.35907987109375 0.234316494140625
5 0.140474646484375 0.59172987109375 0.17100854296875 0.624857271484375 0.209081255859375 0.61499287109375 0.23491370703125 0.563456294921875 0.227422580078125 0.530257751953125 0.20428197265625 0.53473155859375 0.1939033515625 0.557400083984375 0.17633581640625 0.57029258984375 0.16350864453125 0.55503127734375 0.174245388671875 0.516221400390625 0.202582802734375 0.463053810546875 0.22936962890625 0.405592431640625 0.20218996484375 0.39024441796875 0.183619509765625 0.4276889765625 0.16800265625 0.46389309375 0.154499490234375 0.51607377734375 0.140563712890625 0.550699759765625 0.140474646484375 0.59172987109375
5 0 0.493332712890625 0.03061859765625 0.47272873828125 0.0433920234375 0.4328070703125 0.0414468046875 0.41747096875 0.03908491796875 0.420884865234375 0.02002349609375 0.435179337890625 0.0127392109375 0.4543851328125 0 0.461889591796875 0 0.493332712890625
5 0 0.440927240234375 0.00719903515625 0.41568539453125 0.026935828125 0.39157862890625 0.037696689453125 0.359930693359375 0.049944796875 0.34364837109375 0.05852951171875 0.328152501953125 0.04372925 0.314760927734375 0.030492720703125 0.3343635390625 0.01101465625 0.367406986328125 0 0.384494361328125 0 0.440927240234375
5 0.1935829921875 0.195699921875 0.172408197265625 0.18164579296875 0.145780490234375 0.186677412109375 0.124688404296875 0.210060166015625 0.112222923828125 0.236124251953125 0.105360388671875 0.25693066015625 0.1261858828125 0.266123931640625 0.146633716796875 0.23057376171875 0.165786265625 0.212204455078125 0.173388203125 0.21983722265625 0.154699357421875 0.25852451953125 0.13978141796875 0.29207832421875 0.12174473828125 0.327349076171875 0.135176623046875 0.33471083203125 0.149822244140625 0.313385552734375 0.174150857421875 0.267809388671875 0.191521208984375 0.22676791796875 0.1935829921875 0.195699921875
5 0 0.2678642734375 0.011683080078125 0.255036251953125 0.03528197265625 0.221718083984375 0.056772580078125 0.180401927734375 0.05405686328125 0.158605337890625 0.0442741875 0.146234830078125 0.028743669921875 0.145642490234375 0.01100133984375 0.162290072265625 0 0.1747146796875 0 0.2118923125 0.0125480390625 0.19555957421875 0.030398490234375 0.174020638671875 0.037230505859375 0.17519287890625 0.024945599609375 0.19310536328125 0.005612478515625 0.219626267578125 0 0.23121698046875 0 0.2678642734375
7 0.24309895833333334 0.46940104166666663 0.010112847222222221 0.01627604166666674
7 0.22471788194444445 0.46282552083333334 0.01019965277777779 0.02018229166666663
7 0.2533203125 0.4482421875 0.01215277777777779 0.020312499999999956
7 0.23500434027777778 0.43873697916666665 0.01215277777777779 0.020312499999999956
7 0.2913411458333333 0.3608723958333333 0.01215277777777779 0.020312499999999956
7 0.2739800347222222 0.35227864583333335 0.012109374999999978 0.018359374999999956
7 0.29958767361111116 0.3408203125 0.012065972222222276 0.016406249999999956
7 0.2821831597222222 0.33417968750000004 0.012065972222222276 0.016406249999999956
7 0.060763888888888895 0.38111979166666665 0.008159722222222221 0.016145833333333304
7 0.047287326388888884 0.37324218750000004 0.010112847222222221 0.01627604166666674
7 0.07196180555555556 0.3598958333333333 0.008159722222222221 0.016145833333333304
7 0.05939670138888889 0.3548828125 0.010112847222222221 0.01627604166666674
7 0.11551649305555556 0.28678385416666663 0.008116319444444464 0.014192708333333304
7 0.10190972222222222 0.284765625 0.010112847222222221 0.01627604166666674
7 0.11104600694444444 0.2685546875 0.008072916666666652 0.012239583333333304
7 0.12263454861111112 0.27363281250000004 0.010026041666666652 0.01236979166666674