7 0.1357421875 0.5319950810185186 0.03515625 0.021614583333333215
7 0.1298828125 0.3565610532407407 0.02734375 0.021151620370370328
7 0.4794921875 0.4940465856481482 0.03125 0.01942997685185177
7 0.5654296875 0.7164930555555555 0.03125 0.015523726851851993
7 0.56640625 0.6597945601851851 0.03125 0.017476851851851993
7 0.5537109375 0.0931640625 0.03515625 0.021614583333333326
7 0.8916015625 0.15224247685185185 0.0234375 0.017013888888888884
4 0.559509939453125 0.411284078125 0.51680417578125 0.39461087890625 0.5068399609375 0.3471901796875 0.34882604296875 0.358154525390625 0.330320080078125 0.37125396875 0.293308150390625 0.371846708984375 0.290461232421875 0.33600759375 0.170883697265625 0.339092552734375 0.17657753515625 0.545201509765625 0.290461232421875 0.530451169921875 0.2876133203125 0.50661434765625 0.5172773359375 0.4821833984375 0.50968687890625 0.44864437890625 0.5495457265625 0.435880138671875 0.559509939453125 0.411284078125
1 0.143835984375 0.55354342578125 0.15167875390625 0.99101162890625 0.53911633203125 0.968052365234375 0.531193837890625 0.508174359375 0.143835984375 0.55354342578125
1 0.123028435546875 0 0.13956560546875 0.336947322265625 0.529205765625 0.313878763671875 0.524817375 0 0.123028435546875 0
1 0.576593439453125 0.65112647265625 0.877118291015625 0.5994069765625 0.87838469140625 0.164336400390625 0.572322068359375 0.1616689765625 0.576593439453125 0.65112647265625
1 0.58086381640625 0.741293525390625 0.583288048828125 0.965434783203125 0.877099826171875 0.94802371484375 0.876961232421875 0.679737513671875 0.58086381640625 0.741293525390625
1 1 0.655200796875 0.916879720703125 0.671911080078125 0.915582001953125 0.9457432890625 1 0.940740740234375 1 0.655200796875
1 1 0.1640336015625 0.916820080078125 0.164459306640625 0.916879720703125 0.59146415234375 1 0.5776965703125 1 0.1640336015625
1 0.572984640625 0 0.576593439453125 0.0685951875 0.871154076171875 0.076855384765625 0.869850935546875 0 0.572984640625 0
1 0.913089123046875 0 0.914891650390625 0.07985012109375 1 0.08300380078125 1 0 0.913089123046875 0
3 1 0.58131614453125 0.728912525390625 0.627696802734375 0.72464115234375 0.639152716796875 0.761654076171875 0.685769970703125 0.781583498046875 0.69179064453125 1 0.64652028515625 1 0.58131614453125
3 0.595099404296875 0.1331130625 0.548122265625 0.137497451171875 0.565204771484375 0.1628907421875 0.686205765625 0.1541203125 0.691900595703125 0.1169744609375 0.83139264453125 0.108261896484375 0.847066599609375 0.08137329296875 0.5851341953125 0.073690185546875 0.595099404296875 0.1331130625
3 1 0.08949573046875 0.898314115234375 0.08713863671875 0.89689065625 0.10322634375 0.922513916015625 0.108109603515625 0.9182435390625 0.15957439453125 1 0.161381529296875 1 0.08949573046875
6 0.80578330078125 0.6583493203125 0.895467197265625 0.65303471875 0.881231609375 0.67788389453125 0.881231609375 0.697088365234375 0.905431412109375 0.68685206640625 0.931055666015625 0.651725771484375 0.9111262421875 0.635302865234375 0.851336978515625 0.634044814453125 0.771618291015625 0.648371119140625 0.650617296875 0.660342666015625 0.593675943359375 0.691723671875 0.59936978125 0.72099296484375 0.669123259765625 0.72246054296875 0.72748906640625 0.71180015234375 0.7260248515625 0.687690271484375 0.627840955078125 0.70250187109375 0.626417494140625 0.688982873046875 0.67054671875 0.67196445703125 0.80578330078125 0.6583493203125
6 0.59082803125 0.125364505859375 0.669123259765625 0.12312534765625 0.82001888671875 0.132587294921875 0.87838469140625 0.117926345703125 0.89689065625 0.072019638671875 0.86414910546875 0.07075876171875 0.85560735546875 0.10567276171875 0.82856063671875 0.11527720703125 0.767347912109375 0.113303509765625 0.67054671875 0.1046365234375 0.595099404296875 0.105906916015625 0.539580517578125 0.12840139453125 0.52249801171875 0.182225421875 0.518227634765625 0.25449468359375 0.518227634765625 0.310507533203125 0.492604373046875 0.321627623046875 0.4256978125 0.3207918984375 0.355944333984375 0.32972599609375 0.360219681640625 0.348473759765625 0.52392246484375 0.340576763671875 0.543851888671875 0.206565595703125 0.550969185546875 0.1613337734375 0.59082803125 0.125364505859375