3 0.355219271484375 0.799341666015625 0.355219271484375 0.762213888671875 0.2850953125 0.698565740234375 0.268761458984375 0.7079805546875 0.329855208984375 0.8126018515625 0.355219271484375 0.799341666015625
3 0.200051041015625 0.624309259765625 0.233621353515625 0.67469722265625 0.42534375 0.568617591796875 0.419375521484375 0.54209722265625 0.402217708984375 0.54209722265625 0.235858853515625 0.621657408203125 0.209386458984375 0.6005731484375 0.200051041015625 0.624309259765625
3 0.2985234375 0.461211111328125 0.144101041015625 0.520881482421875 0.136641146484375 0.540771296875 0.153053125 0.556683333984375 0.300015103515625 0.48375277734375 0.314594791015625 0.487610185546875 0.2985234375 0.461211111328125
3 0.369803125 0.52464722265625 0.3731234375 0.5487268515625 0.3969953125 0.554031482421875 0.3984875 0.532814814453125 0.5103875 0.4771231484375 0.523815625 0.489057408203125 0.529038021484375 0.467840740234375 0.502181771484375 0.455906482421875 0.369803125 0.52464722265625
3 0.521577603515625 0.6190055546875 0.514863541015625 0.6521555546875 0.531261458984375 0.665387962890625 0.546195833984375 0.661437962890625 0.550671875 0.64154722265625 0.662572396484375 0.567291666015625 0.681221875 0.57524722265625 0.68420625 0.5487268515625 0.658095833984375 0.535467591796875 0.521577603515625 0.6190055546875
3 0.644668228515625 0.44529907421875 0.654366146484375 0.451928703125 0.671886458984375 0.443165740234375 0.673016146484375 0.424082408203125 0.643176041015625 0.426735185546875 0.5439578125 0.471818517578125 0.534259896484375 0.4771231484375 0.532767708984375 0.489057408203125 0.558878125 0.503642591796875 0.644668228515625 0.44529907421875
3 0.553136458984375 0.3968694453125 0.555147916015625 0.37767222265625 0.534259896484375 0.369716666015625 0.414899478515625 0.41480092578125 0.422359375 0.438668517578125 0.4357875 0.436016666015625 0.524561458984375 0.400214814453125 0.553136458984375 0.3968694453125
3 0.630494271484375 0.3829768515625 0.6267640625 0.359108333984375 0.568576041015625 0.337892591796875 0.567083853515625 0.296786111328125 0.544803125 0.293165740234375 0.5521640625 0.364412962890625 0.608859896484375 0.390932408203125 0.6014 0.41745277734375 0.623033853515625 0.434690740234375 0.647652083984375 0.433364814453125 0.641684375 0.41480092578125 0.625271875 0.405518517578125 0.630494271484375 0.3829768515625
3 0.638671875 0.3291015625 0.0595703125 0.044921875
3 0.755219791015625 0.348721296875 0.741647916015625 0.479775 0.772980208984375 0.497012962890625 0.790884375 0.359108333984375 0.755219791015625 0.348721296875
4 0.66015625 0.28125 0.0703125 0.0732421875
2 0.828184375 0.332588888671875 0.822216146484375 0.303416666015625 0.715538021484375 0.27822222265625 0.6879359375 0.292808333984375 0.694803125 0.32649907421875 0.791630208984375 0.361760185546875 0.828184375 0.332588888671875