4 0.7323133680555556 0.40625 0.43819444444444455 0.22323495370370372
3 0.367472640625 0.660953638671875 0.09751204296875 0.64832637109375 0.073676552734375 0.710935396484375 0.32075657421875 0.7288867265625 0.367472640625 0.660953638671875
3 0.38493594140625 0.183495421875 0.518092248046875 0.164310595703125 0.456713392578125 0.088849234375 0.225422453125 0.13134349609375 0.2417966328125 0.164580935546875 0.380288595703125 0.1411173203125 0.38493594140625 0.183495421875
3 0.15373712890625 0.141586462890625 0.06048005078125 0.1570386484375 0.06911959765625 0.196014623046875 0.0091726640625 0.2063849453125 0.010401060546875 0.234023849609375 0.1391739453125 0.2180124609375 0.178902166015625 0.148266640625 0.15373712890625 0.141586462890625
7 0.5234375 0.6666666666666667 0.03585069444444455 0.01822916666666652
7 0.5268446180555555 0.7212818287037037 0.03203125000000018 0.01989293981481488
7 0.9473307291666666 0.482421875 0.03993055555555536 0.0224247685185186
7 0.9483072916666666 0.30598958333333337 0.03389756944444455 0.0180844907407407
7 0.5129991319444445 0.10112847222222222 0.03797743055555558 0.022280092592592587
7 0.18257378472222222 0.20594618055555555 0.02812500000000001 0.019603587962962965
1 0.492204078125 0.172442681640625 0.196974158203125 0.212954361328125 0.21358184375 0.64634003125 0.50968289453125 0.65896433984375 0.492204078125 0.172442681640625
1 0.551228875 0.516119041015625 0.5673301875 0.96126772265625 0.944693529296875 0.9333148828125 0.93676353125 0.507704857421875 0.551228875 0.516119041015625
1 0.541688537109375 0 0.546186140625 0.315834140625 0.929710482421875 0.286845732421875 0.930155537109375 0 0.541688537109375 0