1 0.5938376328125 0.995526384765625 0.679823533203125 0.81651105078125 0.647624841796875 0.73650992578125 0.54587735546875 0.920571609375 0.5938376328125 0.995526384765625
1 0.4697861640625 0.788014560546875 0.5265220703125 0.88721911328125 0.645662796875 0.7111874375 0.6027336953125 0.6037427265625 0.4697861640625 0.788014560546875
1 0.445287779296875 0.745158580078125 0.588963783203125 0.5588939765625 0.542367158203125 0.44398894140625 0.35769137890625 0.588933517578125 0.445287779296875 0.745158580078125
1 0.6836357734375 0.81569926953125 0.74105594921875 0.68328422265625 0.71761758203125 0.604620728515625 0.645988494140625 0.73343648046875 0.6836357734375 0.81569926953125
1 0.602450830078125 0.600760046875 0.64894915625 0.707859642578125 0.711391875 0.585884458984375 0.6902325546875 0.47607396484375 0.602450830078125 0.600760046875
1 0.592807544921875 0.557018365234375 0.683082255859375 0.442771927734375 0.661290861328125 0.3542938828125 0.551649080078125 0.4385900234375 0.592807544921875 0.557018365234375
7 0.6168475115740741 0.4158854166666667 0.031481481481481666 0.009895833333333326
7 0.6371021412037037 0.3927734375 0.027575231481481444 0.009635416666666674
7 0.6572410300925926 0.3735677083333333 0.02567997685185186 0.011458333333333348
7 0.7361328125 0.28684895833333335 0.015856481481481666 0.008854166666666607
7 0.7452980324074074 0.27473958333333337 0.017809606481481444 0.008984375000000044
7 0.7563585069444445 0.26471354166666666 0.023668981481481666 0.009375000000000022
7 0.5279586226851851 0.11347656249999999 0.045269097222222054 0.014713541666666663
7 0.558521412037037 0.10572916666666667 0.043315972222222054 0.014583333333333337
7 0.5861255787037036 0.09876302083333334 0.03757233796296289 0.01809895833333333
7 0.657103587962963 0.08098958333333334 0.025737847222222276 0.013411458333333348
7 0.6936993634259259 0.0677734375 0.047685185185185386 0.03046874999999999