3 0.621445453125 0.490877333984375 0.60956099609375 0.510018953125 0.611789998046875 0.516765232421875 0.6178793125 0.50615718359375 0.771773880859375 0.57365214453125 0.77244322265625 0.588712375 0.782312412109375 0.593689357421875 0.793244853515625 0.570514103515625 0.79290974609375 0.562949994140625 0.628436943359375 0.491886994140625 0.621445453125 0.490877333984375
3 0.720832576171875 0.41711110546875 0.7119978046875 0.4354085 0.71677034765625 0.438591484375 0.72073202734375 0.43221125390625 0.85588084375 0.477349248046875 0.856489341796875 0.491040451171875 0.865912201171875 0.494668396484375 0.87196151953125 0.4744427890625 0.871271369140625 0.46763205078125 0.726253322265625 0.417516119140625 0.720832576171875 0.41711110546875
3 0.50995069921875 0.440324431640625 0.52312227734375 0.432780560546875 0.636648419921875 0.477667546875 0.632271373046875 0.483383224609375 0.6320187109375 0.4950608125 0.63910146875 0.4981240078125 0.64996283203125 0.490699927734375 0.645970373046875 0.46987100390625 0.525594423828125 0.418929619140625 0.509139294921875 0.43076124609375 0.50995069921875 0.440324431640625
3 0.388361322265625 0.490541693359375 0.365573994140625 0.50750428515625 0.3654734453125 0.522604435546875 0.37068123046875 0.51821786328125 0.386457197265625 0.508479720703125 0.4983525234375 0.57746633203125 0.491017060546875 0.58607976953125 0.491473443359375 0.596348412109375 0.495506517578125 0.600255828125 0.5153303515625 0.5858827109375 0.5117270078125 0.565794443359375 0.399476662109375 0.497513291015625 0.388361322265625 0.490541693359375
3 0.39936276171875 0.39185464453125 0.384529169921875 0.39674033203125 0.373789001953125 0.4069034453125 0.384813568359375 0.411820521484375 0.39618210546875 0.407114501953125 0.481235650390625 0.445244767578125 0.482046513671875 0.45480798046875 0.4957709453125 0.44891233984375 0.50213868359375 0.437985138671875 0.492360763671875 0.43506169140625 0.39936276171875 0.39185464453125
3 0.28079358203125 0.41584196875 0.289052322265625 0.436683484375 0.28313553125 0.442479958984375 0.285192546875 0.45403778515625 0.2988712578125 0.449211021484375 0.30496061328125 0.438603927734375 0.292314234375 0.414558513671875 0.288989431640625 0.383168857421875 0.2932143671875 0.374030619140625 0.28825851171875 0.340667267578125 0.283546771484375 0.3388523515625 0.276848958984375 0.335769197265625 0.2638797890625 0.33918603125 0.2684314296875 0.35337898828125 0.280689677734375 0.35272325390625 0.28168366015625 0.366394470703125 0.27751961328125 0.37690269140625 0.28079358203125 0.41584196875
3 0.471989390625 0.315359455078125 0.414934318359375 0.334098892578125 0.4130103203125 0.360271029296875 0.420701576171875 0.3770254296875 0.401196763671875 0.389701275390625 0.407428953125 0.399670431640625 0.429689236328125 0.388223888671875 0.43118854296875 0.378539931640625 0.423051494140625 0.360436466796875 0.4230105234375 0.35083333203125 0.47438159375 0.334446890625 0.47976132421875 0.325247814453125 0.47959788671875 0.286833337890625 0.48573201953125 0.2836597578125 0.48425801953125 0.2701245859375 0.470589857421875 0.283869970703125 0.471989390625 0.315359455078125
4 0.362639154296875 0.2949561328125 0.406461263671875 0.282391568359375 0.40923637109375 0.249313443359375 0.399721822265625 0.22775130078125 0.3536184921875 0.230927587890625 0.344237376953125 0.262976068359375 0.362639154296875 0.2949561328125
2 0.227451365234375 0.292359654296875 0.229610779296875 0.314890568359375 0.256847326171875 0.32857323828125 0.348522509765625 0.3003565859375 0.3444609296875 0.276687234375 0.31512658984375 0.267915966796875 0.227451365234375 0.292359654296875
6 0.728378068359375 0.685033712890625 0.717577591796875 0.6938277734375 0.7270824375 0.7166629453125 0.68486018359375 0.70444340234375 0.628917666015625 0.68744655859375 0.575421458984375 0.660491470703125 0.524433291015625 0.6247123515625 0.47713410546875 0.58554722265625 0.447354509765625 0.575426865234375 0.420360849609375 0.56722127734375 0.404988884765625 0.542631099609375 0.35249135546875 0.50761633203125 0.304857634765625 0.4778380859375 0.264701634765625 0.4600217265625 0.237839484375 0.437400474609375 0.211372828125 0.4236778828125 0.2029421015625 0.407647916015625 0.198928126953125 0.36943309765625 0.2021186015625 0.3370195234375 0.206028671875 0.312115625 0.226962171875 0.30554146484375 0.227833150390625 0.2904013671875 0.211722490234375 0.2926089140625 0.187921884765625 0.304135326171875 0.188947021484375 0.344563392578125 0.188726287109375 0.40907112109375 0.19648898046875 0.436114125 0.228326087890625 0.457791326171875 0.25364795703125 0.48049340234375 0.284258787109375 0.4919418828125 0.320422150390625 0.515453990234375 0.356940572265625 0.538261595703125 0.380209818359375 0.55668238671875 0.39854015625 0.578373849609375 0.428806515625 0.599446408203125 0.4644122109375 0.601717685546875 0.50609867578125 0.636606935546875 0.5666928203125 0.680122005859375 0.65682313671875 0.72828037890625 0.714690384765625 0.745177419921875 0.7477821484375 0.725622255859375 0.76167348046875 0.733133126953125 0.775454853515625 0.71964346484375 0.74626261328125 0.705376111328125 0.728378068359375 0.685033712890625
5 0.533846486328125 0.651183951171875 0.49400584375 0.649132265625 0.4662515703125 0.623812912109375 0.448863607421875 0.59726899609375 0.38313851171875 0.561069646484375 0.349599689453125 0.5532034375 0.337327705078125 0.520219439453125 0.300565900390625 0.491935736328125 0.280726931640625 0.497080962890625 0.25458686328125 0.48455934375 0.240198330078125 0.464721759765625 0.234187646484375 0.416318166015625 0.232594986328125 0.37180203125 0.24236235546875 0.36580685546875 0.25099471875 0.351636494140625 0.230081091796875 0.349976544921875 0.229381326171875 0.334231802734375 0.247093154296875 0.333313412109375 0.2518948515625 0.311108599609375 0.235175693359375 0.299624943359375 0.22362515625 0.300223859375 0.218965021484375 0.316932611328125 0.217973083984375 0.35540699609375 0.20601645703125 0.338187673828125 0.198224115234375 0.336533451171875 0.206067484375 0.356710416015625 0.215451220703125 0.37680846484375 0.217195953125 0.42474620703125 0.22483773046875 0.475124453125 0.234434384765625 0.5000131328125 0.255327642578125 0.50990817578125 0.279238375 0.520889576171875 0.294254505859375 0.5201109609375 0.30145895703125 0.525912205078125 0.326476556640625 0.541768201171875 0.33790671484375 0.564504501953125 0.349255380859375 0.568032591796875 0.394924677734375 0.589112345703125 0.439356599609375 0.616312251953125 0.463088390625 0.646643767578125 0.51060041796875 0.673683962890625 0.551171744140625 0.692163919921875 0.615939990234375 0.734090375 0.64279905078125 0.7258818203125 0.641392802734375 0.7107428984375 0.584822494140625 0.688289888671875 0.533846486328125 0.651183951171875
1 0.64190511328125 0.6917884921875 0.768116525390625 0.550736078125 0.65192879296875 0.500524251953125 0.51002748828125 0.607371841796875 0.64190511328125 0.6917884921875
1 0.655333 0.498975560546875 0.77448316015625 0.54848950390625 0.848588404296875 0.462196443359375 0.745468509765625 0.425689041015625 0.655333 0.498975560546875
1 0.47309120703125 0.581236904296875 0.611449037109375 0.48124326171875 0.520526205078125 0.4415516640625 0.38125840234375 0.52081623046875 0.47309120703125 0.581236904296875
1 0.523251791015625 0.44209642578125 0.616330236328125 0.481948390625 0.711481408203125 0.413810986328125 0.629488677734375 0.38375605078125 0.523251791015625 0.44209642578125
1 0.349494298828125 0.507498640625 0.49115770703125 0.4299870234375 0.417256298828125 0.39969268359375 0.28184835546875 0.461604861328125 0.349494298828125 0.507498640625
1 0.4983878671875 0.427734001953125 0.597960546875 0.37174666015625 0.527323314453125 0.34938678515625 0.42371073046875 0.39729973828125 0.4983878671875 0.427734001953125