1 0.636339306640625 0.367467078125 0.481091552734375 0.672743064453125 0.638858013671875 0.84941916796875 0.9063856328125 0.51908424609375 0.636339306640625 0.367467078125
1 0.5458788671875 0.961138939453125 0.63063476953125 0.858924357421875 0.476667478515625 0.68220675 0.3772622578125 0.872971029296875 0.44150543359375 0.96809716796875 0.5458788671875 0.961138939453125
1 0.43112504296875 0.261955361328125 0.3483958125 0.51578861328125 0.43826418359375 0.625300263671875 0.57238716015625 0.334291673828125 0.43112504296875 0.261955361328125
1 0.282881041015625 0.70811455078125 0.3507740703125 0.81819664453125 0.436125373046875 0.6318441171875 0.342581189453125 0.526109421875 0.282881041015625 0.70811455078125
1 0.2141081171875 0.58510187890625 0.26935348828125 0.67004973828125 0.320716142578125 0.49318428515625 0.258132064453125 0.41966597265625 0.2141081171875 0.58510187890625
1 0.318138359375 0.19613781640625 0.259770568359375 0.41549353515625 0.31833455078125 0.48393266015625 0.398085634765625 0.237415626953125 0.318138359375 0.19613781640625
7 0.9556568287037037 0.5782552083333333 0.04181134259259256 0.024218749999999956
7 0.6995804398148148 0.8641927083333334 0.03182870370370372 0.017708333333333215
7 0.661060474537037 0.9047526041666667 0.02596932870370372 0.017317708333333348
7 0.6009476273148149 0.37102864583333334 0.03197337962962976 0.021614583333333326
7 0.4775752314814815 0.6247395833333333 0.02777777777777768 0.013541666666666785
7 0.45652488425925924 0.6670572916666666 0.02777777777777779 0.013541666666666785
7 0.3765914351851852 0.8263020833333333 0.01989293981481477 0.01106770833333326
7 0.4168836805555556 0.26445312499999996 0.01801215277777768 0.012890625000000044
7 0.3435329861111111 0.48268229166666665 0.01598668981481477 0.010807291666666607
7 0.3305121527777778 0.5186197916666666 0.01605902777777779 0.012760416666666607
7 0.28294994212962965 0.6718098958333334 0.01996527777777768 0.013020833333333481
4 0.04589843749999999 0.36516927083333334 0.0873119212962963 0.09544270833333335