1 0.117719791015625 0.6542768515625 0.423105728515625 0.91205277734375 0.584988021484375 0.6442 0.297777083984375 0.498338888671875 0.117719791015625 0.6542768515625
1 0.00086875 0.479775 0 0.564638888671875 0.108344791015625 0.648721296875 0.288079166015625 0.500990740234375 0.1142609375 0.40817037109375 0.00086875 0.479775
1 0.350011458984375 0.456128703125 0.624526041015625 0.579225 0.7065859375 0.44264722265625 0.458167708984375 0.359108333984375 0.350011458984375 0.456128703125
1 0.341678125 0.456128703125 0.449215625 0.359108333984375 0.273905208984375 0.306068517578125 0.164243228515625 0.380325 0.341678125 0.456128703125
1 0.490636458984375 0.335758333984375 0.723744271484375 0.404192591796875 0.7707421875 0.3219805546875 0.5626078125 0.271592591796875 0.490636458984375 0.335758333984375
1 0.482303125 0.335758333984375 0.561115625 0.272918517578125 0.397741666015625 0.237115740234375 0.3141890625 0.286178703125 0.482303125 0.335758333984375
7 0.3603515625 0.9609375 0.0205078125 0.0478515625
7 0.0966796875 0.71875 0.0146484375 0.0283203125
7 0.0595703125 0.6826171875 0.0166015625 0.0341796875
7 0.2333984375 0.9287109375 0.0146484375 0.0458984375
7 0.5849609375 0.603515625 0.015625 0.0205078125
7 0.3427734375 0.4931640625 0.013671875 0.0185546875
7 0.3037109375 0.4736328125 0.0146484375 0.0166015625
7 0.154296875 0.40234375 0.0107421875 0.0185546875
7 0.7001953125 0.4248046875 0.013671875 0.0224609375
7 0.494140625 0.3603515625 0.0126953125 0.0224609375
7 0.4580078125 0.3447265625 0.013671875 0.0224609375
7 0.3115234375 0.3056640625 0.0126953125 0.0185546875
7 0.759765625 0.1708984375 0.0126953125 0.0224609375
7 0.5869140625 0.1474609375 0.009765625 0.01953125
7 0.5556640625 0.142578125 0.0107421875 0.0205078125
7 0.453125 0.1298828125 0.009765625 0.0224609375
7 0.74609375 0.3037109375 0.009765625 0.0205078125
7 0.61328125 0.2744140625 0.009765625 0.021484375
7 0.5810546875 0.267578125 0.009765625 0.015625
7 0.1142578125 0.7900390625 0.017578125 0.0498046875