5 0.4364913046875 0.10228351171875 0.37051400390625 0.121185537109375 0.39606042578125 0.170655763671875 0.53506348046875 0.149780244140625 0.5463758984375 0.075970583984375 0.478307583984375 0.03893632421875 0.351323583984375 0.036912908203125 0.18009483203125 0.06604229296875 0.249460115234375 0.113038705078125 0.4353122578125 0.083329380859375 0.4364913046875 0.10228351171875
5 0 0.299401484375 0.162108833984375 0.293598203125 0.25482221875 0.24386433984375 0.160345580078125 0.21553834375 0.013942037109375 0.2432479140625 0.017198435546875 0.220520587890625 0.070196146484375 0.190813939453125 0.06668858984375 0.151566302734375 0 0.1567095625 0 0.299401484375
5 0.598238109375 0.41859836328125 0.650264671875 0.454444345703125 0.57384796484375 0.488158818359375 0.662285248046875 0.529982376953125 0.740414103515625 0.479168751953125 0.745650744140625 0.421314888671875 0.668784376953125 0.38691055078125 0.536136318359375 0.37298301953125 0.35260587890625 0.39495691015625 0.36124709765625 0.451082306640625 0.434454939453125 0.436817625 0.598238109375 0.41859836328125
5 0.734101634765625 0.90526028515625 0.676741314453125 0.93382365625 0.6937193203125 0.970354505859375 0.907024275390625 0.959905275390625 0.987145083984375 0.941780900390625 0.988202748046875 0.870388556640625 0.939676802734375 0.8253328515625 0.85837398046875 0.794701064453125 0.7154089296875 0.7873921171875 0.542378978515625 0.797311677734375 0.5890455546875 0.842016193359375 0.6899004453125 0.833900619140625 0.827093205078125 0.83668023828125 0.913876984375 0.891506685546875 0.88570794140625 0.920592130859375 0.734101634765625 0.90526028515625
5 0.083157548828125 0.597005439453125 0.167401150390625 0.626214248046875 0.285732779296875 0.62103405859375 0.385118294921875 0.6136303359375 0.36096941796875 0.5683653828125 0.232247958984375 0.585080630859375 0.146181935546875 0.58034561328125 0.121729576171875 0.555565783203125 0.145500599609375 0.5277959453125 0.13081594921875 0.502233423828125 0.074199142578125 0.5118504921875 0.056104322265625 0.550704654296875 0.083157548828125 0.597005439453125
6 0.53241258203125 0.821414728515625 0.529118244140625 0.748163328125 0.48695798828125 0.637580447265625 0.429596142578125 0.5677068515625 0.3449868359375 0.46464345703125 0.3426515 0.32665921875 0.299677912109375 0.270976220703125 0.199876611328125 0.1093658515625 0.18054051953125 0.034926173828125 0.16612780078125 0.012305763671875 0.10560421875 0.00782253515625 0.122330439453125 0.120848240234375 0.221426134765625 0.23154738671875 0.278253845703125 0.337474755859375 0.2823509140625 0.455081888671875 0.320986173828125 0.507982591796875 0.395702353515625 0.58898486328125 0.435603158203125 0.75354096484375 0.468988623046875 0.865114677734375 0.5127016953125 0.870813619140625 0.53241258203125 0.821414728515625
7 0.3021773726851852 0.12601273148148148 0.03547453703703707 0.024088541666666685
7 0.3144820601851852 0.1533203125 0.031481481481481444 0.017939814814814825
7 0.26687644675925926 0.13317418981481483 0.02372685185185186 0.021267361111111105
7 0.2762369791666667 0.16124131944444445 0.027575231481481444 0.017650462962962965
7 0.13247974537037036 0.1642795138888889 0.03153935185185186 0.021846064814814825
7 0.09716435185185185 0.1724175347222222 0.02567997685185186 0.02141203703703709
7 0.14383680555555556 0.18956163194444445 0.02763310185185186 0.021556712962962965
7 0.10855034722222223 0.1957465277777778 0.0236689814814815 0.01736111111111116
7 0.4769458912037037 0.47135416666666663 0.03153935185185186 0.02184606481481488
7 0.43091724537037035 0.47674334490740744 0.037456597222222276 0.02618634259259256
7 0.4950231481481482 0.504955150462963 0.03935185185185186 0.0224247685185186
7 0.4509620949074074 0.5095124421296297 0.04130497685185186 0.02256944444444442
7 0.27905815972222225 0.49873408564814814 0.027575231481481444 0.01765046296296302
7 0.29229600694444446 0.5290436921296295 0.043315972222222276 0.02662037037037024
7 0.24476273148148148 0.5040147569444444 0.03938078703703707 0.0243778935185186
7 0.2589916087962963 0.5334201388888888 0.039409722222222276 0.0263310185185186
7 0.6934678819444444 0.9019097222222223 0.04337384259259247 0.03052662037037024
7 0.640675636574074 0.9019097222222223 0.043315972222222054 0.02662037037037024
7 0.46368634259259256 0.9044415509259259 0.03547453703703707 0.02408854166666674
7 0.41774450231481486 0.9039713541666667 0.043315972222222276 0.02662037037037024