5 0.37109375 0.4296875 0.0751953125 0.166015625
5 0.4208984375 0.6513671875 0.095703125 0.1015625
5 0.5341796875 0.439453125 0.0595703125 0.056640625
5 0.580078125 0.6259765625 0.087890625 0.0576171875
5 0.4638671875 0.91015625 0.125 0.1552734375
5 0.6630859375 0.919921875 0.0947265625 0.146484375
6 0.514117708984375 0.730392591796875 0.495467708984375 0.67735277734375 0.5014359375 0.6150305546875 0.4850234375 0.54077407421875 0.456675521484375 0.485082408203125 0.444803125 0.489462037109375 0.458167708984375 0.5672944453125 0.476817708984375 0.640225 0.477563541015625 0.67735277734375 0.507403646484375 0.784759259765625 0.5357515625 0.860341666015625 0.551417708984375 0.860341666015625 0.537990103515625 0.7754768515625 0.514117708984375 0.730392591796875
7 0.509765625 0.9111328125 0.0107421875 0.0224609375
7 0.5166015625 0.9404296875 0.0126953125 0.0205078125
7 0.5263671875 0.9052734375 0.009765625 0.021484375
7 0.533203125 0.935546875 0.0126953125 0.021484375
7 0.58984375 0.880859375 0.0107421875 0.021484375
7 0.5986328125 0.91015625 0.01171875 0.0205078125
7 0.6064453125 0.876953125 0.013671875 0.0205078125
7 0.615234375 0.9033203125 0.0107421875 0.01953125