4 0.303152724609375 0.2632453125 0.30682122265625 0.287483619140625 0.321247333984375 0.297824703125 0.33852034375 0.297560140625 0.363991986328125 0.289491232421875 0.366284267578125 0.26728226953125 0.3730419296875 0.257306634765625 0.36139609765625 0.230339755859375 0.31166046875 0.23743144921875 0.303152724609375 0.2632453125
2 0.182464328125 0.30108987890625 0.176382060546875 0.309190072265625 0.177092076171875 0.326038205078125 0.2097999765625 0.34170123046875 0.305777837890625 0.311119693359375 0.302610640625 0.28763956640625 0.264407826171875 0.278555216796875 0.182464328125 0.30108987890625
3 0.230215564453125 0.39588856640625 0.233730599609375 0.435738173828125 0.2423227109375 0.459823345703125 0.23502100390625 0.469439240234375 0.242860564453125 0.477975888671875 0.25461156640625 0.470790330078125 0.253567482421875 0.455252603515625 0.24391734375 0.434841484375 0.243393458984375 0.3974781015625 0.24168909375 0.359638095703125 0.23774600390625 0.35459200390625 0.232207908203125 0.354797119140625 0.227728369140625 0.351328158203125 0.215900529296875 0.35592049609375 0.21603525 0.37029944921875 0.2195525234375 0.370842234375 0.23369676171875 0.365645640625 0.233421478515625 0.38590496484375 0.230215564453125 0.39588856640625
3 0.376491259765625 0.3790488203125 0.38241353515625 0.39180980859375 0.363268615234375 0.405499208984375 0.369988130859375 0.41563460546875 0.39652790625 0.40530524609375 0.394916123046875 0.390307947265625 0.38512812109375 0.375094068359375 0.386139619140625 0.359999609375 0.44616781640625 0.337527216796875 0.44559787890625 0.288741529296875 0.44079555859375 0.28424666015625 0.435319029296875 0.290391037109375 0.43791192578125 0.29525712890625 0.438174583984375 0.32380412890625 0.375860759765625 0.34791937890625 0.376491259765625 0.3790488203125
3 0.453385533203125 0.477493654296875 0.46275913671875 0.47870374609375 0.4729141953125 0.4669055078125 0.46923189453125 0.460810953125 0.46223665625 0.46107003515625 0.369006986328125 0.4167549921875 0.357270890625 0.414593595703125 0.3498155390625 0.419023994140625 0.34332653515625 0.416668259765625 0.33582524609375 0.4253225 0.34814413671875 0.431546826171875 0.359296724609375 0.42386496875 0.45247974609375 0.46662353515625 0.453385533203125 0.477493654296875
3 0.47800946484375 0.601901705078125 0.350046650390625 0.527720283203125 0.32511819140625 0.543181150390625 0.32613155859375 0.55768215625 0.330611599609375 0.561150154296875 0.332636 0.550690912109375 0.34213159375 0.54618589453125 0.355953990234375 0.549827283203125 0.474190732421875 0.62073500390625 0.466352046875 0.63192805078125 0.466229994140625 0.64750896875 0.475246154296875 0.647846203125 0.493459453125 0.630924072265625 0.485988291015625 0.6249707890625 0.485174275390625 0.607347875 0.47800946484375 0.601901705078125
3 0.61635290625 0.527721951171875 0.6234557265625 0.531093751953125 0.635083802734375 0.51975941796875 0.63009715625 0.499175578125 0.499158939453125 0.442757416015625 0.47990646484375 0.452816875 0.48399698046875 0.4618911171875 0.4948330078125 0.454340703125 0.62011017578125 0.50681426171875 0.616229515625 0.513707384765625 0.61635290625 0.527721951171875
3 0.781515720703125 0.63552818359375 0.79240708203125 0.619029943359375 0.79199215625 0.605026177734375 0.782802505859375 0.60017440234375 0.78027143359375 0.60338361328125 0.60390709375 0.52061057421875 0.596866205078125 0.52917894921875 0.5908223125 0.5418637265625 0.595648548828125 0.544770279296875 0.599996154296875 0.5363318203125 0.770867521484375 0.611000705078125 0.77154367578125 0.63382085546875 0.781515720703125 0.63552818359375
3 0.699507443359375 0.454244833984375 0.704247771484375 0.456665330078125 0.708420466796875 0.44976044921875 0.856141578125 0.501403693359375 0.856847482421875 0.5153957421875 0.864472435546875 0.516671541015625 0.869871765625 0.50193303125 0.87296385546875 0.498243966796875 0.711841076171875 0.437172830078125 0.70412437890625 0.442650767578125 0.699507443359375 0.454244833984375
6 0.71364348828125 0.75424939453125 0.73231615625 0.776338904296875 0.69719098046875 0.775108814453125 0.634742359375 0.74789123828125 0.574013625 0.71470330078125 0.5228572890625 0.68453646875 0.471850412109375 0.643396333984375 0.4426572265625 0.6183217734375 0.38684021484375 0.606889337890625 0.343536494140625 0.5696822734375 0.307911494140625 0.535565509765625 0.273832369140625 0.521640619140625 0.24291926953125 0.502535478515625 0.214574212890625 0.4900855625 0.182464345703125 0.462588947265625 0.15603896875 0.45091160546875 0.148733498046875 0.4284010859375 0.14125233984375 0.383961541015625 0.14638614453125 0.349177921875 0.138234412109375 0.346105140625 0.131755275390625 0.399500365234375 0.144572283203125 0.463992357421875 0.183936759765625 0.496283271484375 0.213902744140625 0.515422546875 0.25059932421875 0.53768818359375 0.287021173828125 0.550681689453125 0.303126328125 0.56611595703125 0.342365953125 0.594193126953125 0.359169412109375 0.617195544921875 0.392176958984375 0.642971564453125 0.4119202578125 0.637178283203125 0.449489546875 0.65688057421875 0.50643028125 0.70623862109375 0.579649513671875 0.760899482421875 0.64696005078125 0.79215630078125 0.73092180078125 0.809295734375 0.7506397109375 0.786628021484375 0.7795535546875 0.79560676171875 0.75270740234375 0.76039659375 0.723689009765625 0.741221279296875 0.71364348828125 0.75424939453125
5 0.158524353515625 0.35379134765625 0.14044958203125 0.335899005859375 0.143766765625 0.36783765625 0.164259732421875 0.387327787109375 0.16363859375 0.43038101171875 0.165336662109375 0.4876908046875 0.184758998046875 0.535063724609375 0.21218140625 0.548391486328125 0.251395671875 0.559595166015625 0.2797411171875 0.588075822265625 0.32810559765625 0.620033404296875 0.416581880859375 0.677504828125 0.492592970703125 0.730374939453125 0.593160255859375 0.795836234375 0.630703626953125 0.798664111328125 0.63678546875 0.779877078125 0.614816498046875 0.766347337890625 0.555059326171875 0.733968033203125 0.50766796484375 0.70281808203125 0.48007112890625 0.699620873046875 0.440881470703125 0.673230146484375 0.405131060546875 0.634898712890625 0.35307757421875 0.606452458984375 0.307456462890625 0.587049328125 0.2861403359375 0.55577730078125 0.24360980859375 0.528665693359375 0.22177203515625 0.527787150390625 0.19806360546875 0.5117908125 0.18644523046875 0.4877526796875 0.182503759765625 0.43474434765625 0.18307495703125 0.390005623046875 0.199652734375 0.3893916328125 0.203690044921875 0.365618275390625 0.17729055859375 0.370814408203125 0.172876853515625 0.349885076171875 0.187061015625 0.33248530859375 0.192432568359375 0.3094977265625 0.176420654296875 0.30166155859375 0.166175732421875 0.323977474609375 0.158524353515625 0.35379134765625
1 0.636312310546875 0.75282444140625 0.75035077734375 0.60710105078125 0.616091927734375 0.539829625 0.48111514453125 0.657324962890625 0.636312310546875 0.75282444140625
1 0.770388693359375 0.5836136328125 0.84066340625 0.496922455078125 0.72477830078125 0.45255663671875 0.640953748046875 0.52540908203125 0.770388693359375 0.5836136328125
1 0.43986476171875 0.630728705078125 0.593842640625 0.509205828125 0.491243240234375 0.465706310546875 0.335956169921875 0.55920452734375 0.43986476171875 0.630728705078125
1 0.595549091796875 0.507966193359375 0.695667267578125 0.430022310546875 0.60561459375 0.39959648046875 0.498190330078125 0.465449009765625 0.595549091796875 0.507966193359375
1 0.467377138671875 0.449715810546875 0.571790162109375 0.39062051171875 0.493930728515625 0.364359251953125 0.387303275390625 0.414432423828125 0.467377138671875 0.449715810546875
1 0.310162603515625 0.54216083203125 0.45010052734375 0.454828572265625 0.364800900390625 0.423140767578125 0.227761193359375 0.492339333984375 0.310162603515625 0.54216083203125