1 0.889719896484375 0.439958826171875 0.65483370703125 0.128306869140625 0.483994927734375 0.309317392578125 0.614444029296875 0.599761869140625 0.889719896484375 0.439958826171875
1 0.480410791015625 0.010675794921875 0.401671466796875 0.120546123046875 0.4819893046875 0.296509443359375 0.647927869140625 0.117670134765625 0.565684720703125 0.012570771484375 0.480410791015625 0.010675794921875
1 0.54463565625 0.63834000390625 0.437938474609375 0.3562155625 0.33588266015625 0.467780765625 0.404427794921875 0.7163076484375 0.54463565625 0.63834000390625
1 0.334977037109375 0.4595024453125 0.43645634375 0.34884433984375 0.3712039140625 0.172761880859375 0.293367587890625 0.28364766015625 0.334977037109375 0.4595024453125
1 0.371376052734375 0.735844138671875 0.307540716796875 0.49798695703125 0.239766642578125 0.57075273828125 0.280727279296875 0.78488219921875 0.371376052734375 0.735844138671875
1 0.242938796875 0.561063306640625 0.307920783203125 0.490657115234375 0.270088193359375 0.320668833984375 0.213613734375 0.405752482421875 0.242938796875 0.561063306640625
4 0.048752170138888884 0.5680338541666667 0.09750434027777777 0.07456597222222205
7 0.5751374421296296 0.5984157986111112 0.028153935185185164 0.01623263888888893
7 0.47832031249999996 0.35379774305555556 0.02404513888888893 0.012239583333333304
7 0.459837962962963 0.31427951388888886 0.024247685185185164 0.016145833333333304
7 0.3962962962962963 0.16328125 0.028052662037037046 0.014279513888888928
7 0.38752170138888886 0.7096137152777777 0.02209201388888893 0.012196180555555713
7 0.3319010416666667 0.5001302083333333 0.0200376157407407 0.010199652777777901
7 0.32493489583333335 0.46477864583333334 0.02013888888888893 0.01215277777777779
7 0.2885850694444444 0.31731770833333334 0.02013888888888893 0.01215277777777779
7 0.7167679398148148 0.11076388888888888 0.0400752314814814 0.02039930555555558
7 0.6835865162037037 0.07189670138888889 0.0400752314814814 0.020399305555555552
7 0.9510923032407408 0.38092447916666666 0.06196469907407387 0.02868923611111107
7 0.9205150462962963 0.2541232638888889 0.055497685185185164 0.016840277777777746
7 0.7851924189814814 0.1298828125 0.0576533564814814 0.020789930555555558
7 0.1294994212962963 0.7644965277777778 0.020037615740740755 0.010199652777777679
7 0.11214554398148147 0.5900824652777779 0.021889467592592582 0.008289930555555713
7 0.10883246527777778 0.5597005208333333 0.0240451388888889 0.012239583333333304
7 0.10541087962962964 0.45598958333333334 0.019936342592592582 0.00824652777777779