1 0 0.383108400390625 0.0728244453125 0.381114064453125 0.15160222265625 0.22536533984375 0.086351666015625 0.22495198828125 0 0.368586353515625 0 0.383108400390625
1 0 0.528485775390625 0.052135 0.425748916015625 0 0.4206583125 0 0.528485775390625
1 0 0.791539263671875 0.0959005546875 0.554316703125 0.0033455546875 0.5508830078125 0 0.557636359375 0 0.791539263671875
1 0.113406666015625 0.50838572265625 0.199346111328125 0.32406937890625 0.1222344453125 0.313278134765625 0.0298544453125 0.50157412109375 0.113406666015625 0.50838572265625
1 0.21128222265625 0.282588763671875 0.271758333984375 0.152990212890625 0.206678888671875 0.152047794921875 0.139666111328125 0.27675109375 0.21128222265625 0.282588763671875
1 0.3067705546875 0.28895828515625 0.3489444453125 0.150131466796875 0.29556777734375 0.1507318984375 0.24152 0.2871299140625 0.3067705546875 0.28895828515625
1 0.40066722265625 0.288310669921875 0.434088333984375 0.155468109375 0.364456666015625 0.148180458984375 0.321093888671875 0.284182732421875 0.40066722265625 0.288310669921875
1 0.488993888671875 0.2878693515625 0.51207 0.14833483984375 0.444456666015625 0.151146349609375 0.411011666015625 0.279437423828125 0.488993888671875 0.2878693515625
1 0.58448222265625 0.288577806640625 0.5924394453125 0.148188234375 0.5233455546875 0.15020082421875 0.5017255546875 0.28739780859375 0.58448222265625 0.288577806640625
1 0.66564722265625 0.278496595703125 0.662463888671875 0.151254814453125 0.604456666015625 0.1531255625 0.597213888671875 0.2810311640625 0.66564722265625 0.278496595703125
1 0.7762544453125 0.2857211796875 0.757156666015625 0.150578701171875 0.68779 0.150039142578125 0.691906111328125 0.28601515234375 0.7762544453125 0.2857211796875
1 0.878108333984375 0.287608892578125 0.84468722265625 0.14592180859375 0.771123333984375 0.150905291015625 0.788986111328125 0.28807967578125 0.878108333984375 0.287608892578125
1 0.97996222265625 0.28666656640625 0.930626666015625 0.14415388671875 0.856678888671875 0.143783998046875 0.889248333984375 0.285781279296875 0.97996222265625 0.28666656640625
1 1 0.351220068359375 0.9879194453125 0.317504263671875 0.90001222265625 0.3239972421875 0.9497244453125 0.528354666015625 1 0.52751298828125 1 0.351220068359375
1 1 0.826053578125 0.9433455546875 0.57535673046875 0.83116 0.57802855078125 0.881291111328125 0.910136267578125 1 0.911819802734375 1 0.826053578125
1 0.9338094453125 0.52752908984375 0.88288277734375 0.31856447265625 0.79556777734375 0.319960416015625 0.824793888671875 0.53015168359375 0.9338094453125 0.52752908984375
1 0.808083333984375 0.525109525390625 0.7818244453125 0.320892353515625 0.694456666015625 0.32172898828125 0.7022505546875 0.5233691796875 0.808083333984375 0.525109525390625
1 0.857418888671875 0.905360345703125 0.81285777734375 0.573046330078125 0.70556777734375 0.570329322265625 0.722143888671875 0.904710451171875 0.857418888671875 0.905360345703125
1 0.683153333984375 0.517000396484375 0.68235722265625 0.32174628515625 0.59556777734375 0.319462685546875 0.58448222265625 0.522069900390625 0.683153333984375 0.517000396484375
1 0.57413722265625 0.515377951171875 0.5828905546875 0.324015216796875 0.50001222265625 0.32102549609375 0.469896111328125 0.517823712890625 0.57413722265625 0.515377951171875
1 0.4531855546875 0.518442623046875 0.486606666015625 0.3190901796875 0.406678888671875 0.312624578125 0.35769722265625 0.51348812109375 0.4531855546875 0.518442623046875
1 0.340191111328125 0.51413649609375 0.39032277734375 0.31841119140625 0.31001222265625 0.314228541015625 0.245498888671875 0.514813576171875 0.340191111328125 0.51413649609375
1 0.216056666015625 0.31212932421875 0.1388705546875 0.510272654296875 0.231971111328125 0.516729623046875 0.29779 0.318633783203125 0.216056666015625 0.31212932421875
1 0.12216 0.546269033203125 0.00041222265625 0.860685326171875 0.109428333984375 0.87362990625 0.214456666015625 0.5529455 0.12216 0.546269033203125
1 0.253456111328125 0.876785662109375 0.331438333984375 0.556914228515625 0.231123333984375 0.554304501953125 0.1269344453125 0.868735484375 0.253456111328125 0.876785662109375
1 0.448411111328125 0.55682696484375 0.345761666015625 0.55496871484375 0.27001222265625 0.871045990234375 0.39589277734375 0.8757552890625 0.448411111328125 0.55682696484375
1 0.551061111328125 0.88274448046875 0.570158888671875 0.56646897265625 0.4622344453125 0.56550767578125 0.4141944453125 0.884983576171875 0.551061111328125 0.88274448046875
1 0.68235722265625 0.897692923828125 0.681561666015625 0.566588001953125 0.586678888671875 0.560898623046875 0.5669755546875 0.886400115234375 0.68235722265625 0.897692923828125