5 0.68058615234375 0.391975365234375 0.692764375 0.420656 0.6973833671875 0.441001080078125 0.687856400390625 0.44818200390625 0.6769597421875 0.4518628359375 0.662283494140625 0.4513763828125 0.64865987890625 0.463545158203125 0.652913572265625 0.476855865234375 0.675794888671875 0.482852787109375 0.696577623046875 0.471281828125 0.709405044921875 0.451382166015625 0.70999700390625 0.424623982421875 0.7022807265625 0.397989869140625 0.68856168359375 0.377778623046875 0.679194625 0.35750388671875 0.651397533203125 0.31779255859375 0.63905884765625 0.31656759375 0.635065912109375 0.336938017578125 0.640554146484375 0.345405509765625 0.644760203125 0.342527677734375 0.658479748046875 0.36273793359375 0.68058615234375 0.391975365234375
5 0.664753427734375 0.63647108984375 0.65685138671875 0.65207450390625 0.639946982421875 0.654436580078125 0.624807798828125 0.660291904296875 0.62892125 0.678532833984375 0.656690923828125 0.679530173828125 0.6787282578125 0.661604724609375 0.682516845703125 0.627760380859375 0.669729310546875 0.602609158203125 0.6421308125 0.589643318359375 0.608779908203125 0.580283083984375 0.587371505859375 0.572152701171875 0.573231685546875 0.566731138671875 0.572097111328125 0.590680853515625 0.57482835546875 0.593429369140625 0.6093011484375 0.60561603125 0.62879840234375 0.60743882421875 0.64873333984375 0.61770267578125 0.664753427734375 0.63647108984375
5 0.446434921875 0.565089224609375 0.418560970703125 0.569726435546875 0.41678166796875 0.596501224609375 0.44311993359375 0.608077974609375 0.466708751953125 0.597169326171875 0.4875392265625 0.60178887109375 0.5063278671875 0.6052579921875 0.5085351953125 0.5866953515625 0.483347201171875 0.574397681640625 0.446434921875 0.565089224609375
5 0.53042401953125 0.863645791015625 0.536676384765625 0.85440173828125 0.56193731640625 0.868106087890625 0.599427525390625 0.8809253828125 0.629442107421875 0.9023019921875 0.636799326171875 0.929646291015625 0.62249340625 0.94393681640625 0.6058442890625 0.95122226953125 0.581239859375 0.95017901953125 0.5808296953125 0.98045391015625 0.608859810546875 0.991748029296875 0.6156668203125 0.991647185546875 0.63425080078125 0.98740615234375 0.652465935546875 0.956867484375 0.659377615234375 0.914529328125 0.6405351953125 0.8718698203125 0.608365396484375 0.854748421875 0.5646844921875 0.8370926953125 0.5420164609375 0.827574197265625 0.5248516875 0.8172693046875 0.516553865234375 0.855790078125 0.53042401953125 0.863645791015625
5 0.4074860234375 0.875322400390625 0.4106236953125 0.836559556640625 0.377819283203125 0.837749427734375 0.35391345703125 0.857814201171875 0.33961870703125 0.887589923828125 0.339536767578125 0.924194873046875 0.347867494140625 0.9550441484375 0.37065062109375 0.974417232421875 0.409376298828125 0.994703341796875 0.469178833984375 0.99381737890625 0.4747957109375 0.967495951171875 0.46182616796875 0.961099537109375 0.4527620859375 0.96193769921875 0.433947134765625 0.957993158203125 0.40124091015625 0.945806869140625 0.37580321484375 0.936328419921875 0.361652173828125 0.91542067578125 0.36738833203125 0.88858628125 0.383855099609375 0.87778412890625 0.4074860234375 0.875322400390625
6 0.58599021484375 0.751602638671875 0.560302869140625 0.744944390625 0.54012889453125 0.752985947265625 0.52376036328125 0.750412921875 0.49856733984375 0.730372646484375 0.46734021484375 0.723796466796875 0.44291249609375 0.718526333984375 0.43807182421875 0.7397154375 0.45955261328125 0.7492525078125 0.490280384765625 0.761468107421875 0.5117302890625 0.778044439453125 0.54329072265625 0.798694263671875 0.5515833125 0.775342384765625 0.565718103515625 0.77302133984375 0.59644582421875 0.78523595703125 0.62057821484375 0.793298458984375 0.62449603515625 0.7763738359375 0.6061075 0.765383193359375 0.58599021484375 0.751602638671875
6 0.41382767578125 0.49361529296875 0.444804546875 0.50301069921875 0.47175217578125 0.51105901953125 0.499454998046875 0.5183912890625 0.5294948828125 0.5249860390625 0.557488908203125 0.537945037109375 0.56713655078125 0.54836129296875 0.578860287109375 0.545372087890625 0.57521535546875 0.528531978515625 0.564167787109375 0.521656845703125 0.544446083984375 0.50787043359375 0.50753380078125 0.4985619765625 0.48134146484375 0.489799568359375 0.454107666015625 0.483867126953125 0.421297666015625 0.477314400390625 0.414748412109375 0.473187162109375 0.41983878515625 0.44917883984375 0.426919384765625 0.44062737890625 0.431327955078125 0.41873981640625 0.4216859453125 0.416067140625 0.4143669140625 0.442924982421875 0.40276325390625 0.4635103984375 0.395090697265625 0.498820041015625 0.38474168359375 0.5130519453125 0.3698466171875 0.508345451171875 0.359456953125 0.5238726640625 0.3882098515625 0.534117951171875 0.400963783203125 0.5128116171875 0.405914416015625 0.493732525390625 0.41382767578125 0.49361529296875
7 0.44157262731481484 0.9013816550925926 0.0127314814814814 0.019704861111111027
7 0.4497685185185185 0.8709635416666667 0.0127314814814814 0.019704861111111027
7 0.465697337962963 0.8765914351851851 0.012832754629629628 0.02165798611111125
7 0.4594545717592593 0.906980613425926 0.0146846064814814 0.019733796296296457
7 0.5353226273148148 0.8999927662037037 0.0127314814814814 0.01970486111111125
7 0.5302083333333333 0.9332971643518518 0.014785879629629628 0.021686921296296235
7 0.5534071180555555 0.9094979745370371 0.0127314814814814 0.01970486111111125
7 0.5481915509259259 0.9408492476851852 0.0146846064814814 0.019733796296296235
7 0.5118489583333334 0.616919849537037 0.008521412037036935 0.013787615740740833
7 0.5157696759259259 0.5982928240740741 0.010575810185185164 0.01576967592592604
7 0.529542824074074 0.6000434027777777 0.008622685185185164 0.015740740740740833
7 0.5266999421296297 0.6206090856481481 0.012528935185185164 0.01579861111111125
7 0.5861183449074074 0.6167968749999999 0.010373263888888928 0.011863425925926041
7 0.582298900462963 0.6373770254629629 0.008622685185185164 0.015740740740740833
7 0.6010199652777778 0.6214626736111111 0.008420138888888928 0.011834490740740833
7 0.5973017939814815 0.6439959490740741 0.012528935185185386 0.01579861111111125