5 0.610258439453125 0 0.57851491015625 0.12340620703125 0.562729255859375 0.2607408984375 0.59498634375 0.294500650390625 0.627185447265625 0.17997266015625 0.639962416015625 0.092780095703125 0.680871138671875 0 0.610258439453125 0
5 0.77993231640625 0 0.840118205078125 0.05534859375 0.840588259765625 0.150388900390625 0.793721197265625 0.27886833984375 0.7591887890625 0.480269166015625 0.70919019921875 0.713928255859375 0.654652859375 0.9577618671875 0.650340248046875 0.976462021484375 0.676696662109375 0.975485857421875 0.71817072265625 0.8136565703125 0.758105240234375 0.597046501953125 0.795030806640625 0.4305785703125 0.817550572265625 0.30466846484375 0.861261048828125 0.21633021484375 0.884743208984375 0.09205251171875 0.932968634765625 0.0552448515625 0.88340265625 0 0.77993231640625 0
6 0.4510600390625 0.446653857421875 0.37444419921875 0.65628365625 0.3103354921875 0.8871301796875 0.311844658203125 0.98899889453125 0.331501138671875 0.988270876953125 0.37918522265625 0.976302744140625 0.3715116328125 0.838169328125 0.42642026171875 0.682709359375 0.44990215234375 0.55843119921875 0.52464338671875 0.34887083203125 0.565417203125 0.1889311640625 0.59563695703125 0.07321927734375 0.58028985546875 0.053297865234375 0.531054068359375 0.148511548828125 0.4510600390625 0.446653857421875
5 0.405712001953125 0 0.01423248828125 0.960692935546875 0.01479139453125 0.99841919140625 0.02068769921875 0.999782486328125 0.038009767578125 0.999140927734375 0.43576006640625 0 0.405712001953125 0
5 0.356617958984375 0 0.012183947265625 0.822416396484375 0.013343533203125 0.90068854296875 0.38019775 0 0.356617958984375 0
7 0.49736689814814816 0.5951967592592593 0.0361689814814814 0.06966145833333348
7 0.4273871527777778 0.7521701388888888 0.04398148148148151 0.06995081018518512
7 0.567332175925926 0.7010633680555556 0.029991319444444553 0.04796006944444442
7 0.8489945023148149 0.9163411458333333 0.028038194444444553 0.0478877314814814
7 0.13941695601851853 0.37492766203703703 0.029991319444444442 0.04796006944444442
7 0.041594328703703706 0.3013599537037037 0.02407407407407408 0.04383680555555558
6 0.236462298828125 0 0.205212724609375 0.058851240234375 0.144309365234375 0.189518587890625 0.073834630859375 0.307198384765625 0.00868883203125 0.46804118359375 0.00770799609375 0.52028974609375 0.0081366875 0.54922637109375 0.0261791875 0.50908525390625 0.15459681640625 0.2508413359375 0.263885736328125 0 0.236462298828125 0
6 1 0.210727943359375 0.982629189453125 0.305225232421875 0.9835684140625 0.431934533203125 0.892862099609375 0.96747973046875 0.950292791015625 0.96535266796875 0.953012697265625 0.965055826171875 0.989714875 0.720215197265625 1 0.594825798828125 1 0.210727943359375
3 0.4911720390625 0 0.11198721875 0.996401021484375 0.230902251953125 0.99199676171875 0.577814537109375 0 0.4911720390625 0