0 0.79970909765625 1 0.812365373046875 0.9148233828125 0.78367637109375 0.5824070546875 0.917971982421875 0.54961875 0.966382166015625 0.35129862890625 0.94641348046875 0.187059828125 0.86850916015625 0.065023248046875 0.601168134765625 0.07189123046875 0.59333955859375 0.058963466796875 0.563099640625 0.0555216015625 0.193552154296875 0.10667698828125 0.1819442109375 0.15887484765625 0.219584201171875 0.360245498046875 0.477695982421875 1 0.79970909765625 1
7 0.45873119212962965 0.9210141782407408 0.022902199074074092 0.027502893518518423
7 0.4203125 0.8201822916666667 0.024652777777777857 0.023611111111111027
7 0.3799913194444444 0.7203124999999999 0.024652777777777857 0.02361111111111125
7 0.33916377314814816 0.6106770833333333 0.024652777777777857 0.02361111111111125
7 0.29484953703703703 0.4902777777777778 0.028761574074074092 0.027546296296296235
7 0.24129050925925927 0.36102430555555554 0.03266782407407409 0.027575231481481444
7 0.21280381944444443 0.24464699074074076 0.032566550925925974 0.025622106481481444
7 0.21006221064814815 0.13529369212962963 0.03451967592592592 0.025636574074074048
7 0.25972945601851855 0.11418547453703703 0.02886284722222221 0.02949942129629629
7 0.31571180555555556 0.10190972222222222 0.032465277777777746 0.02366898148148147
7 0.3855179398148148 0.09266493055555555 0.024551504629629628 0.02165798611111111
7 0.4388237847222222 0.08525028935185186 0.026605902777777746 0.023625578703703687
7 0.48344184027777776 0.07972366898148148 0.024551504629629628 0.02165798611111111
7 0.5240523726851852 0.07221498842592593 0.018388310185185164 0.015755208333333326
7 0.5570023148148149 0.067578125 0.0205439814814814 0.01967592592592593
7 0.5794632523148149 0.06774450231481483 0.0185908564814814 0.019661458333333326