5 0.0756153828125 0 0.02288519921875 0.01854536328125 0.016947330078125 0.049866482421875 0.09913977734375 0.04456669921875 0.17303055078125 0.00586871484375 0.230206103515625 0.006621724609375 0.213589572265625 0.039480041015625 0.163420443359375 0.060651845703125 0.1512666015625 0.089193705078125 0.218750294921875 0.087017822265625 0.28700316796875 0.0329224921875 0.288390958984375 0 0.0756153828125 0
5 0.272715841796875 0.304515322265625 0.324010333984375 0.306353107421875 0.32501358984375 0.3376049296875 0.266064580078125 0.357519587890625 0.2859483125 0.40110944140625 0.365401685546875 0.382753658203125 0.39390344921875 0.339484666015625 0.381307974609375 0.2988650390625 0.346495708984375 0.273234529296875 0.29962727734375 0.26955266796875 0.220271580078125 0.281315244140625 0.112749080078125 0.311248908203125 0.11814866796875 0.345151564453125 0.178453990234375 0.3325883125 0.272715841796875 0.304515322265625
5 0.65437084375 0.771817240234375 0.6647299375 0.864420951171875 0.754613544921875 0.834895189453125 0.74569725390625 0.743874140625 0.6874696015625 0.715166201171875 0.579060607421875 0.70845457421875 0.493786201171875 0.7237743515625 0.48910163671875 0.644095603515625 0.4426727421875 0.610745158203125 0.3650518359375 0.6043119609375 0.196141505859375 0.626089890625 0.3669882421875 0.77058866796875 0.600471583984375 0.747857859375 0.65437084375 0.771817240234375
5 0 0.797811267578125 0.039279666015625 0.81892066015625 0.134592599609375 0.8188020703125 0.218082359375 0.8249744296875 0.21295826953125 0.77496369140625 0.179246947265625 0.773991216796875 0.073406111328125 0.79187241796875 0.0238596484375 0.7710143046875 0.038935701171875 0.743166537109375 0.045121998046875 0.7214781953125 0.0187697734375 0.7110224296875 0 0.721906166015625 0 0.797811267578125
7 0.28640046296296295 0.6938368055555556 0.031481481481481444 0.017013888888888884
7 0.20404369212962964 0.3900824652777778 0.02559317129629629 0.014800347222222232
7 0.19764178240740743 0.36108940972222225 0.027604166666666652 0.018793402777777857
7 0.17019675925925926 0.369140625 0.0236689814814815 0.01666666666666672
7 0.17372685185185185 0.39435763888888886 0.03151041666666665 0.018967013888888884
7 0.06633391203703703 0.39717881944444444 0.0236689814814815 0.016666666666666607
7 0.07282262731481481 0.4203125 0.02364004629629629 0.014713541666666607