6 0.219154638671875 0.49003666796875 0.4189738359375 0.496457126953125 0.599039341796875 0.48060768359375 0.77371214453125 0.466852556640625 0.926873935546875 0.49010707421875 0.970507025390625 0.47547172265625 0.97066503125 0.4728053671875 0.96655524609375 0.442820966796875 0.88156322265625 0.454582634765625 0.773593681640625 0.439210251953125 0.6553672734375 0.44874887890625 0.46480978515625 0.463843822265625 0.2944157890625 0.46466849609375 0.16933125390625 0.471397390625 0.066227455078125 0.492447947265625 0.08999293359375 0.50559808984375 0.219154638671875 0.49003666796875
5 0 0.453266953125 0.0965290859375 0.396004119140625 0.169972837890625 0.371663162109375 0.774820798828125 0.299970359375 0.982581572265625 0.2717137421875 0.982796341796875 0.2680895 0.98044075390625 0.2381361171875 0.529047224609375 0.29852034765625 0.23526925 0.336643197265625 0.103620294921875 0.3652391875 0 0.4220866953125 0 0.453266953125
5 0 0.397862193359375 0.078240326171875 0.37863827734375 0.18644259765625 0.330817138671875 0.986096326171875 0.21240226171875 0.98843867578125 0.172875107421875 0.42852167578125 0.27607116796875 0.155727720703125 0.315702189453125 0 0.323906486328125 0 0.397862193359375
5 0 0.8873103984375 0.1004344453125 0.91412110546875 0.444533609375 0.988804603515625 0.467969068359375 0.988283814453125 0.268659990234375 0.920255990234375 0.138006193359375 0.90242556640625 0.133610166015625 0.875020041015625 0.13671519140625 0.82262274609375 0.146909822265625 0.68022144140625 0.26179528125 0.66779519921875 0.437759029296875 0.69152983203125 0.640860587890625 0.701826587890625 0.9547026640625 0.742170326171875 0.95587393359375 0.72240516015625 0.606863349609375 0.68283534375 0.285827021484375 0.647514421875 0.22428134375 0.648882103515625 0.1625008203125 0.654204517578125 0.131493001953125 0.644032970703125 0.1240474375 0.5918701328125 0.136296216796875 0.533345650390625 0.14760840625 0.52025917578125 0.18154627734375 0.5106191484375 0.29930448828125 0.508989677734375 0.34552533203125 0.5060120546875 0.336998021484375 0.48812875 0.110092939453125 0.484419787109375 0.0490175234375 0.53711793359375 0.070825365234375 0.643264658203125 0 0.632717919921875 0 0.65269555078125 0.090404611328125 0.698119716796875 0.058581841796875 0.879507197265625 0 0.847848857421875 0 0.8873103984375
5 0.111814125 0 0.10920000390625 0.007487923828125 0.091853513671875 0.122403220703125 0.03675528125 0.123627626953125 0 0.152754359375 0 0.182772248046875 0.059772326171875 0.1501029140625 0.095880037109375 0.172996220703125 0.0933058671875 0.3212519921875 0.16912658984375 0.304328482421875 0.149347615234375 0.104670189453125 0.207728208984375 0.107322078125 0.335664689453125 0.082099666015625 0.48141980078125 0.032785306640625 0.574204990234375 0 0.47457797265625 0 0.39739195703125 0.02412119921875 0.23495137109375 0.078413744140625 0.16836448828125 0.07594421484375 0.169948087890625 0 0.111814125 0
7 0.5580439814814815 0.1943576388888889 0.036545138888888884 0.024218749999999956
7 0.5613064236111112 0.08993055555555556 0.036545138888888884 0.02421875000000001
7 0.5179253472222223 0.9042751736111111 0.036545138888888884 0.024218749999999956
7 0.5407552083333333 0.5848524305555556 0.034707754629629495 0.026128472222222143
7 0.5310691550925926 0.797677951388889 0.04654224537037033 0.028342013888889017
6 0.326765529296875 0.791262080078125 0.145213611328125 0.753170447265625 0.150354189453125 0.79331566015625 0.27874044140625 0.811417609375 0.450992306640625 0.848399037109375 0.65513026171875 0.880722923828125 0.692173953125 0.848305279296875 0.52148576171875 0.824453134765625 0.326765529296875 0.791262080078125
6 0.674690896484375 0.13574929296875 0.9925786171875 0.066154376953125 0.997030244140625 0.0278923984375 0.997529822265625 0.01946203515625 0.86280439453125 0.06311425390625 0.68227019921875 0.08687286328125 0.491694560546875 0.141790357421875 0.3228059375 0.186352962890625 0.176034474609375 0.21331025 0.16031871875 0.2388829921875 0.289318 0.2180334296875 0.44413953515625 0.193529890625 0.530263734375 0.162654484375 0.674690896484375 0.13574929296875