1 0.6763454861111111 0.27449363425925927 0.07751736111111107 0.07641782407407405
2 0.739521931640625 0.280807361328125 0.713473490234375 0.29153026171875 0.709030484375 0.316140560546875 0.80850180078125 0.34700355078125 0.845942314453125 0.33167736328125 0.843817302734375 0.307572392578125 0.739521931640625 0.280807361328125
1 0.5117169296875 0.695575783203125 0.35718496875 0.576469685546875 0.21685751171875 0.644425123046875 0.34927273828125 0.80843633203125 0.5117169296875 0.695575783203125
1 0.348320029296875 0.578153935546875 0.2561576171875 0.49416304296875 0.129978591796875 0.546237544921875 0.21238823828125 0.644557546875 0.348320029296875 0.578153935546875
1 0.668243078125 0.589999498046875 0.506781953125 0.500952982421875 0.402691486328125 0.5555298828125 0.556255076171875 0.664400869140625 0.668243078125 0.589999498046875
1 0.504444056640625 0.499601662109375 0.393792583984375 0.436060779296875 0.295261955078125 0.47736596875 0.397281611328125 0.551719267578125 0.504444056640625 0.499601662109375
1 0.782884740234375 0.50983216796875 0.62780219921875 0.43907924609375 0.544154810546875 0.485818408203125 0.705200474609375 0.56757969921875 0.782884740234375 0.50983216796875
1 0.50198755078125 0.393048642578125 0.423778318359375 0.426642802734375 0.540891212890625 0.48392965625 0.621274552734375 0.442115826171875 0.50198755078125 0.393048642578125
6 0.8880146015625 0.449820068359375 0.889505919921875 0.416265396484375 0.891614501953125 0.381676875 0.889256279296875 0.3319883046875 0.88563271484375 0.310769912109375 0.869780892578125 0.294992630859375 0.8476998203125 0.303770369140625 0.846976736328125 0.320039751953125 0.866619685546875 0.32758122265625 0.87683078125 0.354696791015625 0.876963595703125 0.3902344609375 0.87581780859375 0.42885669140625 0.8719660546875 0.451311140625 0.86136141796875 0.45873426953125 0.83729525 0.4736631875 0.80701573046875 0.499947359375 0.7728711953125 0.523300365234375 0.747089943359375 0.5382801015625 0.717879595703125 0.55336243359375 0.68896962890625 0.57452823046875 0.656539619140625 0.597830435546875 0.633900255859375 0.63201171484375 0.6101796171875 0.652008193359375 0.58265458984375 0.654854869140625 0.5482549140625 0.671106517578125 0.513447962890625 0.69650927734375 0.478806365234375 0.7310461796875 0.448572599609375 0.7563134375 0.40478570703125 0.7911223046875 0.36629456640625 0.809525306640625 0.325652935546875 0.82494634375 0.272165875 0.846840349609375 0.2517254375 0.844400306640625 0.266708142578125 0.8155226953125 0.25387865625 0.808794904296875 0.22593092578125 0.833994427734375 0.197011771484375 0.8541618125 0.203246923828125 0.86919258984375 0.23188576171875 0.854127193359375 0.25489713671875 0.875785697265625 0.274330095703125 0.87520990625 0.329786869140625 0.8603654609375 0.39076528125 0.824032650390625 0.445321515625 0.790936802734375 0.489153046875 0.7551110546875 0.532549171875 0.71625251953125 0.56925082421875 0.686732376953125 0.592820490234375 0.6829873359375 0.616660724609375 0.673141916015625 0.65327258984375 0.645654560546875 0.66393780859375 0.6240137890625 0.692185919921875 0.60489773046875 0.72374404296875 0.57552899609375 0.765528646484375 0.5600750859375 0.794484412109375 0.537891380859375 0.833426904296875 0.509320400390625 0.861601171875 0.479036369140625 0.8815306796875 0.467275703125 0.8880146015625 0.449820068359375
5 0.855441373046875 0.37360863671875 0.858301640625 0.33493659765625 0.848526513671875 0.310853796875 0.83458321875 0.31634473046875 0.822248669921875 0.33701940234375 0.835423642578125 0.34881574609375 0.843438580078125 0.373964275390625 0.820576568359375 0.37464166796875 0.821161294921875 0.40001134375 0.841856826171875 0.40955373828125 0.836768892578125 0.472664216796875 0.83452476953125 0.5103024375 0.820430455078125 0.5320458046875 0.793295640625 0.5389421640625 0.75841484765625 0.55317694921875 0.71629788671875 0.58895090234375 0.69696853515625 0.612879505859375 0.66058316015625 0.63528334765625 0.617248220703125 0.659923228515625 0.56875371875 0.697917267578125 0.555621126953125 0.7236933828125 0.523100767578125 0.749028390625 0.490341259765625 0.754060287109375 0.45434665625 0.780513796875 0.394992376953125 0.818829603515625 0.354297248046875 0.848082896484375 0.38012926953125 0.857858275390625 0.481419728515625 0.78783610546875 0.51757968359375 0.7705167421875 0.5714734609375 0.739471640625 0.584380119140625 0.71877902734375 0.655497439453125 0.659805478515625 0.694905662109375 0.64645210546875 0.719153216796875 0.627454583984375 0.731578154296875 0.60474611328125 0.759871974609375 0.5846141328125 0.7666105234375 0.574258876953125 0.780809517578125 0.57586928515625 0.8068911484375 0.56697301171875 0.830476244140625 0.550026236328125 0.8450521875 0.5303007109375 0.8514325 0.489492263671875 0.86004043359375 0.424246373046875 0.86171253515625 0.38662410546875 0.880334791015625 0.36576312890625 0.88141939453125 0.34135955078125 0.870062513671875 0.352866212890625 0.855441373046875 0.37360863671875
3 0.213959662109375 0.675933765625 0.3933143203125 0.58328838671875 0.39923991015625 0.5912372890625 0.405527060546875 0.591051001953125 0.399045908203125 0.569918275390625 0.3878406015625 0.565172486328125 0.37917702734375 0.567460302734375 0.18930872265625 0.665494001953125 0.201433615234375 0.700866953125 0.2131461875 0.6942369453125 0.213959662109375 0.675933765625
3 0.65718009765625 0.55414537890625 0.513788623046875 0.646740740234375 0.506135154296875 0.6776566640625 0.522523828125 0.694209244140625 0.536557470703125 0.6866855078125 0.53556603125 0.67046692578125 0.527309169921875 0.6636036484375 0.66621841015625 0.569109974609375 0.671482142578125 0.579108615234375 0.673271630859375 0.59022575390625 0.684883091796875 0.585820466796875 0.685215451171875 0.565500421875 0.65718009765625 0.55414537890625
3 0.28174673828125 0.497302291015625 0.2874011953125 0.511351591796875 0.2922444375 0.505114732421875 0.281853119140625 0.482066740234375 0.27204596875 0.48438844140625 0.106325435546875 0.563284619140625 0.11361281640625 0.581491720703125 0.121615052734375 0.5812546171875 0.12414305078125 0.562900634765625 0.28174673828125 0.497302291015625
3 0.49954866015625 0.47468730859375 0.3624311171875 0.5417097734375 0.35507518359375 0.561587689453125 0.3661290859375 0.574096123046875 0.37945567578125 0.5696390234375 0.378237697265625 0.558504951171875 0.373982 0.55152212890625 0.505865576171875 0.48668586328125 0.517325509765625 0.498532029296875 0.5238837890625 0.492245345703125 0.52095184375 0.481162056640625 0.5108895546875 0.47638240234375 0.49954866015625 0.47468730859375
3 0.527465685546875 0.50258865625 0.547090109375 0.510132662109375 0.551497943359375 0.500863015625 0.64982396484375 0.44616008984375 0.66379702734375 0.452853998046875 0.675844970703125 0.451482455078125 0.67625173046875 0.4423303671875 0.66461045703125 0.434551810546875 0.659857048828125 0.438754890625 0.648080232421875 0.43402603515625 0.6383188359375 0.4353308203125 0.527465685546875 0.50258865625
3 0.534597919921875 0.405909109375 0.54858030859375 0.4041079765625 0.53387765234375 0.383589134765625 0.519679171875 0.381979703125 0.425143763671875 0.428445837890625 0.417849181640625 0.425615296875 0.40701861328125 0.438121923828125 0.414087216796875 0.446036958984375 0.4282856953125 0.447646390625 0.431024201171875 0.437410646484375 0.521858869140625 0.39714652734375 0.534597919921875 0.405909109375
3 0.624406958984375 0.41441826171875 0.63226043359375 0.391844251953125 0.6310584453125 0.367508421875 0.56922634375 0.3459846015625 0.570236546875 0.31041306640625 0.555782927734375 0.301702279296875 0.551821216796875 0.31324892578125 0.561482580078125 0.3147346796875 0.559268177734375 0.364558736328125 0.62123586328125 0.383031861328125 0.622498478515625 0.393149052734375 0.612133037109375 0.420874296875 0.638799953125 0.437347685546875 0.64430565234375 0.429060078125 0.624406958984375 0.41441826171875
3 0.762056880859375 0.489546435546875 0.777608880859375 0.49924023828125 0.7800464453125 0.482921046875 0.771834267578125 0.47503989453125 0.785358142578125 0.45331442578125 0.786474166015625 0.402507353515625 0.783842556640625 0.397508521484375 0.7851371484375 0.381222205078125 0.8003882109375 0.38483255859375 0.80222632421875 0.363974515625 0.788943708984375 0.359784654296875 0.772669228515625 0.3663592265625 0.77314757421875 0.406964453125 0.77191139453125 0.447620482421875 0.75868845703125 0.475429400390625 0.762056880859375 0.489546435546875