3 0.327394685546875 0.64498312890625 0.3489544921875 0.628164759765625 0.4464391640625 0.7429299296875 0.434898421875 0.764186888671875 0.461467111328125 0.761982517578125 0.46997283984375 0.729685384765625 0.360692763671875 0.60359177734375 0.340115328125 0.60383259765625 0.322336728515625 0.631197255859375 0.327394685546875 0.64498312890625
3 0.43956773046875 0.387958376953125 0.437062962890625 0.405441595703125 0.466479904296875 0.4047424296875 0.541029080078125 0.534461712890625 0.55242417578125 0.51597405078125 0.48126289453125 0.3783592578125 0.47924965625 0.362763197265625 0.460538443359375 0.35629626171875 0.43956773046875 0.387958376953125
3 0.4674164609375 0.066719361328125 0.427734875 0.067124033203125 0.410447462890625 0.08619991796875 0.424345953125 0.099527390625 0.445512826171875 0.089339810546875 0.515101234375 0.253479541015625 0.509993828125 0.265312880859375 0.52865593359375 0.27260851953125 0.5537523671875 0.27048106640625 0.557284224609375 0.260156158203125 0.4674164609375 0.066719361328125
3 0.646378875 0.55669155859375 0.659290330078125 0.49721144140625 0.612488375 0.394692572265625 0.584936625 0.388684033203125 0.5728064453125 0.419887751953125 0.626041736328125 0.512983 0.624224314453125 0.543651982421875 0.646378875 0.55669155859375
3 0.520255212890625 0.587881021484375 0.576585357421875 0.678337326171875 0.57290102734375 0.690923611328125 0.58835418359375 0.705085474609375 0.60099344921875 0.6630235859375 0.546481376953125 0.56668933203125 0.515884876953125 0.5624915625 0.50576725 0.584500884765625 0.520255212890625 0.587881021484375
3 0.60060048046875 0.669654951171875 0.62029441015625 0.63475383203125 0.643376267578125 0.64182030078125 0.6701915625 0.635471779296875 0.69573004296875 0.551513365234375 0.72895775 0.54779428515625 0.72907688671875 0.534083818359375 0.67603676171875 0.536834046875 0.6549180390625 0.6205632890625 0.64165775 0.621250859375 0.622946537109375 0.614783923828125 0.601043208984375 0.6126144453125 0.58797873828125 0.65956705859375 0.60060048046875 0.669654951171875
3 0.539799486328125 0.80336987890625 0.5215788046875 0.83819460546875 0.678820576171875 0.8400106015625 0.68197626953125 0.808392994140625 0.539799486328125 0.80336987890625
3 0.183500685546875 0.445858232421875 0.197203361328125 0.4129206640625 0.25577530859375 0.3288671015625 0.189738853515625 0.340589134765625 0.128496775390625 0.4073931875 0.13989053515625 0.438203302734375 0.183500685546875 0.445858232421875
6 0.4912770234375 0.829023455078125 0.44609502734375 0.77352194140625 0.37434433984375 0.720224798828125 0.356714060546875 0.67073240234375 0.288646708984375 0.604848451171875 0.213948798828125 0.526914212890625 0.15717794921875 0.41912741796875 0.176008505859375 0.359541732421875 0.12319317578125 0.3233811015625 0.10467812109375 0.338388701171875 0.108018244140625 0.3563955859375 0.08950284765625 0.396193693359375 0.119852744140625 0.47890708203125 0.210019271484375 0.5932249765625 0.280444033203125 0.644112400390625 0.3262155 0.689666576171875 0.339229833984375 0.717914189453125 0.36810716796875 0.751122953125 0.3895192734375 0.76158178515625 0.429494923828125 0.80578416796875 0.476592248046875 0.85374922265625 0.532922771484375 0.919414439453125 0.5639610078125 0.940942646484375 0.729219958984375 0.92824230078125 0.74582002734375 0.89598065234375 0.658303669921875 0.910434158203125 0.610960048828125 0.916194794921875 0.5686266796875 0.911778869140625 0.5396511328125 0.880227509765625 0.4912770234375 0.829023455078125
5 0.49107952734375 0.90671037109375 0.608455625 0.9088875078125 0.701031037109375 0.908218666015625 0.73418069140625 0.86931463671875 0.632570369140625 0.8737565859375 0.55237108984375 0.88865799609375 0.49874187109375 0.876564478515625 0.452037826171875 0.79717812890625 0.354798421875 0.703058791015625 0.230498765625 0.56985221484375 0.16263401953125 0.481389583984375 0.11454749609375 0.518846376953125 0.21812266796875 0.62999053515625 0.27602362890625 0.693922009765625 0.371445953125 0.7939198203125 0.446635013671875 0.86356586328125 0.49107952734375 0.90671037109375
1 0.31433120703125 0.617564796875 0.432298697265625 0.3866823984375 0.350837037109375 0.247783806640625 0.184138580078125 0.484663205078125 0.31433120703125 0.617564796875
1 0.526053908203125 0.217378783203125 0.462063443359375 0.082697375 0.3596161875 0.238097783203125 0.437063306640625 0.380651087890625 0.526053908203125 0.217378783203125
1 0.429888544921875 0.7495723671875 0.524921193359375 0.53392731640625 0.459067490234375 0.429095724609375 0.347284431640625 0.656347052734375 0.429888544921875 0.7495723671875
1 0.584003705078125 0.379642369140625 0.539510013671875 0.26295625390625 0.4562650546875 0.4284096875 0.463662826171875 0.4207804921875 0.5237918046875 0.528201044921875 0.584003705078125 0.379642369140625
1 0.51558755078125 0.840158154296875 0.59018878515625 0.64705721875 0.5427437578125 0.574757591796875 0.457636453125 0.7770554375 0.51558755078125 0.840158154296875
1 0.644949759765625 0.491344037109375 0.598687791015625 0.404497619140625 0.54528148046875 0.566549048828125 0.589255830078125 0.6380161328125 0.644949759765625 0.491344037109375