0 0.47348433203125 0.0456855078125 0.45057787109375 0.074290490234375 0.430058302734375 0.148918150390625 0.432033287109375 0.201713021484375 0.08346833984375 0.44667916015625 0.051770810546875 0.482120291015625 0.041005275390625 0.539071587890625 0.137863927734375 0.58439353125 0.658876431640625 0.725422509765625 0.7929755703125 0.636413349609375 0.85465397265625 0.2825372265625 0.843381447265625 0.25625332421875 0.838001576171875 0.13777224609375 0.806373083984375 0.07165496875 0.47348433203125 0.0456855078125
7 0.7006365740740741 0.6815972222222222 0.020645254629629628 0.02162905092592604
7 0.6366753472222222 0.7104021990740741 0.020746527777777857 0.02358217592592604
7 0.5241825810185186 0.6887659143518519 0.017447916666666785 0.03527199074074083
7 0.41909722222222223 0.6592592592592592 0.02054398148148151 0.01967592592592604
7 0.7566333912037038 0.6499204282407407 0.024754050925925863 0.02556423611111125
7 0.7838541666666667 0.6096643518518519 0.016840277777777857 0.023553240740740833
7 0.791189236111111 0.5627170138888888 0.020847800925925863 0.02553530092592604
7 0.8006799768518518 0.5196614583333334 0.018793402777777857 0.023567708333333215
7 0.8072916666666667 0.47760416666666666 0.020442708333333393 0.01772280092592593
7 0.8142578125 0.4423828125 0.016840277777777857 0.023553240740740722
7 0.8196759259259259 0.4149884259259259 0.012630208333333393 0.017664930555555625
7 0.8240668402777778 0.3866247106481482 0.0127314814814814 0.019618055555555625
7 0.8276837384259259 0.3621744791666667 0.0127314814814814 0.019618055555555625
7 0.8342809606481482 0.33867910879629626 0.012528935185185164 0.015711805555555625
7 0.3467447916666667 0.6392795138888889 0.018489583333333393 0.017708333333333215
7 0.2782986111111111 0.6192708333333334 0.020746527777777857 0.02358217592592604
7 0.21879340277777776 0.6021267361111111 0.020949074074074092 0.02748842592592604
7 0.14850983796296297 0.5655237268518518 0.01889467592592592 0.025520833333333215
7 0.07235243055555557 0.5475260416666667 0.017245370370370383 0.03136574074074083
7 0.04929832175925926 0.5174117476851852 0.022497106481481483 0.019690393518518423
7 0.06315104166666667 0.48311631944444444 0.012832754629629628 0.021571180555555514