3 0.741475427734375 0.63674249609375 0.7591009609375 0.649066814453125 0.75030967578125 0.668434123046875 0.64924508984375 0.48834184765625 0.68348821484375 0.422267142578125 0.590984865234375 0.244567568359375 0.56517549609375 0.23550447265625 0.53568276171875 0.272020041015625 0.49499075390625 0.266565251953125 0.4756501328125 0.27891508203125 0.33280386328125 0.051819091796875 0.284241654296875 0.0543371328125 0.26052663671875 0.10190009765625 0.33203430078125 0.24191978515625 0.42156333984375 0.349800958984375 0.385167203125 0.50959925390625 0.365260708984375 0.51346805859375 0.3534974453125 0.538663224609375 0.380459283203125 0.59021708984375 0.53073416796875 0.727098177734375 0.60303079296875 0.62690062890625 0.719186375 0.756095400390625 0.71481242578125 0.791308244140625 0.709455068359375 0.836973705078125 0.689046015625 0.8333040859375 0.65323236328125 0.875820896484375 0.721936841796875 0.96602302734375 0.801259177734375 0.961910017578125 0.7978122265625 0.952480384765625 0.73130855078125 0.86231676953125 0.745727873046875 0.75093666796875 0.723100064453125 0.705413888671875 0.757930892578125 0.732337818359375 0.7787362890625 0.691545103515625 0.872832564453125 0.84648343359375 0.8836722421875 0.82888584765625 0.753531119140625 0.590729978515625 0.741475427734375 0.63674249609375
3 0.4520039140625 0.554357931640625 0.512352947265625 0.627820205078125 0.594634490234375 0.526159822265625 0.668339349609375 0.605859986328125 0.622724802734375 0.51902953125 0.618871 0.436018759765625 0.623433873046875 0.403632732421875 0.56015348828125 0.311410994140625 0.515945328125 0.3288322265625 0.50575305859375 0.377585265625 0.4520039140625 0.554357931640625
1 0.08188284375 0.522488234375 0.244408638671875 0.642727896484375 0.46313483984375 0.36844811328125 0.36918891015625 0.244721115234375 0.08188284375 0.522488234375
1 0.56450037890625 0.0583852578125 0.41628452734375 0.195000462890625 0.497126666015625 0.2986039375 0.610951849609375 0.165994873046875 0.56450037890625 0.0583852578125
1 0.06264845703125 0.9397268515625 0.066666666015625 1 0.22398083203125 0.99184296875 0.23746241796875 0.99099129296875 0.454447125 0.625235322265625 0.355172375 0.538576376953125 0.06264845703125 0.9397268515625
1 0.372735962890625 0 0.31318977734375 0.03487028125 0.419769857421875 0.17547784765625 0.55459981640625 0.051665544921875 0.531092494140625 0 0.372735962890625 0
1 0.66468262890625 0.1178871796875 0.577148478515625 0.238665892578125 0.626968955078125 0.330640189453125 0.700416234375 0.19728791796875 0.66468262890625 0.1178871796875
1 0.703827017578125 0.212242134765625 0.627408693359375 0.3372362421875 0.6695261796875 0.414480732421875 0.730748728515625 0.27419785546875 0.703827017578125 0.212242134765625
1 0.412796064453125 0.470343455078125 0.48765474609375 0.560137228515625 0.60913603515625 0.365605548828125 0.551445341796875 0.281603814453125 0.412796064453125 0.470343455078125
1 0.60635249609375 0.374259984375 0.49329692578125 0.57436838671875 0.560497130859375 0.64423556640625 0.66199178125 0.45269433203125 0.60635249609375 0.374259984375
1 0.455324318359375 0.638393216796875 0.243764505859375 0.9908171484375 0.405894353515625 0.982410416015625 0.529289291015625 0.70542501953125 0.455324318359375 0.638393216796875