4 0.24989872685185183 0.6421874999999999 0.08958333333333335 0.07604166666666679
2 0.2830222800925926 0.7353515625 0.07268518518518519 0.1255208333333333
3 0.34113136574074077 0.571875 0.1372685185185185 0.09479166666666661
3 0.3860821759259259 0.7372395833333334 0.13113425925925926 0.05156250000000018
3 0.553733916015625 0.3765496640625 0.54343501953125 0.3712891796875 0.628659904296875 0.20577133203125 0.65272183984375 0.200449888671875 0.655837873046875 0.191321013671875 0.622293234375 0.181709359375 0.61480873828125 0.192569779296875 0.519567427734375 0.3728803515625 0.54539155078125 0.3845399296875 0.553733916015625 0.3765496640625
3 0.47156656640625 0.275641828125 0.46226906640625 0.27089278515625 0.528723833984375 0.121907646484375 0.5375636484375 0.12131832421875 0.543843978515625 0.113465529296875 0.524890015625 0.10572961328125 0.447621693359375 0.2702171953125 0.46764684765625 0.28044623828125 0.47156656640625 0.275641828125
3 0.518485630859375 0.64497918359375 0.53605873046875 0.645872873046875 0.538069140625 0.63541320703125 0.521598390625 0.62742506640625 0.6107246328125 0.49427561328125 0.621323361328125 0.5022420703125 0.631614826171875 0.501969125 0.63873872265625 0.491994857421875 0.622578884765625 0.475803955078125 0.594361341796875 0.484215078125 0.505041681640625 0.621094736328125 0.518485630859375 0.64497918359375
3 0.44141934375 0.488918802734375 0.452125501953125 0.49481338671875 0.456825224609375 0.4891311953125 0.448436708984375 0.48101687109375 0.512257845703125 0.354510671875 0.517156474609375 0.359139822265625 0.52816348046875 0.359232322265625 0.53379273046875 0.349770849609375 0.5209668671875 0.339555970703125 0.500943580078125 0.346178765625 0.436972017578125 0.475586005859375 0.44141934375 0.488918802734375
3 0.39460096875 0.613384216796875 0.39850557421875 0.623036400390625 0.39662412109375 0.63100908984375 0.404991166015625 0.6395374765625 0.4102980703125 0.636292669921875 0.412981025390625 0.6270276171875 0.407060552734375 0.613793029296875 0.45733252734375 0.522056484375 0.469855673828125 0.521221607421875 0.46831165234375 0.50852155859375 0.45622075 0.500735548828125 0.45043862890625 0.513429888671875 0.40040306640625 0.600607056640625 0.39460096875 0.613384216796875
3 0.3545715078125 0.50856528125 0.35702446484375 0.517901091796875 0.365778318359375 0.518969583984375 0.36926184765625 0.5084122265625 0.364642626953125 0.498394533203125 0.40529565625 0.408126072265625 0.4134199296875 0.4071713046875 0.41534437890625 0.398369447265625 0.403550443359375 0.38948301171875 0.393136921875 0.401915177734375 0.355517048828125 0.490329865234375 0.3545715078125 0.50856528125
1 0.747210501953125 0.329222212890625 0.60164246484375 0.207302595703125 0.533877091796875 0.337662416015625 0.644852853515625 0.47688356640625 0.747210501953125 0.329222212890625
1 0.534027515625 0.334761373046875 0.60088382421875 0.202162841796875 0.510778837890625 0.131869927734375 0.460318931640625 0.24137823046875 0.534027515625 0.334761373046875
1 0.6118094921875 0.521792484375 0.513400921875 0.380139572265625 0.458598822265625 0.48213525 0.53698877734375 0.626832951171875 0.6118094921875 0.521792484375
1 0.45887280078125 0.476851396484375 0.510517357421875 0.3764390625 0.44320417578125 0.279959654296875 0.403105513671875 0.37370189453125 0.45887280078125 0.476851396484375
1 0.5149478515625 0.659020791015625 0.44498819140625 0.513161068359375 0.40174990625 0.590986265625 0.459713390625 0.7367358671875 0.5149478515625 0.659020791015625
1 0.4030157109375 0.5878042890625 0.4428984453125 0.508974765625 0.393885724609375 0.4028669921875 0.360037341796875 0.4822533984375 0.4030157109375 0.5878042890625
6 0.784474771484375 0.235368931640625 0.7807556953125 0.259313318359375 0.7654231015625 0.316092083984375 0.70005024609375 0.405328765625 0.62039008984375 0.4954696640625 0.599957650390625 0.53911432421875 0.59302718359375 0.577211953125 0.571002234375 0.603770853515625 0.53701279296875 0.638096958984375 0.50653251171875 0.66847180859375 0.48709709765625 0.708797220703125 0.45413649609375 0.75513523046875 0.427485435546875 0.7912953046875 0.412115212890625 0.816946021484375 0.386230126953125 0.8223890078125 0.329022623046875 0.826667376953125 0.29043341015625 0.82227041796875 0.28839321484375 0.78198258984375 0.26582966015625 0.8030019453125 0.263671279296875 0.82870094140625 0.287101142578125 0.838754908203125 0.3323925234375 0.84131093359375 0.37626823046875 0.839315474609375 0.411293224609375 0.832798626953125 0.43057192578125 0.82733153125 0.441532673828125 0.80708621484375 0.475763873046875 0.768097609375 0.498198904296875 0.73361220703125 0.52131848828125 0.701869412109375 0.53010649609375 0.67572844140625 0.54402793359375 0.662661203125 0.569070853515625 0.625679271484375 0.593708583984375 0.612420798828125 0.60874033984375 0.59329768359375 0.6285683515625 0.561309796875 0.642105205078125 0.52323627734375 0.69302556640625 0.4650140625 0.75398129296875 0.38846636328125 0.8014206875 0.285871041015625 0.82102439453125 0.242282150390625 0.811877767578125 0.227558654296875 0.802022388671875 0.210559216796875 0.810750509765625 0.18665875 0.74944977734375 0.241885779296875 0.75623119921875 0.25444324609375 0.784474771484375 0.235368931640625
5 0.669680447265625 0.506071404296875 0.630331048828125 0.548188951171875 0.592059755859375 0.601386044921875 0.54762397265625 0.6619636796875 0.504598048828125 0.71129590234375 0.488405837890625 0.752799224609375 0.46626003515625 0.781688853515625 0.421459814453125 0.785605123046875 0.3626906875 0.78812894140625 0.357639208984375 0.774062025390625 0.33621194140625 0.773167318359375 0.33666055078125 0.796369326171875 0.3151858671875 0.79640684765625 0.316152876953125 0.777757369140625 0.29092055859375 0.770611291015625 0.2721871796875 0.7974152890625 0.288012732421875 0.810763935546875 0.3302793984375 0.807946158203125 0.303572353515625 0.8292412265625 0.320734271484375 0.832744 0.354948017578125 0.810018896484375 0.379762638671875 0.809293658203125 0.4637081015625 0.79905091015625 0.499169201171875 0.78414129296875 0.5188521640625 0.754950798828125 0.5262728671875 0.723325529296875 0.551025685546875 0.69193838671875 0.5795584609375 0.66726882421875 0.592735994140625 0.6361249921875 0.629615810546875 0.57790974609375 0.667798037109375 0.542375048828125 0.716080521484375 0.471318615234375 0.74920941796875 0.421717126953125 0.79666319921875 0.3507159375 0.7906936015625 0.328783556640625 0.751127859375 0.375945474609375 0.722311673828125 0.422007708984375 0.669680447265625 0.506071404296875