5 0.56850791796875 0.5819164921875 0.63690512109375 0.613221826171875 0.76137180859375 0.460397689453125 0.79250208203125 0.402905751953125 0.6723359765625 0.383118333984375 0.60529966796875 0.543469361328125 0.598495072265625 0.46143427734375 0.550697849609375 0.45957232421875 0.549106369140625 0.48105732421875 0.56850791796875 0.5819164921875
6 0.751343384765625 0.2902781875 0.604912875 0.3214635546875 0.609068357421875 0.358932740234375 0.678467248046875 0.357623 0.891498533203125 0.307532181640625 0.9793812109375 0.270946236328125 0.98172870703125 0.239255046875 0.966556353515625 0.248919181640625 0.751343384765625 0.2902781875
7 0.5903501157407407 0.43679108796296295 0.02459490740740744 0.015798611111111138
7 0.5860821759259259 0.41535011574074077 0.0307436342592593 0.01974826388888884
7 0.5602575231481481 0.44775028935185185 0.03240740740740744 0.015856481481481444
7 0.5559172453703703 0.4272858796296296 0.0287905092592593 0.019733796296296235
7 0.5677445023148149 0.33349971064814815 0.02654803240740744 0.015813078703703742
7 0.5632595486111112 0.3149884259259259 0.02459490740740744 0.015798611111111027
7 0.5393880208333333 0.34737413194444444 0.02459490740740744 0.015798611111111138
7 0.5349030671296297 0.32886284722222225 0.02850115740740744 0.015827546296296235
5 0.527600751953125 0.24461207421875 0.553490029296875 0.250927287109375 0.580934287109375 0.2362636015625 0.544617837890625 0.22316328515625 0.502755205078125 0.232872662109375 0.4780721953125 0.262336646484375 0.46896040625 0.307230087890625 0.474134029296875 0.358886162109375 0.482952740234375 0.404731189453125 0.51914521875 0.386400236328125 0.51063749609375 0.352102673828125 0.4996755703125 0.30916582421875 0.508357453125 0.261383267578125 0.527600751953125 0.24461207421875
5 0.3122382890625 0.38058413671875 0.32783681640625 0.3782992265625 0.33319789453125 0.39271991015625 0.353458865234375 0.379555861328125 0.350000837890625 0.36548255078125 0.326710484375 0.35878662109375 0.28830465234375 0.373892970703125 0.2481841328125 0.41214765625 0.21626528125 0.443834046875 0.203079412109375 0.456945685546875 0.251080630859375 0.46851968359375 0.266571958984375 0.467681998046875 0.27510668359375 0.456857462890625 0.2462017734375 0.447589001953125 0.2635688515625 0.43010821484375 0.284043865234375 0.40537504296875 0.3122382890625 0.38058413671875