5 0.1205717578125 0.87075874609375 0.072154287109375 0.852285525390625 0.069076640625 0.89208769921875 0.151353625 0.924967853515625 0.225964296875 0.9288351640625 0.27367141015625 0.91520622265625 0.287713208984375 0.868456775390625 0.248087349609375 0.831715298828125 0.187514775390625 0.845398380859375 0.182051185546875 0.870678455078125 0.21754986328125 0.88840581640625 0.183598224609375 0.893884041015625 0.1205717578125 0.87075874609375
5 0.36363301953125 0.656031546875 0.326621091796875 0.658499009765625 0.25210024609375 0.634532330078125 0.1852301796875 0.61809340234375 0.1634485078125 0.66021709765625 0.28272211328125 0.68634144140625 0.351745615234375 0.69218833984375 0.421018982421875 0.680336431640625 0.43712442578125 0.643094880859375 0.4223749765625 0.593442392578125 0.357568517578125 0.58651080078125 0.3352891640625 0.61693082421875 0.36488055859375 0.63183609765625 0.36363301953125 0.656031546875
5 0.312867376953125 0.385396744140625 0.41215228515625 0.39720846484375 0.500056154296875 0.407422685546875 0.56779939453125 0.394065673828125 0.62782065625 0.350681056640625 0.617912552734375 0.2878466796875 0.7158340078125 0.29819717578125 0.803613337890625 0.285111537109375 0.83137415234375 0.25111130078125 0.8478894609375 0.198570939453125 0.7954852265625 0.206083455078125 0.733362873046875 0.26086016796875 0.65896461328125 0.260194041015625 0.554656833984375 0.239820830078125 0.48109521875 0.230257572265625 0.43737216015625 0.2822005546875 0.531930087890625 0.306438537109375 0.545078171875 0.332085505859375 0.507459810546875 0.3683500234375 0.445553603515625 0.36202863671875 0.3351775859375 0.33643396484375 0.289000634765625 0.351568568359375 0.312867376953125 0.385396744140625
5 0.134500876953125 0.20031741015625 0.09798490625 0.231685982421875 0.09063462109375 0.271559201171875 0.116434794921875 0.29395146875 0.1728136953125 0.291483501953125 0.181954353515625 0.268686001953125 0.153040556640625 0.24248297265625 0.20722481640625 0.218777310546875 0.32375890234375 0.229494076171875 0.36402765234375 0.211538572265625 0.355523390625 0.19120858984375 0.29098363671875 0.1882775546875 0.20350750390625 0.184464384765625 0.134500876953125 0.20031741015625
6 0.42387516015625 0.48724948046875 0.446847998046875 0.467231689453125 0.304620443359375 0.435723216796875 0.323982669921875 0.382993060546875 0.324006025390625 0.276094486328125 0.316267203125 0.22436751171875 0.23838287109375 0.21428887890625 0.271904990234375 0.266708193359375 0.28206295703125 0.311843763671875 0.258909470703125 0.3720603515625 0.25467280859375 0.415744333984375 0.1106108984375 0.39962907421875 0.0909650546875 0.426658185546875 0.21568336328125 0.452904376953125 0.2325862109375 0.491964275390625 0.145747484375 0.56205255859375 0.126652 0.618783830078125 0.1170939140625 0.668448587890625 0.044576791015625 0.668651865234375 0.046131671875 0.691975064453125 0.09824726171875 0.70748055859375 0.170829072265625 0.74524031640625 0.2541414921875 0.750938177734375 0.27327073046875 0.737606755859375 0.1781260234375 0.704567095703125 0.1842138828125 0.667189267578125 0.191814033203125 0.609617240234375 0.254506291015625 0.54194227734375 0.2980693125 0.487598734375 0.42387516015625 0.48724948046875
7 0.26595052083333337 0.5904296874999999 0.024218749999999956 0.013281249999999911
7 0.25579427083333334 0.6146484375000001 0.02825520833333328 0.015494791666666785
7 0.23177083333333334 0.607421875 0.024479166666666663 0.01718749999999991
7 0.24296874999999998 0.5841145833333334 0.028385416666666663 0.017447916666666785
7 0.13196614583333333 0.5817057291666667 0.024348958333333337 0.015234374999999911
7 0.14036458333333332 0.560546875 0.022526041666666663 0.017057291666666696
7 0.10696614583333333 0.5745442708333333 0.024479166666666663 0.01718749999999991
7 0.11725260416666666 0.5522786458333333 0.028385416666666663 0.017447916666666785
7 0.40859375 0.3170572916666667 0.028385416666666607 0.017447916666666674
7 0.3798177083333333 0.312109375 0.03229166666666661 0.017708333333333326
7 0.26295572916666665 0.2953776041666667 0.028385416666666607 0.017447916666666563
7 0.23626302083333334 0.29225260416666665 0.03059895833333337 0.021484375
7 0.13704427083333334 0.8344401041666667 0.02031250000000001 0.013020833333333481
7 0.13326822916666667 0.8513671875 0.028385416666666663 0.017447916666666785
7 0.10911458333333332 0.8421875000000001 0.024479166666666663 0.01718749999999991
7 0.11985677083333332 0.8267578125 0.022395833333333337 0.015104166666666696