1 0.115636458984375 0.659832408203125 0.420867708984375 0.90807407421875 0.5812578125 0.64154722265625 0.297777083984375 0.500990740234375 0.115636458984375 0.659832408203125
1 0.000122396484375 0.474471296875 0 0.560661111328125 0.104178125 0.652425 0.288825 0.498338888671875 0.113515103515625 0.405518517578125 0.000122396484375 0.474471296875
1 0.350011458984375 0.456128703125 0.623780208984375 0.57259537109375 0.702109896484375 0.44264722265625 0.458913541015625 0.359108333984375 0.350011458984375 0.456128703125
1 0.340636458984375 0.456128703125 0.451453646484375 0.359108333984375 0.2768890625 0.30872037109375 0.163496875 0.3789981484375 0.340636458984375 0.456128703125
1 0.5641 0.272918517578125 0.490991666015625 0.339218517578125 0.730458333984375 0.4068444453125 0.7759640625 0.319328703125 0.5641 0.272918517578125
1 0.485428125 0.333906482421875 0.556639583984375 0.27557037109375 0.397741666015625 0.237115740234375 0.311951041015625 0.2888305546875 0.485428125 0.333906482421875
4 0.6014 0.038215740234375 0.604383853515625 0.11512407421875 0.655111978515625 0.129710185546875 0.670778125 0.11512407421875 0.65735 0.035563888671875 0.634969791015625 0.01699907421875 0.611097916015625 0.02097777734375 0.6014 0.038215740234375
7 0.3603515625 0.9560546875 0.021484375 0.0302734375
7 0.5859375 0.60546875 0.0146484375 0.02734375
7 0.3447265625 0.4912109375 0.01171875 0.0185546875
7 0.3046875 0.4755859375 0.0126953125 0.01953125
7 0.154296875 0.40234375 0.0126953125 0.017578125
7 0.69921875 0.419921875 0.0078125 0.01171875
7 0.4921875 0.357421875 0.009765625 0.0166015625
7 0.45703125 0.34765625 0.0107421875 0.0166015625
7 0.3115234375 0.3037109375 0.0087890625 0.0146484375
7 0.7451171875 0.302734375 0.0087890625 0.0166015625
7 0.6123046875 0.2744140625 0.0087890625 0.013671875
7 0.5810546875 0.267578125 0.0107421875 0.0185546875
7 0.759765625 0.1708984375 0.0107421875 0.021484375
7 0.5869140625 0.1484375 0.009765625 0.0224609375
7 0.556640625 0.1416015625 0.0126953125 0.0263671875
7 0.453125 0.130859375 0.0078125 0.0166015625