5 1 0.13360978515625 0.968239970703125 0.035860740234375 0.9478081796875 0.035104005859375 1 0.206633005859375 1 0.13360978515625
5 0.725427330078125 0.0268676796875 0.778013927734375 0.390747080078125 0.807531552734375 0.545691689453125 0.855370666015625 0.648823974609375 0.8686028984375 0.727145201171875 0.8960849921875 0.7191125 0.8808172265625 0.622616287109375 0.818727970703125 0.455605361328125 0.78717453125 0.24266472265625 0.745946630859375 0.02762765234375 0.725427330078125 0.0268676796875
5 0.532711484375 0.461302349609375 0.53780073828125 0.166457978515625 0.531778728515625 0.0196955078125 0.51031836328125 0.0189006796875 0.51031836328125 0.049599365234375 0.51031836328125 0.20164031640625 0.50217566796875 0.42216077734375 0.503193576171875 0.57423993359375 0.53678283203125 0.640644748046875 0.555104037109375 0.719153947265625 0.581568220703125 0.723753921875 0.581568220703125 0.685743810546875 0.53780073828125 0.58457173046875 0.532711484375 0.461302349609375
5 0.3185534375 0.011798275390625 0.29822534375 0.0110453828125 0.20394485546875 0.456365951171875 0.185623365234375 0.65116917578125 0.214123365234375 0.728244953125 0.269087265625 0.742951029296875 0.287408470703125 0.682089146484375 0.222266060546875 0.64890598828125 0.22328396875 0.56930314453125 0.267051734375 0.366392322265625 0.3057299609375 0.116232330078125 0.3185534375 0.011798275390625
6 0.16778410546875 0.0062142265625 0.144401357421875 0.00534819921875 0.128623650390625 0.06804291015625 0.090963046875 0.19877901171875 0.046177373046875 0.465002994140625 0.044141841796875 0.69298928125 0.071623650390625 0.6740971171875 0.069588119140625 0.572660755859375 0.0991057421875 0.405422353515625 0.114373791015625 0.226796228515625 0.14694485546875 0.1013013515625 0.16778410546875 0.0062142265625
3 1 0.409292359375 0.7810673671875 0.40533994921875 0.743406765625 0.472725697265625 0.7790318359375 0.745547671875 0.764781978515625 0.86086115234375 0.60701449609375 0.856827822265625 0.611036130859375 1 0.66808584375 1 0.66808584375 0.936920361328125 0.770889140625 0.958827990234375 0.81974587890625 0.92081748046875 0.8462100625 0.755275896484375 0.80447811328125 0.482227740234375 1 0.47921364453125 1 0.409292359375
3 0.543916623046875 0.020145060546875 0.2344801015625 0.508177369140625 0.21310545703125 0.62322646484375 0.18460545703125 0.631220958984375 0.167301876953125 0.740991107421875 0.1886768046875 0.741782771484375 0.24160545703125 0.69306260546875 0.27315861328125 0.630880888671875 0.289444287109375 0.51745322265625 0.594191884765625 0.022007107421875 0.543916623046875 0.020145060546875
3 0 0.828864208984375 0.08892723046875 0.82496903125 0.25789084765625 0.87285737890625 0.294533826171875 0.885074484375 0.287408470703125 0.969881865234375 0.367522455078125 0.990633681640625 0.376979818359375 0.886318130859375 0.36985474609375 0.8082236015625 0.322015634765625 0.781111541015625 0.2477123359375 0.77292983984375 0.07976662890625 0.725079193359375 0 0.72493387890625 0 0.828864208984375
7 0.9228515625 0.1748046875 0.017578125 0.02799479166666663
7 0.8408203125 0.17176649305555558 0.017578125 0.02799479166666663
7 0.6796875 0.1736111111111111 0.01953125 0.03197337962962965
7 0.5986328125 0.17256221064814814 0.01953125 0.03002025462962965
7 0.4404296875 0.16670283564814814 0.015625 0.02987557870370372
7 0.3623046875 0.16966869212962965 0.025390625 0.02828414351851849
7 0.2041015625 0.16283275462962965 0.017578125 0.03580729166666663
6 0.424772703125 0.015732322265625 0.405479818359375 0.015017771484375 0.405479818359375 0.02037621484375 0.392247583984375 0.1212471015625 0.374944001953125 0.196626451171875 0.37799744140625 0.269140451171875 0.370872654296875 0.3810975 0.3433905625 0.599091779296875 0.3718905625 0.609197384765625 0.400390279296875 0.201189228515625 0.4238010234375 0.068114939453125 0.424772703125 0.015732322265625