7 0.46484375 0.865234375 0.01953125 0.033203125
7 0.62890625 0.87109375 0.0185546875 0.0263671875
7 0.482421875 0.544921875 0.0166015625 0.029296875
7 0.26953125 0.46484375 0.0126953125 0.029296875
7 0.322265625 0.46484375 0.013671875 0.0283203125
7 0.8505859375 0.4755859375 0.0185546875 0.0322265625
7 0.77734375 0.1611328125 0.013671875 0.021484375
4 0.615573958984375 0.666741666015625 0.617066146484375 0.51955462890625 0.572305728515625 0.5102731484375 0.554402083984375 0.470493517578125 0.532021875 0.479775 0.522323958984375 0.51690277734375 0.490636458984375 0.509832408203125 0.480547916015625 0.723760185546875 0.458167708984375 0.721107408203125 0.4507078125 0.827187962890625 0.643176041015625 0.832491666015625 0.639445833984375 0.721107408203125 0.605876041015625 0.7184555546875 0.604383853515625 0.68397962890625 0.615573958984375 0.666741666015625
1 0 0.531488888671875 0.000122396484375 0.8497305546875 0.444739583984375 0.857686111328125 0.465636458984375 0.4968694453125 0.0113125 0.489057408203125 0 0.531488888671875
1 0.646886458984375 0.498721296875 0.64690625 0.861663888671875 0.999479166015625 0.87890277734375 0.999479166015625 0.503642591796875 0.646886458984375 0.498721296875
1 0.361469791015625 0.17464722265625 0.329855208984375 0.4545805546875 0.786408333984375 0.458559259765625 0.7670125 0.173467591796875 0.361469791015625 0.17464722265625
1 0.286586978515625 0.174793517578125 0.003136458984375 0.17464722265625 0 0.44795092578125 0.245557291015625 0.45060277734375 0.286586978515625 0.174793517578125
1 0.00086875 0 0 0.138991666015625 0.291678125 0.137610185546875 0.311205208984375 0 0.00086875 0
1 0.381329166015625 0 0.366678125 0.137610185546875 0.764774478515625 0.137665740234375 0.757314583984375 0 0.381329166015625 0
1 0.999479166015625 0.18275 0.848969791015625 0.18020277734375 0.872944271484375 0.4545805546875 0.999479166015625 0.461211111328125 0.999479166015625 0.18275
1 0.843761458984375 0.139462037109375 0.999479166015625 0.1429694453125 0.998272916015625 0.001087037109375 0.830422396484375 0.001087037109375 0.843761458984375 0.139462037109375
3 0.287333333984375 0.2822 0.3328390625 0.3166768515625 0.343283333984375 0.3126981484375 0.37163125 0.059431482421875 0.313553125 0.041313888671875 0.280619271484375 0.263636111328125 0.287333333984375 0.2822
3 0.821886458984375 0.217239814453125 0.8214703125 0.34717407421875 0.787154166015625 0.352478703125 0.7856625 0.465188888671875 0.810280208984375 0.48110092578125 0.811772396484375 0.437342591796875 0.867722396484375 0.446625 0.846088541015625 0.202639814453125 0.821886458984375 0.217239814453125
3 0.758344791015625 0.002425 0.76925 0.136339814453125 0.816994271484375 0.132362037109375 0.8229625 0.15622962890625 0.837882291015625 0.154903703125 0.8296765625 0.055453703125 0.793122396484375 0.05677962890625 0.7893921875 0 0.758344791015625 0.002425
6 0.3306015625 0.198662037109375 0.326125521484375 0.1429694453125 0.309713541015625 0.1244055546875 0.27838125 0.14827407421875 0.270175 0.170815740234375 0.288079166015625 0.170815740234375 0.310459375 0.1575555546875 0.310459375 0.2410944453125 0.3052375 0.367064814453125 0.291809375 0.40817037109375 0.279127083984375 0.4068444453125 0.287511458984375 0.315387962890625 0.264953125 0.31402407421875 0.2582390625 0.368390740234375 0.2634609375 0.433364814453125 0.291063021484375 0.438668517578125 0.3171734375 0.385628703125 0.321649478515625 0.272918517578125 0.3306015625 0.198662037109375
6 0.819232291015625 0.489057408203125 0.837136458984375 0.437342591796875 0.834152603515625 0.367064814453125 0.820724478515625 0.276896296875 0.815502603515625 0.21987777734375 0.8229625 0.194684259765625 0.855040625 0.18672777734375 0.85205625 0.15622962890625 0.810280208984375 0.173467591796875 0.799836458984375 0.227834259765625 0.816994271484375 0.368390740234375 0.819232291015625 0.441321296875 0.787900521484375 0.47844907421875 0.746124478515625 0.485078703125 0.622288021484375 0.503642591796875 0.623969791015625 0.656128703125 0.641684375 0.660111111328125 0.646159896484375 0.595137037109375 0.641684375 0.532814814453125 0.6506359375 0.50894722265625 0.70285625 0.50894722265625 0.769996353515625 0.5049694453125 0.819232291015625 0.489057408203125