0 0.40112997265625 0.18486530859375 0.37322514453125 0.16685802734375 0.284345205078125 0.180551228515625 0.283928380859375 0.1946190078125 0.164716068359375 0.2114795703125 0.144485166015625 0.23518109765625 0.13719609375 0.26791183203125 0.135778130859375 0.34242290234375 0.130695568359375 0.407321669921875 0.116034546875 0.422233548828125 0.14871943359375 0.838775724609375 0.187744169921875 0.881400806640625 0.28486899609375 0.9360292265625 0.3330574296875 0.935983015625 0.773710953125 0.780675060546875 0.890247482421875 0.71338424609375 0.915236671875 0.723138064453125 0.9336044921875 0.71643276171875 0.9331884765625 0.703818544921875 0.969340283203125 0.6834205078125 0.978674115234375 0.66048933984375 0.9786796796875 0.660301529296875 0.967800703125 0.628743634765625 0.9466018984375 0.597702052734375 0.9244446953125 0.572333123046875 0.775842234375 0.4687955390625 0.654186169921875 0.388938873046875 0.562017837890625 0.326994705078125 0.555855228515625 0.268379158203125 0.532908447265625 0.1896941015625 0.50666982421875 0.168780646484375 0.40112997265625 0.18486530859375
7 0.1220630787037037 0.42072482638888886 0.01034432870370372 0.02010995370370372
7 0.12349537037037037 0.43818721064814814 0.01229745370370372 0.020225694444444442
7 0.12486979166666667 0.4576027199074074 0.01620370370370372 0.020457175925925997
7 0.12822627314814816 0.4759259259259259 0.012181712962962998 0.016319444444444442
7 0.12962962962962965 0.49436487268518514 0.014134837962962998 0.016435185185185164
7 0.13177806712962964 0.520558449074074 0.012239583333333304 0.018272569444444553
7 0.13487413194444445 0.5476707175925926 0.016377314814814803 0.026316550925925775
7 0.13883101851851853 0.5786313657407407 0.016261574074074026 0.022410300925925775
7 0.14086371527777777 0.6087311921296297 0.016319444444444442 0.024363425925925775
7 0.14544994212962964 0.6513527199074074 0.01626157407407408 0.022410300925925997
7 0.14900173611111112 0.6959852430555555 0.018330439814814803 0.026432291666666607
7 0.15424623842592594 0.749291087962963 0.020341435185185164 0.02850115740740744
7 0.1584273726851852 0.8055844907407408 0.020341435185185164 0.02850115740740744
7 0.18426649305555554 0.8547453703703703 0.02430555555555558 0.030685763888888884
7 0.23986545138888887 0.886545138888889 0.026490162037037024 0.038614004629629495
7 0.31022858796296293 0.9135706018518519 0.018504050925925997 0.03229166666666661
7 0.438939525462963 0.8796223958333333 0.024363425925925997 0.032638888888888884
7 0.5561631944444445 0.8385561342592593 0.01856192129629619 0.03424479166666661
7 0.6340060763888888 0.810546875 0.02442129629629619 0.034592013888888884
7 0.709837962962963 0.7846064814814815 0.016435185185185164 0.028269675925925997
7 0.7769675925925925 0.7562572337962963 0.020457175925925775 0.03240740740740744
7 0.8552155671296297 0.714576099537037 0.022294560185185164 0.02861689814814805
7 0.9379412615740741 0.686277488425926 0.02039930555555558 0.03045428240740744
7 0.9623625578703704 0.6516854745370371 0.020283564814814747 0.02654803240740744
7 0.9479817708333333 0.610619212962963 0.024363425925925997 0.032638888888888884