6 0.6132852734375 0.44475196484375 0.582025833984375 0.389776986328125 0.532585078125 0.291736984375 0.492497232421875 0.275618572265625 0.410386912109375 0.31909822265625 0.373747435546875 0.3747654296875 0.335483140625 0.407882775390625 0.3689603125 0.458760810546875 0.396937318359375 0.42511005078125 0.506503578125 0.33391087890625 0.60207319921875 0.5045455859375 0.67582397265625 0.512581634765625 0.722896271484375 0.4910498828125 0.73520370703125 0.452478619140625 0.67753994921875 0.452296603515625 0.6132852734375 0.44475196484375
5 0.376333310546875 0.487224642578125 0.37011961328125 0.575357986328125 0.355513576171875 0.6714810234375 0.32210154296875 0.707657923828125 0.303118912109375 0.685612984375 0.300826400390625 0.623715146484375 0.320681748046875 0.58402734765625 0.310039359375 0.552586037109375 0.288090296875 0.5570638515625 0.26378028125 0.6470678046875 0.30140297265625 0.745899 0.354953490234375 0.741654818359375 0.38574058984375 0.67726028515625 0.40439469140625 0.498507525390625 0.442014994140625 0.470603080078125 0.436025052734375 0.435560693359375 0.40384083203125 0.44091275390625 0.376333310546875 0.487224642578125
7 0.4969618055555556 0.6807581018518518 0.04181134259259256 0.0762442129629628
7 0.5638382523148148 0.6705801504629629 0.03544560185185186 0.062268518518518556
7 0.6006944444444444 0.6393518518518518 0.0332754629629628 0.05630787037037033
7 0.45963541666666663 0.4361255787037037 0.02517361111111116 0.04809027777777786
7 0.49772135416666663 0.41178385416666663 0.02546296296296302 0.05590277777777786
7 0.2531467013888889 0.49267216435185185 0.04369212962962965 0.07439236111111114
7 0.2978515625 0.4628255208333333 0.04210069444444442 0.08405671296296302
7 0.8044704861111112 0.24639756944444444 0.04152199074074092 0.06843171296296297
7 0.7703269675925926 0.19296875000000002 0.03776041666666652 0.07213541666666667
7 0.6961082175925926 0.16280381944444444 0.03342013888888884 0.06021412037037033
7 0.9436487268518519 0.056727430555555555 0.02792245370370372 0.017042824074074064
7 0.9776475694444444 0.39573206018518514 0.0332754629629628 0.05630787037037033
3 0.12959346064814814 0.4463035300925926 0.23741319444444442 0.3047164351851852