1 0.519954140625 0.641168326171875 0.306115271484375 0.541712564453125 0.158459412109375 0.630779482421875 0.370402857421875 0.773303609375 0.519954140625 0.641168326171875
1 0.1463268671875 0.46131812890625 0.012820052734375 0.523625041015625 0.149358162109375 0.630981732421875 0.299169080078125 0.53607693359375 0.1463268671875 0.46131812890625
1 0.665238291015625 0.5120213515625 0.4609701015625 0.439852591796875 0.35158971875 0.5112740234375 0.563921693359375 0.60400811328125 0.665238291015625 0.5120213515625
1 0.286405955078125 0.385837931640625 0.191965666015625 0.43569873828125 0.34844665625 0.50730128515625 0.455984966796875 0.4414106171875 0.286405955078125 0.385837931640625
1 0.584036599609375 0.36330320703125 0.494912810546875 0.418835861328125 0.695300873046875 0.488196353515625 0.764403783203125 0.4192273828125 0.584036599609375 0.36330320703125
1 0.414209126953125 0.323657767578125 0.33544275 0.3702757734375 0.489495787109375 0.419272572265625 0.573348326171875 0.364988982421875 0.414209126953125 0.323657767578125
5 0.7583808203125 0.46942662109375 0.703090162109375 0.529995400390625 0.58561708984375 0.6324719140625 0.393478916015625 0.817658451171875 0.39998409765625 0.84211807421875 0.522634990234375 0.73518476171875 0.6481723515625 0.609372103515625 0.715201154296875 0.555778705078125 0.81733224609375 0.463774853515625 0.834123685546875 0.4315602890625 0.844436619140625 0.325676130859375 0.84268061328125 0.205586703125 0.8221907421875 0.234005607421875 0.818062046875 0.355208150390625 0.813810224609375 0.418985478515625 0.78949276953125 0.454261779296875 0.767342708984375 0.46922746875 0.7583808203125 0.46942662109375
6 0.208114203125 0.87425244140625 0.232616326171875 0.863205314453125 0.2626101796875 0.87701225 0.291415986328125 0.872030384765625 0.398753931640625 0.811752244140625 0.501603595703125 0.72117866015625 0.589069158203125 0.6295007109375 0.6313524453125 0.605404142578125 0.750274978515625 0.4811857265625 0.84238129296875 0.405324345703125 0.8701508203125 0.36707684375 0.875217205078125 0.3032814140625 0.868407265625 0.222382958984375 0.8533688203125 0.203901943359375 0.854420544921875 0.297954580078125 0.850223296875 0.348704474609375 0.7895194453125 0.40505180859375 0.663608599609375 0.51205756640625 0.496603013671875 0.661949689453125 0.318812595703125 0.814975966796875 0.2656608671875 0.819051607421875 0.255179 0.793232095703125 0.208114203125 0.87425244140625
3 0.512331498046875 0.64567945703125 0.537408376953125 0.623412498046875 0.675360330078125 0.4944284609375 0.642597626953125 0.440125818359375 0.483233455078125 0.569617017578125 0.512331498046875 0.64567945703125
3 0.204242080078125 0.4223997109375 0.01229537109375 0.51929496484375 0.018303765625 0.57560705078125 0.19721400390625 0.47900250390625 0.207684931640625 0.437662791015625 0.204242080078125 0.4223997109375
3 0.313061533203125 0.547347185546875 0.473439771484375 0.42365477734375 0.456881345703125 0.379155099609375 0.44167506640625 0.36980294140625 0.282652708984375 0.503155296875 0.313061533203125 0.547347185546875
3 0.497439115234375 0.334201767578125 0.449008517578125 0.314199962890625 0.3397645234375 0.354259021484375 0.327764966796875 0.387814345703125 0.347360556640625 0.3989568515625 0.45182619140625 0.3329535625 0.462555951171875 0.34284583984375 0.497439115234375 0.334201767578125
3 0.468996322265625 0.215577568359375 0.48563021875 0.301808185546875 0.558709470703125 0.316104912109375 0.54694471875 0.358338490234375 0.5981223046875 0.37167467578125 0.601491404296875 0.3455473671875 0.574563048828125 0.3345678125 0.5852227890625 0.296700525390625 0.574547669921875 0.27377980078125 0.501468986328125 0.259483060546875 0.5041326015625 0.207320001953125 0.468996322265625 0.215577568359375
3 0.761334880859375 0.41291537109375 0.784420447265625 0.261879734375 0.745890841796875 0.25389279296875 0.7251542578125 0.406482146484375 0.761334880859375 0.41291537109375
3 0.638580857421875 0.265120615234375 0.648715982421875 0.22292223828125 0.563363771484375 0.197310173828125 0.568374486328125 0.25654902734375 0.638580857421875 0.265120615234375
3 0.6280598958333333 0.17424045138888888 0.09531249999999991 0.08402777777777781