5 0.072484896484375 0.2159 0.043390625 0.230486111328125 0.040406771484375 0.17877222265625 0.072484896484375 0.112471296875 0.0739765625 0.038215740234375 0.045844791015625 0.043165740234375 0.0075828125 0.166837962890625 0.003852603515625 0.234463888671875 0.021010416015625 0.28352592578125 0.069500521484375 0.2822 0.115752603515625 0.221203703125 0.115006771484375 0.160207408203125 0.089642708984375 0.170815740234375 0.072484896484375 0.2159
5 0.362679166015625 0.267613888671875 0.347013541015625 0.32065462890625 0.318665103515625 0.319328703125 0.314935416015625 0.272918517578125 0.336569271484375 0.188053703125 0.345521353515625 0.133687962890625 0.314594791015625 0.12835092578125 0.291809375 0.225182408203125 0.284349478515625 0.296786111328125 0.289571353515625 0.339218517578125 0.3141890625 0.371042591796875 0.351489583984375 0.3829768515625 0.389535416015625 0.357782408203125 0.402963541015625 0.286178703125 0.362679166015625 0.267613888671875
5 0.81475625 0.715803703125 0.837882291015625 0.634917591796875 0.753584375 0.624309259765625 0.729711978515625 0.57524722265625 0.740902083984375 0.364412962890625 0.603136458984375 0.2079805546875 0.590209896484375 0.360434259765625 0.599161978515625 0.430712962890625 0.631240103515625 0.47314537109375 0.703602083984375 0.47844907421875 0.693158333984375 0.555357408203125 0.703602083984375 0.653481482421875 0.73195 0.706521296875 0.81475625 0.715803703125
5 0.775218228515625 0.154903703125 0.771488541015625 0.068713888671875 0.743886458984375 0.02097777734375 0.716284375 0.005065740234375 0.6879359375 0.02097777734375 0.672928125 0.048721296875 0.683459896484375 0.072691666015625 0.70285625 0.067387962890625 0.727473958984375 0.05412777734375 0.748361978515625 0.099212037109375 0.736426041015625 0.194684259765625 0.7386640625 0.225182408203125 0.7841703125 0.230486111328125 0.775218228515625 0.154903703125
7 0.66796875 0.291015625 0.0146484375 0.0283203125
7 0.3896484375 0.2119140625 0.01171875 0.0234375
7 0.36328125 0.2060546875 0.015625 0.025390625
7 0.3701171875 0.181640625 0.0146484375 0.021484375
7 0.392578125 0.1845703125 0.0166015625 0.02734375
7 0.390625 0.0869140625 0.013671875 0.021484375
7 0.4111328125 0.09375 0.0126953125 0.0224609375