6 0.29249131944444445 0.12960069444444444 0.3701388888888889 0.2528356481481482
6 0.63934771875 0.8901887265625 0.678421015625 0.852621826171875 0.685735349609375 0.764325427734375 0.720201890625 0.74954098046875 0.79602555859375 0.685402767578125 0.80759622265625 0.6296345078125 0.731842466796875 0.600519857421875 0.755370408203125 0.6557472890625 0.665407654296875 0.717886328125 0.611036716796875 0.758951109375 0.622325759765625 0.85491144140625 0.59018133203125 0.890312732421875 0.581679837890625 0.9833521875 0.630590560546875 0.9776522578125 0.64645259765625 0.9235919375 0.63934771875 0.8901887265625
7 0.4388237847222223 0.635228587962963 0.08767361111111116 0.041608796296296324
7 0.46126302083333337 0.7012369791666666 0.06397569444444451 0.03505497685185199
7 0.4756944444444445 0.7406756365740741 0.05598958333333337 0.030917245370370328
7 0.6572482638888888 0.6124421296296296 0.05590277777777786 0.028964120370370328
7 0.6881076388888889 0.6484664351851852 0.04392361111111098 0.022757523148148273
7 0.6872178819444446 0.6942780671296296 0.03975694444444455 0.01678240740740744
7 0.5918836805555556 0.9411241319444444 0.03619791666666661 0.024479166666666607
7 0.8810763888888888 0.9526186342592593 0.06432291666666679 0.04286747685185199
7 0.9314453125 0.922902199074074 0.07187499999999991 0.037239583333333215
7 0.9100260416666667 0.8140118634259259 0.10295138888888888 0.03425925925925921