5 0.141116666015625 0.1496 0.1381328125 0.11777592578125 0.163496875 0.060757408203125 0.1836390625 0.01699907421875 0.146886458984375 0.011684259765625 0.111277083984375 0.0859518515625 0.103070833984375 0.154903703125 0.11276875 0.199987962890625 0.155291146484375 0.2159 0.1918453125 0.18142407421875 0.182893228515625 0.1244055546875 0.1597671875 0.11777592578125 0.141116666015625 0.1496
5 0.370139583984375 0.302090740234375 0.347759375 0.299437962890625 0.347759375 0.264962037109375 0.374615625 0.197336111328125 0.394011458984375 0.136339814453125 0.356261458984375 0.113536111328125 0.324633333984375 0.2225305546875 0.314935416015625 0.286178703125 0.321649478515625 0.35115277734375 0.355219271484375 0.368390740234375 0.402217708984375 0.357782408203125 0.412661458984375 0.298112037109375 0.385805208984375 0.27557037109375 0.370139583984375 0.302090740234375
5 0.69465 0.758236111328125 0.742394271484375 0.7768 0.7386640625 0.727737962890625 0.691666146484375 0.666741666015625 0.696888021484375 0.597788888671875 0.722252083984375 0.502317591796875 0.735680208984375 0.434690740234375 0.690173958984375 0.390932408203125 0.661826041015625 0.4771231484375 0.6372078125 0.4877305546875 0.605876041015625 0.45060277734375 0.615573958984375 0.393584259765625 0.646159896484375 0.292808333984375 0.634969791015625 0.24905 0.602094791015625 0.269091666015625 0.584988021484375 0.360434259765625 0.570068228515625 0.441321296875 0.578273958984375 0.5049694453125 0.614828125 0.563312962890625 0.673761978515625 0.558009259765625 0.658095833984375 0.64817777734375 0.664809896484375 0.730389814453125 0.69465 0.758236111328125
5 0.795360416015625 0.1800981484375 0.784916146484375 0.11512407421875 0.758060416015625 0.079321296875 0.72150625 0.070039814453125 0.699126041015625 0.092581482421875 0.697928125 0.145017591796875 0.718522396484375 0.154903703125 0.744632291015625 0.129710185546875 0.763282291015625 0.18142407421875 0.746124478515625 0.2888305546875 0.7602984375 0.327284259765625 0.779694271484375 0.32065462890625 0.786408333984375 0.260984259765625 0.795360416015625 0.1800981484375
6 0.335077083984375 0 0.316427603515625 0.05014907421875 0.2768890625 0.11512407421875 0.2664453125 0.192032408203125 0.277635416015625 0.210596296875 0.3141890625 0.1244055546875 0.348505208984375 0.132362037109375 0.401471353515625 0.1429694453125 0.460405728515625 0.205291666015625 0.50815 0.24905 0.500689583984375 0.365738888671875 0.517847916015625 0.3882805546875 0.55589375 0.258332408203125 0.603638021484375 0.2795481484375 0.70285625 0.286178703125 0.751346353515625 0.2822 0.7655203125 0.210596296875 0.7147921875 0.238442591796875 0.6722703125 0.24507222265625 0.617811978515625 0.21987777734375 0.577528125 0.2132481484375 0.6014 0.08064722265625 0.577528125 0.060757408203125 0.54545 0.174793517578125 0.50815 0.188053703125 0.448469791015625 0.103189814453125 0.3969953125 0.08197407421875 0.351489583984375 0.070039814453125 0.355965625 0 0.335077083984375 0
7 0.4140625 0.212890625 0.01171875 0.0205078125
7 0.392578125 0.2021484375 0.0126953125 0.025390625
7 0.4013671875 0.1806640625 0.0146484375 0.0224609375
7 0.421875 0.1923828125 0.0146484375 0.025390625
7 0.431640625 0.0888671875 0.0126953125 0.021484375
7 0.4501953125 0.0986328125 0.0146484375 0.01953125
7 0.439453125 0.06640625 0.013671875 0.021484375
7 0.4599609375 0.078125 0.013671875 0.025390625
7 0.66015625 0.3623046875 0.015625 0.0244140625
7 0.666015625 0.3349609375 0.0146484375 0.0283203125
7 0.6884765625 0.228515625 0.013671875 0.0244140625
7 0.693359375 0.2041015625 0.017578125 0.02734375
7 0.1962890625 0.0791015625 0.01171875 0.0185546875
7 0.1806640625 0.0732421875 0.0146484375 0.0244140625
7 0.1904296875 0.0517578125 0.0146484375 0.0224609375
7 0.2041015625 0.0625 0.0126953125 0.01953125