5 0.103515625 0.939453125 0.2060546875 0.1201171875
5 0.3427734375 0.5205078125 0.158203125 0.0771484375
5 0.4345703125 0.3154296875 0.0908203125 0.125
5 0.53515625 0.630859375 0.1201171875 0.126953125
6 0.273905208984375 0.99907407421875 0.311951041015625 0.923964814453125 0.324633333984375 0.847056482421875 0.35298125 0.734346296875 0.375361458984375 0.63887407421875 0.372377603515625 0.60307222265625 0.362511458984375 0.606128703125 0.3544734375 0.6375694453125 0.338061458984375 0.65082962890625 0.333585416015625 0.682653703125 0.333585416015625 0.726412037109375 0.307475 0.823210185546875 0.302998958984375 0.87227222265625 0.241827083984375 0.99907407421875 0.273905208984375 0.99907407421875
6 0.2712578125 0.784871296875 0.297367708984375 0.837911111328125 0.41150625 0.844540740234375 0.412252083984375 0.790175 0.265290103515625 0.72520092578125 0.1966578125 0.719896296875 0.184721875 0.7543731484375 0.2712578125 0.784871296875
7 0.341796875 0.564453125 0.013671875 0.0185546875
7 0.35546875 0.5400390625 0.013671875 0.021484375
7 0.3720703125 0.544921875 0.013671875 0.0205078125
7 0.3603515625 0.5703125 0.013671875 0.021484375
7 0.4462890625 0.5654296875 0.0146484375 0.0224609375
7 0.435546875 0.59375 0.015625 0.0234375
7 0.4560546875 0.599609375 0.013671875 0.0234375
7 0.46484375 0.572265625 0.0146484375 0.0244140625
7 0.51171875 0.3828125 0.009765625 0.013671875
7 0.525390625 0.384765625 0.009765625 0.01171875
7 0.4599609375 0.373046875 0.0087890625 0.009765625
7 0.4482421875 0.3681640625 0.0078125 0.0146484375
6 0.4423140625 0.553433333984375 0.459844791015625 0.4931 0.4729 0.454646296875 0.474019271484375 0.42149537109375 0.467678125 0.394312962890625 0.463547396484375 0.397509259765625 0.462829166015625 0.40492037109375 0.457606771484375 0.40889907421875 0.454995833984375 0.432103703125 0.453504166015625 0.452656482421875 0.457234375 0.477187962890625 0.4423140625 0.516968517578125 0.429631771484375 0.554096296875 0.4423140625 0.553433333984375
6 0.447163021484375 0.448015740234375 0.430005208984375 0.426137037109375 0.390840103515625 0.430114814453125 0.384380728515625 0.451212962890625 0.426647916015625 0.45862407421875 0.434480728515625 0.501056482421875 0.4784953125 0.4851444453125 0.522509375 0.47785092578125 0.526985416015625 0.461938888671875 0.495653125 0.4513305546875 0.46245625 0.46127592578125 0.447163021484375 0.448015740234375