1 0.1474609375 0.86328125 0.2939453125 0.2734375
6 0.3896484375 0.6982421875 0.26171875 0.18359375
5 0.5546875 0.6015625 0.2119140625 0.26171875
5 0.50390625 0.20703125 0.1083984375 0.1455078125
7 0.4921875 0.501953125 0.013671875 0.0244140625
7 0.51171875 0.51171875 0.015625 0.0302734375
7 0.5029296875 0.4765625 0.0126953125 0.0224609375
7 0.521484375 0.482421875 0.0146484375 0.0234375
7 0.4150390625 0.4404296875 0.01171875 0.015625
7 0.4033203125 0.4638671875 0.0126953125 0.0224609375
7 0.4306640625 0.4482421875 0.013671875 0.0205078125
7 0.4169921875 0.46875 0.013671875 0.025390625
0 0.253763021484375 0.25302777734375 0.097848958984375 0.4161268515625 0.097102603515625 0.45060277734375 0.363553125 0.511684259765625 0.4798015625 0.286178703125 0.253763021484375 0.25302777734375