5 0.1224681712962963 0.8848958333333333 0.12977430555555555 0.23020833333333335
5 0.524197048611111 0.6245442708333333 0.10438368055555558 0.17604166666666665
5 0.39275896990740744 0.4399739583333333 0.16247106481481488 0.1468750000000001
5 0.7313368055555556 0.5194661458333334 0.12442129629629628 0.10546875
6 0.375381580078125 0.60542420703125 0.228944326171875 0.653106359375 0.114280796875 0.683966291015625 0.05347787109375 0.72195126953125 0.055830798828125 0.753715794921875 0.0575203984375 0.753529470703125 0.168043697265625 0.69431183984375 0.247737154296875 0.674295505859375 0.32440733203125 0.650611171875 0.35589681640625 0.648511873046875 0.39234901953125 0.639116857421875 0.410261404296875 0.620897638671875 0.4407201015625 0.614091439453125 0.4326553359375 0.598510638671875 0.375381580078125 0.60542420703125
7 0.43768084490740744 0.5164713541666667 0.02459490740740744 0.01718749999999991
7 0.4652054398148148 0.5038411458333334 0.02445023148148151 0.015234374999999911
7 0.47160734953703703 0.5240234375 0.02654803240740744 0.017317708333333348
7 0.44603587962962965 0.5365234375000001 0.02850115740740744 0.017447916666666785
7 0.4732349537037037 0.6122395833333334 0.02459490740740744 0.01718749999999991
7 0.5057508680555556 0.6139973958333333 0.0244502314814814 0.015234374999999911
7 0.4976128472222222 0.596875 0.02459490740740744 0.01718749999999991
7 0.48046875 0.6304036458333333 0.02445023148148151 0.015234374999999911
7 0.6550202546296295 0.44309895833333335 0.01634837962962976 0.010807291666666607
7 0.6696686921296297 0.4951171875 0.01229745370370372 0.008593749999999956
7 0.6725622106481481 0.5076822916666667 0.01229745370370372 0.008593749999999956
6 0.585146919921875 0.4872066796875 0.556514982421875 0.50072359375 0.4814985703125 0.523880572265625 0.484657775390625 0.53795683203125 0.5308879375 0.5190999921875 0.599847119140625 0.50706184765625 0.63124526953125 0.5022898828125 0.635523541015625 0.495754056640625 0.645050126953125 0.494247462890625 0.64489208203125 0.486497822265625 0.628392482421875 0.4852167421875 0.585146919921875 0.4872066796875