1 0.645155759765625 0.209447951171875 0.408049201171875 0.34858925390625 0.468135486328125 0.55916791015625 0.727285578125 0.478088958984375 0.645155759765625 0.209447951171875
1 0.453641107421875 0.564390599609375 0.39899141796875 0.353838388671875 0.2169295234375 0.455272185546875 0.253539833984375 0.62077925390625 0.453641107421875 0.564390599609375
7 0.8199508101851851 0.5809534143518519 0.03197337962962976 0.009997106481481444
7 0.7303602430555556 0.5968822337962962 0.02806712962962976 0.009968171296296457
7 0.656322337962963 0.6119502314814815 0.028211805555555358 0.011921296296296457
7 0.6538990162037037 0.5924117476851851 0.02792245370370372 0.008015046296296457
7 0.7270326967592593 0.5783130787037036 0.03197337962962976 0.009997106481481666
7 0.5813078703703703 0.600658275462963 0.02987557870370372 0.00802951388888884
7 0.5090060763888888 0.6391637731481481 0.02792245370370372 0.008015046296296457
7 0.45793547453703703 0.6348813657407408 0.02401620370370372 0.00798611111111125
7 0.4126880787037037 0.6433304398148147 0.02416087962962965 0.00993923611111125
7 0.42053674768518523 0.6570529513888889 0.03182870370370372 0.008043981481481444
7 0.4657841435185185 0.6486038773148148 0.03182870370370372 0.008043981481481444
7 0.9406828703703705 0.39249855324074073 0.03978587962962976 0.01005497685185186
7 0.9006076388888888 0.29947916666666663 0.03211805555555536 0.011950231481481444
7 0.6398292824074074 0.20482494212962962 0.0400752314814814 0.01396122685185186
7 0.5443431712962963 0.2597511574074074 0.03993055555555558 0.01200810185185186
7 0.48647280092592593 0.295435474537037 0.04774305555555558 0.012065972222222276
7 0.43214699074074076 0.32626591435185187 0.03573495370370372 0.008072916666666652