1 0.30558858984375 0.547356595703125 0.361266080078125 0.534203478515625 0.332399904296875 0.390465505859375 0.276438880859375 0.38906753125 0.30558858984375 0.547356595703125
1 0.29709035546875 0.169942658203125 0.23636458984375 0.157744255859375 0.26043748046875 0.32689509375 0.32630580078125 0.3292318359375 0.29709035546875 0.169942658203125
1 0.3787791171875 0.600206169921875 0.424758400390625 0.584114931640625 0.407526783203125 0.45605576171875 0.35584706640625 0.46185801953125 0.3787791171875 0.600206169921875
1 0.37952083203125 0.287376857421875 0.323159765625 0.282047705078125 0.350655244140625 0.432656513671875 0.40266724609375 0.428155423828125 0.37952083203125 0.287376857421875
1 0.3524246640625 0.110565509765625 0.29549319140625 0.089835279296875 0.319309412109375 0.252056009765625 0.37347020703125 0.259678140625 0.3524246640625 0.110565509765625
1 0.43163205859375 0.584783951171875 0.47227785546875 0.57262437890625 0.453216759765625 0.449999578125 0.411780310546875 0.455636099609375 0.43163205859375 0.584783951171875
1 0.43314478125 0.2927460234375 0.383657375 0.288085890625 0.406674990234375 0.428744255859375 0.450348921875 0.424221453125 0.43314478125 0.2927460234375
1 0.410640576171875 0.128965765625 0.362122892578125 0.11350416796875 0.379864048828125 0.259633982421875 0.42923813671875 0.267458818359375 0.410640576171875 0.128965765625
1 0.457789212890625 0.144447107421875 0.4147761640625 0.1296748125 0.434941650390625 0.267293634765625 0.477318056640625 0.27427753515625 0.457789212890625 0.144447107421875
1 0.502084787109375 0.156889458984375 0.46340792578125 0.148216517578125 0.48180508203125 0.2750744375 0.5119340078125 0.279144 0.502084787109375 0.156889458984375
1 0.540962248046875 0.170952705078125 0.503454767578125 0.156869162109375 0.51894179296875 0.27914723046875 0.5561898359375 0.28601937109375 0.540962248046875 0.170952705078125
1 0.5741915234375 0.180476666015625 0.5450978359375 0.171661751953125 0.554766529296875 0.284780625 0.584950173828125 0.2877450078125 0.5741915234375 0.180476666015625
1 0.6033137265625 0.190061470703125 0.575589064453125 0.18122627734375 0.58511514453125 0.290494611328125 0.61000589453125 0.292753107421875 0.6033137265625 0.190061470703125
1 0.607763056640625 0.19924148828125 0.613153583984375 0.2338338671875 0.737371724609375 0.221977353515625 0.73444908984375 0.191930494140625 0.607763056640625 0.19924148828125
1 0.627928505859375 0.410827216796875 0.65251487890625 0.40892234375 0.643307169921875 0.313776931640625 0.61609123828125 0.31315053515625 0.627928505859375 0.410827216796875
1 0.597893609375 0.41358366015625 0.625076376953125 0.407787671875 0.616419052734375 0.310947697265625 0.59124819140625 0.308125296875 0.597893609375 0.41358366015625
1 0.56785871484375 0.416340103515625 0.597836560546875 0.412043337890625 0.5856271953125 0.306024578125 0.55690560546875 0.3055517421875 0.56785871484375 0.416340103515625
1 0.53919284375 0.419076265625 0.56646117578125 0.4155904921875 0.556946505859375 0.306449478515625 0.521166455078125 0.30222909765625 0.53919284375 0.419076265625
1 0.500858236328125 0.419644185546875 0.5377097421875 0.416016439453125 0.518546291015625 0.30271493359375 0.484029744140625 0.298156306640625 0.500858236328125 0.419644185546875
1 0.45442262109375 0.423414455078125 0.49811923046875 0.419684763671875 0.482137767578125 0.3011026015625 0.440075466796875 0.29495483203125 0.45442262109375 0.423414455078125
1 0.638909171875 0.522385484375 0.6605293203125 0.514360421875 0.6517733125 0.4258840234375 0.628613013671875 0.4293089375 0.638909171875 0.522385484375
1 0.613152478515625 0.52970151171875 0.637483099609375 0.52086544140625 0.628487787109375 0.43018923046875 0.60128765234375 0.431254923828125 0.613152478515625 0.52970151171875
1 0.581977689453125 0.5386389765625 0.61038589453125 0.528971646484375 0.59988674609375 0.432764666015625 0.569969294921875 0.436341865234375 0.581977689453125 0.5386389765625
1 0.5508589765625 0.549116240234375 0.581920640625 0.537098654296875 0.569413486328125 0.43644369921875 0.538593890625 0.439888482421875 0.5508589765625 0.549116240234375
1 0.515546666015625 0.5573441484375 0.548091435546875 0.548386388671875 0.53511613671875 0.440179384765625 0.5004874375 0.4466166171875 0.515546666015625 0.5573441484375
1 0.47495885546875 0.5710434921875 0.512894181640625 0.559694927734375 0.495162294921875 0.446150587890625 0.458187412109375 0.451095935546875 0.47495885546875 0.5710434921875
1 0.575159021484375 0.8353779375 0.60023120703125 0.809580189453125 0.56315780078125 0.6291151015625 0.50861594140625 0.62910225 0.430434125 0.663391572265625 0.436509130859375 0.753448857421875 0.4666010546875 0.752232197265625 0.484655986328125 0.83286607421875 0.575159021484375 0.8353779375
0 0.240311939453125 0 0.244893490234375 0.018159166015625 0.16982048046875 0.0994023984375 0.24506339453125 0.5775316875 0.337106521484375 0.6586100703125 0.356074154296875 0.689918970703125 0.652942603515625 0.5684066953125 0.659597330078125 0.546996958984375 0.672623318359375 0.545000841796875 0.7065086328125 0.461285998046875 0.685631087890625 0.267431828125 0.649464158203125 0.178591201171875 0.6214542890625 0.16205546875 0.623336705078125 0.13891275390625 0.287324298828125 0 0.240311939453125 0