0 0.294573232421875 0.660368982421875 0.32112028125 0.66661516015625 0.382396439453125 0.74865973828125 0.862793013671875 0.80498195703125 0.95508383984375 0.714055888671875 0.95635615625 0.714267646484375 0.962100716796875 0.6173281953125 0.86431653125 0.35100365625 0.833068517578125 0.346228212890625 0.82176203515625 0.316398673828125 0.735921572265625 0.285491001953125 0.5410549453125 0.277516373046875 0.475314748046875 0.296752107421875 0.451116982421875 0.3287378515625 0.42854134375 0.33334119921875 0.2942101875 0.6275618125 0.294573232421875 0.660368982421875
1 0.831020857421875 0.7441591953125 0.8164353046875 0.665104240234375 0.650262533203125 0.653831998046875 0.65115087890625 0.7167082890625 0.831020857421875 0.7441591953125
1 0.600853193359375 0.721927681640625 0.6045518359375 0.65262701171875 0.446358796875 0.629649619140625 0.426414302734375 0.7066620390625 0.600853193359375 0.721927681640625
1 0.87693705078125 0.604564390625 0.721517310546875 0.5934551484375 0.723418986328125 0.65220630078125 0.892468091796875 0.66759171484375 0.87693705078125 0.604564390625
1 0.707936783203125 0.6539175703125 0.704611916015625 0.595027142578125 0.552549390625 0.57669975 0.543508107421875 0.638429478515625 0.707936783203125 0.6539175703125
1 0.5273366015625 0.638788845703125 0.537154390625 0.575834083984375 0.396105396484375 0.569238505859375 0.37644524609375 0.628468810546875 0.5273366015625 0.638788845703125
1 0.714586666015625 0.593609162109375 0.878812861328125 0.599530244140625 0.86613113671875 0.551337740234375 0.717669734375 0.541582392578125 0.7116303359375 0.552655333984375 0.714586666015625 0.593609162109375
1 0.863089640625 0.553391236328125 0.84553449609375 0.500238185546875 0.708026083984375 0.4966764609375 0.713494630859375 0.547145015625 0.863089640625 0.553391236328125
1 0.843678677734375 0.504599734375 0.83370882421875 0.46421994921875 0.705596263671875 0.459812595703125 0.7089582890625 0.493920345703125 0.843678677734375 0.504599734375
1 0.836183044921875 0.462379556640625 0.8253355703125 0.42430593359375 0.700937298828125 0.42163200390625 0.702759537109375 0.45577396875 0.836183044921875 0.462379556640625
1 0.822890857421875 0.4271252578125 0.81650908984375 0.3920401015625 0.702641087890625 0.3928805703125 0.703004130859375 0.425687740234375 0.822890857421875 0.4271252578125
1 0.816529853515625 0.391716931640625 0.807569306640625 0.36168631640625 0.6977387421875 0.35880705078125 0.6991961875 0.38612101171875 0.816529853515625 0.391716931640625
1 0.804453478515625 0.3619045 0.799364869140625 0.3370447734375 0.696119041015625 0.334231138671875 0.6977387421875 0.35880705078125 0.804453478515625 0.3619045
1 0.688497880859375 0.35901240234375 0.68176513671875 0.32820093359375 0.584865 0.32986733984375 0.580932123046875 0.357301087890625 0.688497880859375 0.35901240234375
1 0.691576833984375 0.384922154296875 0.6897429609375 0.35666656640625 0.5826347578125 0.3545278515625 0.576391666015625 0.3820129375 0.691576833984375 0.384922154296875
1 0.69493880078125 0.419030859375 0.69234444140625 0.385251677734375 0.580241666015625 0.381927380859375 0.572904173828125 0.41490567578125 0.69493880078125 0.419030859375
1 0.69659878515625 0.455910875 0.69568126953125 0.419549029296875 0.571282720703125 0.4163089296875 0.5654043671875 0.450622974609375 0.69659878515625 0.455910875
1 0.6966373203125 0.494194146484375 0.696640947265625 0.45771826171875 0.56771458203125 0.45057163671875 0.561673490234375 0.487622787109375 0.6966373203125 0.494194146484375
1 0.697323662109375 0.54750437109375 0.696298744140625 0.49973548046875 0.563132685546875 0.48895758203125 0.556604775390625 0.53422383984375 0.697323662109375 0.54750437109375
1 0.70104994140625 0.58844013671875 0.696918501953125 0.5436408515625 0.56000944921875 0.5286783359375 0.5509284765625 0.5781029921875 0.70104994140625 0.58844013671875
1 0.537310568359375 0.574303947265625 0.541447138671875 0.5304580546875 0.415967609375 0.5195733125 0.400117708984375 0.5664139453125 0.537310568359375 0.574303947265625
1 0.545297138671875 0.530372498046875 0.553119173828125 0.487641025390625 0.4294255703125 0.474154009765625 0.413738521484375 0.518255626953125 0.545297138671875 0.530372498046875
1 0.554742845703125 0.487776802734375 0.5609882578125 0.44545654296875 0.442316236328125 0.4383169140625 0.4262643359375 0.475591482421875 0.554742845703125 0.487776802734375
1 0.55847372265625 0.45077698828125 0.5630277734375 0.411039716796875 0.455044052734375 0.4052188359375 0.441221240234375 0.44381108984375 0.55847372265625 0.45077698828125
1 0.5627311640625 0.417866185546875 0.568066482421875 0.380375296875 0.463597302734375 0.377683369140625 0.454030720703125 0.409343974609375 0.5627311640625 0.417866185546875
1 0.5685283359375 0.384922123046875 0.575142423828125 0.3515751328125 0.472920501953125 0.3501298359375 0.462908537109375 0.376331453125 0.5685283359375 0.384922123046875
1 0.570150939453125 0.357540669921875 0.57542683203125 0.328654478515625 0.48054166015625 0.3253485703125 0.47129958984375 0.351533078125 0.570150939453125 0.357540669921875
1 0.572381775390625 0.332879189453125 0.578823740234375 0.30757418359375 0.4886892734375 0.304658228515625 0.4780691328125 0.328138916015625 0.572381775390625 0.332879189453125
1 0.2505670390625 0.494536265625 0.346500595703125 0.497873294921875 0.362673255859375 0.471535728515625 0.362856671875 0.43649276953125 0.27419981640625 0.420176328125 0.257539796875 0.454729009765625 0.2505670390625 0.494536265625
1 0.340053810546875 0.541770525390625 0.346327640625 0.4979649765625 0.25425478515625 0.4971887578125 0.250442783203125 0.535557595703125 0.340053810546875 0.541770525390625
1 0.160510091796875 0.48286435546875 0.15422615625 0.524022568359375 0.248902998046875 0.5355918125 0.25193059765625 0.4962436328125 0.25474276171875 0.462995455078125 0.183775708984375 0.45363376953125 0.160510091796875 0.48286435546875