4 0.6658709490740741 0.2521556712962963 0.07364004629629628 0.09348958333333335
2 0.7678674768518519 0.2850260416666667 0.1396122685185186 0.08521412037037035
3 0.560532361328125 0.3350995234375 0.62279753515625 0.35417289453125 0.62318226953125 0.364560708984375 0.616427384765625 0.38522940625 0.61684876171875 0.39660658203125 0.641438755859375 0.406234455078125 0.649577455078125 0.4003609921875 0.649043271484375 0.393450828125 0.626453876953125 0.38520562890625 0.634097912109375 0.365976265625 0.631923416015625 0.3373453359375 0.56739768359375 0.31739791796875 0.567172294921875 0.2812319453125 0.56296554296875 0.280458810546875 0.562079814453125 0.2715843515625 0.549181298828125 0.269279376953125 0.5501945390625 0.27276069140625 0.55061955078125 0.285559166015625 0.55766168359375 0.287671689453125 0.560532361328125 0.3350995234375
3 0.767234890625 0.343709765625 0.772284359375 0.36723628515625 0.7745807578125 0.414198751953125 0.763465669921875 0.4450061484375 0.769930029296875 0.454086494140625 0.78308850390625 0.45588283984375 0.785187640625 0.4448710859375 0.774772958984375 0.441941205078125 0.787164912109375 0.415528763671875 0.78579380078125 0.37099598828125 0.78238759375 0.361757072265625 0.781673107421875 0.342465970703125 0.797297076171875 0.343142248046875 0.79576553125 0.329239345703125 0.783589029296875 0.326507408203125 0.78125173046875 0.331088794921875 0.774876048828125 0.331915501953125 0.767234890625 0.343709765625
3 0.5634030859375 0.465786560546875 0.6555945390625 0.4129344296875 0.669455525390625 0.418658427734375 0.6798680546875 0.413458716796875 0.6713348046875 0.40171050390625 0.664270875 0.406536974609375 0.6510030546875 0.40177348046875 0.55095065625 0.460485640625 0.54668895703125 0.4582289453125 0.5400681640625 0.4674926328125 0.548255984375 0.477970990234375 0.56278579296875 0.479200115234375 0.5634030859375 0.465786560546875
3 0.382818046875 0.513354015625 0.382826560546875 0.536151625 0.392776818359375 0.541582287109375 0.39907979296875 0.538777796875 0.39839849609375 0.527910212890625 0.3923222890625 0.521782560546875 0.517695396484375 0.454819611328125 0.5305721171875 0.464063578125 0.532778185546875 0.453616037109375 0.5125290859375 0.44319332421875 0.382818046875 0.513354015625
3 0.538864775390625 0.62965684375 0.53408025 0.63585153125 0.55434773828125 0.656606443359375 0.561077916015625 0.65031087109375 0.5604956875 0.634899470703125 0.550636451171875 0.624090150390625 0.67955971875 0.5326596328125 0.682003455078125 0.538479521484375 0.696289275390625 0.5481465390625 0.699793478515625 0.5449910546875 0.6989839453125 0.530661189453125 0.670910966796875 0.5172488671875 0.53816859375 0.610859939453125 0.538864775390625 0.62965684375
3 0.41760784765625 0.41044721875 0.43206534765625 0.4180307578125 0.4370330546875 0.416781912109375 0.43750035546875 0.406846033203125 0.529129423828125 0.36889005078125 0.539525765625 0.371324767578125 0.548923537109375 0.369351068359375 0.550964234375 0.3642889453125 0.54383051171875 0.359703501953125 0.53586014453125 0.36259444921875 0.528188748046875 0.35853203515625 0.41760784765625 0.41044721875
3 0.24747283984375 0.64148510546875 0.416207033203125 0.549476724609375 0.420187556640625 0.559181974609375 0.4256469296875 0.553992005859375 0.410393154296875 0.535406341796875 0.23732051953125 0.630613466796875 0.23609572265625 0.63513716796875 0.233223697265625 0.632808416015625 0.22362149609375 0.636775240234375 0.22476369140625 0.652574263671875 0.238917822265625 0.66621315625 0.247649142578125 0.661300228515625 0.24747283984375 0.64148510546875
3 0.150585908203125 0.5374788046875 0.300720287109375 0.4697280546875 0.304034904296875 0.476494048828125 0.308742689453125 0.475754794921875 0.3040412734375 0.46162576171875 0.295868880859375 0.45907669921875 0.133630125 0.530924015625 0.136550763671875 0.549605578125 0.144830294921875 0.55401823828125 0.151117212890625 0.55182406640625 0.150585908203125 0.5374788046875
1 0.390793341796875 0.767368197265625 0.53744262890625 0.6581680703125 0.380734548828125 0.54685584375 0.247130060546875 0.617233923828125 0.390793341796875 0.767368197265625
1 0.27286290234375 0.468693873046875 0.156985560546875 0.521288720703125 0.2431200859375 0.613981638671875 0.375117958984375 0.54466940625 0.27286290234375 0.468693873046875
1 0.57967541796875 0.62475590234375 0.6826274609375 0.5465652421875 0.52322069140625 0.4671113828125 0.421415732421875 0.5237574765625 0.57967541796875 0.62475590234375
1 0.4023282890625 0.410028275390625 0.310030400390625 0.45247912890625 0.4159042265625 0.52196771484375 0.517213427734375 0.466020763671875 0.4023282890625 0.410028275390625
1 0.788943798828125 0.466028662109375 0.6324693671875 0.4077334296875 0.554517314453125 0.452488822265625 0.716821263671875 0.526761537109375 0.788943798828125 0.466028662109375
1 0.514428119140625 0.364294876953125 0.433513310546875 0.399772857421875 0.548229685546875 0.450738333984375 0.626872396484375 0.407032380859375 0.514428119140625 0.364294876953125