3 0.412689583984375 0.53364537109375 0.256775521484375 0.610553703125 0.2567765625 0.61787962890625 0.268338541015625 0.63972592578125 0.277663541015625 0.63442222265625 0.277663541015625 0.619836111328125 0.423506771484375 0.5469055546875 0.429847916015625 0.55685092578125 0.4317125 0.55022037109375 0.419403646484375 0.5323194453125 0.412689583984375 0.53364537109375
3 0.314953125 0.466682408203125 0.176942708984375 0.522375 0.176568228515625 0.528990740234375 0.183283853515625 0.548231482421875 0.192235416015625 0.544253703125 0.192235416015625 0.530993517578125 0.320920833984375 0.4806055546875 0.325023958984375 0.48657222265625 0.3295 0.483257408203125 0.320175 0.4660194453125 0.314953125 0.466682408203125
3 0.525367708984375 0.46860277734375 0.508955208984375 0.4579944453125 0.394797396484375 0.51325 0.391833333984375 0.5335768515625 0.40265 0.540206482421875 0.4093640625 0.536891666015625 0.408618228515625 0.52562037109375 0.4041421875 0.520316666015625 0.511939583984375 0.47125462890625 0.524994271484375 0.477884259765625 0.525367708984375 0.46860277734375
3 0.6674234375 0.535565740234375 0.6446703125 0.520316666015625 0.6342265625 0.527610185546875 0.5286671875 0.599213888671875 0.526047396484375 0.6188055546875 0.545825 0.63170092578125 0.549555208984375 0.6277231484375 0.549555208984375 0.61777777734375 0.5420953125 0.60982222265625 0.64728125 0.53755462890625 0.662947396484375 0.54617407421875 0.668169271484375 0.5501518515625 0.6674234375 0.535565740234375
3 0.541769271484375 0.471917591796875 0.532444271484375 0.475232408203125 0.539068228515625 0.48547222265625 0.552586458984375 0.490481482421875 0.552959375 0.4812 0.633527603515625 0.440093517578125 0.644717708984375 0.444071296875 0.655161978515625 0.438767591796875 0.644344791015625 0.429485185546875 0.629797916015625 0.425507408203125 0.541769271484375 0.471917591796875
3 0.734238021484375 0.442082408203125 0.723047916015625 0.46595092578125 0.7293890625 0.47589537109375 0.7428171875 0.47987407421875 0.744308853515625 0.46860277734375 0.738341146484375 0.4632981484375 0.745428125 0.44274537109375 0.746919791015625 0.40495462890625 0.74244375 0.395009259765625 0.7428171875 0.38174907421875 0.754693228515625 0.381768517578125 0.7584828125 0.36782592578125 0.745801041015625 0.36517407421875 0.739459896484375 0.368488888671875 0.734983853515625 0.370478703125 0.731627083984375 0.402965740234375 0.736103125 0.411584259765625 0.734238021484375 0.442082408203125
3 0.6223375 0.433463888671875 0.6279328125 0.423518517578125 0.608536458984375 0.41224722265625 0.615250521484375 0.39567222265625 0.612266666015625 0.370478703125 0.556316666015625 0.35522962890625 0.556316666015625 0.324731482421875 0.542515625 0.312134259765625 0.541672396484375 0.325287037109375 0.5477375 0.328046296875 0.5492296875 0.36517407421875 0.554824478515625 0.373793517578125 0.6051796875 0.387053703125 0.605552603515625 0.396335185546875 0.598465625 0.414236111328125 0.600330728515625 0.423518517578125 0.6223375 0.433463888671875
4 0.618234896484375 0.320089814453125 0.6611296875 0.330035185546875 0.677541666015625 0.298211111328125 0.667097916015625 0.267712962890625 0.6224015625 0.266953703125 0.614131771484375 0.288265740234375 0.618234896484375 0.320089814453125
2 0.7905609375 0.342632408203125 0.791680208984375 0.32075277734375 0.705890103515625 0.30152592578125 0.677914583984375 0.311471296875 0.675005728515625 0.334546296875 0.764823958984375 0.357218517578125 0.7905609375 0.342632408203125
6 0.638605208984375 0.6056981484375 0.655390103515625 0.5838194453125 0.6770890625 0.564853703125 0.711405208984375 0.540985185546875 0.745347916015625 0.516453703125 0.7744421875 0.503857408203125 0.797941146484375 0.4806518515625 0.82778125 0.458110185546875 0.834122396484375 0.431589814453125 0.831138021484375 0.369267591796875 0.8303921875 0.33015092578125 0.806893228515625 0.3202055546875 0.791227083984375 0.31887962890625 0.792719271484375 0.333465740234375 0.813234375 0.3387694453125 0.818083333984375 0.362637962890625 0.822559375 0.39379907421875 0.820321353515625 0.4309268515625 0.812861458984375 0.446838888671875 0.7878703125 0.461425 0.762879166015625 0.48462962890625 0.7248328125 0.503857408203125 0.680072916015625 0.535018517578125 0.630836978515625 0.571483333984375 0.6170359375 0.596014814453125 0.5912984375 0.605296296875 0.562950521484375 0.616567591796875 0.5189171875 0.656782408203125 0.471172916015625 0.693910185546875 0.420625521484375 0.722637037109375 0.3672859375 0.741863888671875 0.327002083984375 0.755787037109375 0.3352078125 0.73324537109375 0.324391146484375 0.725288888671875 0.307979166015625 0.745841666015625 0.280377083984375 0.761090740234375 0.2942765625 0.773435185546875 0.307380208984375 0.765481482421875 0.340204166015625 0.7827194453125 0.395408333984375 0.763492591796875 0.480452603515625 0.712441666015625 0.537148958984375 0.667357408203125 0.575941146484375 0.6315555546875 0.610257291015625 0.6275768515625 0.638605208984375 0.6056981484375
5 0.696613021484375 0.589258333984375 0.706683853515625 0.566715740234375 0.7301828125 0.550140740234375 0.736896875 0.54417407421875 0.75144375 0.54417407421875 0.774082291015625 0.532364814453125 0.793851041015625 0.521756482421875 0.802057291015625 0.49722592578125 0.807279166015625 0.448162962890625 0.80690625 0.401753703125 0.8151125 0.381862962890625 0.8218265625 0.3619731484375 0.814366146484375 0.363962037109375 0.803549478515625 0.3812 0.800938021484375 0.34407222265625 0.795716146484375 0.328160185546875 0.7845265625 0.328160185546875 0.768860416015625 0.3400944453125 0.774455208984375 0.361310185546875 0.791613541015625 0.361310185546875 0.791613541015625 0.376559259765625 0.771471353515625 0.379211111328125 0.7804234375 0.392471296875 0.790121353515625 0.397775 0.790494271484375 0.44087037109375 0.7867640625 0.487943517578125 0.773709375 0.507833333984375 0.748982291015625 0.521242591796875 0.729586458984375 0.517264814453125 0.6952703125 0.546437037109375 0.684826041015625 0.57892407421875 0.652747916015625 0.5882055546875 0.590778125 0.62647777734375 0.5751125 0.6529981484375 0.549375 0.67885462890625 0.51095625 0.682833333984375 0.463280728515625 0.721242591796875 0.40956875 0.7457731484375 0.408859896484375 0.76047222265625 0.435172396484375 0.767058333984375 0.495971353515625 0.7233 0.534390625 0.703410185546875 0.579150521484375 0.67490092578125 0.600784896484375 0.64440277734375 0.6425609375 0.615893517578125 0.685795833984375 0.593236111328125 0.696613021484375 0.589258333984375
1 0.2802140625 0.597509259765625 0.408259375 0.727483333984375 0.532095833984375 0.63930462890625 0.390355208984375 0.543168517578125 0.2802140625 0.597509259765625
1 0.2739640625 0.595657408203125 0.3869984375 0.541842591796875 0.296732291015625 0.475542591796875 0.1986328125 0.515986111328125 0.2739640625 0.595657408203125
1 0.4286515625 0.522509259765625 0.566672916015625 0.6122 0.6528359375 0.549214814453125 0.514825521484375 0.4796 0.4286515625 0.522509259765625
1 0.4239640625 0.523435185546875 0.512214583984375 0.480262962890625 0.407028125 0.429212037109375 0.329071353515625 0.462362037109375 0.4239640625 0.523435185546875
1 0.5427140625 0.466953703125 0.682964583984375 0.53475462890625 0.746374478515625 0.487018517578125 0.612840103515625 0.43397777734375 0.5427140625 0.466953703125
1 0.436984896484375 0.41602777734375 0.535629166015625 0.465138888671875 0.606498958984375 0.431988888671875 0.504296875 0.390882408203125 0.436984896484375 0.41602777734375