3 0.856796794921875 1 0.8794805546875 0.970991591796875 0.680515748046875 0.570553205078125 0.65319932421875 0.53636672265625 0.610890701171875 0.57601671484375 0.845812033203125 1 0.856796794921875 1
3 0.920254337890625 0.827739912109375 0.93044765625 0.791926919921875 0.781043416015625 0.372574828125 0.758293115234375 0.39147559765625 0.920254337890625 0.827739912109375
3 0.787457353515625 0.429751626953125 0.755535771484375 0.446664748046875 0.703167982421875 0.41054508984375 0.580310955078125 0.080279826171875 0.54779331640625 0.056959240234375 0.419593443359375 0.0686169765625 0.44366865625 0.146594982421875 0.521698806640625 0.10525196875 0.550445810546875 0.115364515625 0.67096326953125 0.4083469765625 0.728860109375 0.45572966796875 0.759574638671875 0.47797840625 0.802062078125 0.450398638671875 0.787457353515625 0.429751626953125
3 0.74060317578125 0.524524541015625 0.732406728515625 0.45385033203125 0.7509907578125 0.381152513671875 0.634139123046875 0.094337064453125 0.62103998828125 0.054645626953125 0.673975873046875 0.0249620703125 0.60136780078125 0.022272880859375 0.586719232421875 0.030252630859375 0.58904389453125 0.066529251953125 0.71188601953125 0.3957886171875 0.684018205078125 0.445021296875 0.7045389140625 0.503083009765625 0.70139462890625 0.532119931640625 0.669830677734375 0.57317322265625 0.688116134765625 0.60099342578125 0.723137298828125 0.552025966796875 0.74060317578125 0.524524541015625
1 0.51922383203125 0.9033631015625 0.66938358984375 0.663632833984375 0.626821857421875 0.57742148046875 0.435768982421875 0.819848638671875 0.51922383203125 0.9033631015625
1 0.717101513671875 0.747834404296875 0.674897244140625 0.673890234375 0.52945962890625 0.913516615234375 0.5919340078125 0.98547398828125 0.717101513671875 0.747834404296875
1 0.675164076171875 1 0.75756227734375 0.824730041015625 0.719478513671875 0.766144740234375 0.59385633203125 0.994592748046875 0.59858748828125 1 0.675164076171875 1
1 0.809245224609375 0.452675095703125 0.87749933984375 0.354673666015625 0.859611021484375 0.2842426953125 0.783209869140625 0.3843562265625 0.809245224609375 0.452675095703125
1 0.83720240625 0.530112701171875 0.894652244140625 0.42668466015625 0.883274560546875 0.365131376953125 0.816502384765625 0.459981025390625 0.83720240625 0.530112701171875
1 0.74859095703125 0.701751900390625 0.8196620234375 0.5525849140625 0.800294556640625 0.492604349609375 0.70096194921875 0.62358570703125 0.74859095703125 0.701751900390625
1 0.7766077421875 0.783212822265625 0.845786291015625 0.626938876953125 0.8252501796875 0.56787124609375 0.741571720703125 0.710539490234375 0.7766077421875 0.783212822265625
1 0.861359146484375 0.592330470703125 0.911760447265625 0.495678521484375 0.901797443359375 0.436003595703125 0.84086823828125 0.536280275390625 0.861359146484375 0.592330470703125