0 1 0.223272521484375 0.87811612890625 0.20701915234375 0.560078494140625 0.239174818359375 0.527736021484375 0.11126597265625 0.3375295703125 0.067812560546875 0.180436021484375 0.0892386171875 0.0641559140625 0.165445693359375 0.072626880859375 0.420903904296875 0.0603059140625 0.4285713828125 0.05722526953125 0.45752723828125 0.108819892578125 0.810056046875 0.158874193359375 0.820409341796875 0.351390859375 0.781562470703125 1 0.50981659765625 1 0.223272521484375
7 0.97265625 0.5064453125 0.0234375 0.02499999999999991
7 0.88671875 0.5453776041666667 0.02734375 0.021354166666666785
7 0.7900390625 0.5830729166666666 0.0234375 0.02499999999999991
7 0.6953125 0.6235677083333333 0.021484375 0.022916666666666696
7 0.58984375 0.6638020833333333 0.0234375 0.02499999999999991
7 0.4755859375 0.7075520833333333 0.02734375 0.029166666666666785
7 0.3515625 0.7607421875 0.0234375 0.03281249999999991
7 0.2412109375 0.7895833333333333 0.0234375 0.03085937499999991
7 0.1357421875 0.7936848958333333 0.0234375 0.03281249999999991
7 0.1162109375 0.7461588541666666 0.02734375 0.027213541666666785
7 0.103515625 0.6932942708333334 0.0234375 0.02890624999999991
7 0.0947265625 0.6264973958333333 0.01953125 0.02473958333333348
7 0.0859375 0.5763020833333333 0.0234375 0.02499999999999991
7 0.0810546875 0.5336588541666667 0.01953125 0.02473958333333348
7 0.0732421875 0.494140625 0.015625 0.016666666666666607
7 0.068359375 0.46321614583333337 0.01953125 0.01888020833333326
7 0.068359375 0.44173177083333337 0.01953125 0.01692708333333326