3 0.665851619140625 0.49381444140625 0.67572778515625 0.488198939453125 0.8137540546875 0.552526779296875 0.814443646484375 0.570044984375 0.824254994140625 0.5731799921875 0.8325353515625 0.56169507421875 0.835930025390625 0.541695923828125 0.6824453125 0.46646987109375 0.662692994140625 0.477698837890625 0.665851619140625 0.49381444140625
3 0.72048025 0.6423438984375 0.720393828125 0.654010904296875 0.72851215234375 0.664400732421875 0.74674428125 0.637093587890625 0.7345948125 0.627034822265625 0.56637937890625 0.535360638671875 0.556384390625 0.557016875 0.72048025 0.6423438984375
3 0.431326904296875 0.622790853515625 0.41648025 0.635588341796875 0.428620208984375 0.6562779765625 0.449213359375 0.64214969921875 0.44616275390625 0.61145161328125 0.318142265625 0.524010302734375 0.29127742578125 0.533666521484375 0.292524619140625 0.5526118125 0.3138619453125 0.5487105078125 0.431326904296875 0.622790853515625
3 0.473388201171875 0.476410060546875 0.578746189453125 0.525425017578125 0.57540391015625 0.5341026953125 0.579370962890625 0.551693732421875 0.594982818359375 0.546206708984375 0.5951556640625 0.522872697265625 0.46921133203125 0.458177798828125 0.449733642578125 0.4612985 0.450423234375 0.478816705078125 0.473388201171875 0.476410060546875
3 0.5490762578125 0.437251283203125 0.55739982421875 0.41993337109375 0.545151841796875 0.41382723828125 0.454500083984375 0.370972021484375 0.43311099609375 0.388117736328125 0.444462453125 0.398462283203125 0.457626873046875 0.3914623828125 0.5433945703125 0.429832580078125 0.5490762578125 0.437251283203125
3 0.350511048828125 0.358451736328125 0.3509737890625 0.4065951953125 0.3345103046875 0.416438759765625 0.343437611328125 0.4283060703125 0.37467213671875 0.415872755859375 0.367610689453125 0.373417630859375 0.4259290390625 0.355752224609375 0.429508974609375 0.314991044921875 0.43609687109375 0.3107619765625 0.43609330078125 0.294482232421875 0.413207515625 0.3029608828125 0.417077923828125 0.33367616796875 0.350511048828125 0.358451736328125
3 0.450369224609375 0.486107947265625 0.440676705078125 0.466931189453125 0.4243320390625 0.46073401953125 0.34596066796875 0.419610189453125 0.3023443125 0.430025703125 0.318725603515625 0.445259794921875 0.333550650390625 0.435378802734375 0.429797677734375 0.497319728515625 0.450369224609375 0.486107947265625
4 0.32026186342592594 0.2776692708333333 0.06890914351851851 0.07573784722222221
3 0.335546875 0.32391493055555554 0.05891203703703707 0.04427083333333326
3 0.20984519675925928 0.41586371527777777 0.043923611111111094 0.1298611111111111
2 0.156560423828125 0.32059444921875 0.193303791015625 0.338913849609375 0.28686749609375 0.32057318359375 0.291051171875 0.3089972265625 0.279372900390625 0.286925568359375 0.251967822265625 0.2745814375 0.164948806640625 0.29452602734375 0.156560423828125 0.32059444921875
5 0.13403658984375 0.374061048828125 0.1374316796875 0.468944361328125 0.1509508203125 0.524670404296875 0.1828214921875 0.537047568359375 0.263478271484375 0.60155800390625 0.305116513671875 0.622903154296875 0.38982733203125 0.69333865234375 0.459141765625 0.740095171875 0.5512921171875 0.801944041015625 0.58580409375 0.789584578125 0.373838578125 0.639016216796875 0.245052884765625 0.54426444140625 0.20912873828125 0.525963248046875 0.169991951171875 0.498838708984375 0.162035099609375 0.466573107421875 0.166897767578125 0.3312770078125 0.165638400390625 0.31204423046875 0.148506919921875 0.30145411328125 0.13403658984375 0.374061048828125
6 0.4653317421875 0.678972134765625 0.277009978515625 0.544974599609375 0.126294591796875 0.423480669921875 0.132829669921875 0.3156916328125 0.11568739453125 0.306558744140625 0.107297248046875 0.44347836328125 0.15774396875 0.492732578125 0.267791578125 0.572482046875 0.34282010546875 0.6222825234375 0.43077597265625 0.6971666171875 0.522149736328125 0.753164275390625 0.581707412109375 0.789493541015625 0.634817619140625 0.811093625 0.66507088671875 0.8205168515625 0.68974991015625 0.807938876953125 0.696283798828125 0.81100105078125 0.710289625 0.801101853515625 0.66386540625 0.75175675390625 0.66039205859375 0.788325109375 0.592543232421875 0.764937994140625 0.4653317421875 0.678972134765625
1 0.5819882734375 0.75157704296875 0.717492685546875 0.61850679296875 0.6006969140625 0.549250666015625 0.445018880859375 0.65518390234375 0.5819882734375 0.75157704296875
1 0.60068611328125 0.5507089140625 0.723243681640625 0.6145606015625 0.811457859375 0.530596388671875 0.7053130546875 0.47718848046875 0.60068611328125 0.5507089140625
1 0.4009980234375 0.6235753671875 0.55791307421875 0.533480775390625 0.46187359765625 0.4819881328125 0.30806085546875 0.557333544921875 0.4009980234375 0.6235753671875
1 0.465129453125 0.48497746484375 0.559072326171875 0.531469541015625 0.663598630859375 0.4660510546875 0.58191738671875 0.42923015625 0.465129453125 0.48497746484375
1 0.279522234375 0.537736966796875 0.4256727265625 0.46535825390625 0.351620744140625 0.42994640625 0.20698376953125 0.483617376953125 0.279522234375 0.537736966796875
1 0.3647635625 0.425863001953125 0.439402703125 0.465663365234375 0.550035912109375 0.418311240234375 0.47406876171875 0.384534296875 0.3647635625 0.425863001953125