1 0.657058021484375 0.440653806640625 0.516797923828125 0.7239360234375 0.677629271484375 0.91074376953125 0.93002340234375 0.613359544921875 0.657058021484375 0.440653806640625
1 0.610106822265625 1 0.672252103515625 0.91996094140625 0.51968123046875 0.73378348046875 0.43022516015625 0.905054755859375 0.49089240234375 1 0.610106822265625 1
1 0.451662927734375 0.310912630859375 0.3732066484375 0.55752016015625 0.473185087890625 0.669856095703125 0.590836810546875 0.39848885546875 0.451662927734375 0.310912630859375
1 0.323986681640625 0.740771974609375 0.4011076953125 0.853773705078125 0.4733712421875 0.67823305859375 0.373406625 0.56651911328125 0.323986681640625 0.740771974609375
1 0.328888986328125 0.241926380859375 0.28286894921875 0.449273818359375 0.349000896484375 0.5240117734375 0.41261017578125 0.29223226171875 0.328888986328125 0.241926380859375
1 0.251882365234375 0.6137190859375 0.3030858671875 0.69953643359375 0.34918705078125 0.532388736328125 0.2842356171875 0.450823201171875 0.251882365234375 0.6137190859375
7 0.9787000868055555 0.6783854166666667 0.04259982638888893 0.02322048611111116
7 0.7428168402777777 0.9339916087962963 0.029644097222222054 0.01671006944444442
7 0.7075303819444445 0.9707392939814814 0.03554687500000009 0.01888020833333348
7 0.9516710069444445 0.8041449652777778 0.047222222222222054 0.01736111111111116
7 0.6157118055555555 0.439453125 0.019878472222222054 0.01634837962962965
7 0.5107638888888889 0.6785300925925926 0.019835069444444464 0.014395254629629761
7 0.49210069444444443 0.716869212962963 0.017925347222222165 0.01627604166666652
7 0.42415364583333337 0.8646195023148149 0.019791666666666652 0.012442129629629761
7 0.43344184027777777 0.31658709490740744 0.023741319444444464 0.01453993055555558
7 0.3736111111111111 0.5222077546296297 0.023697916666666652 0.01258680555555558
7 0.3587673611111111 0.5567853009259259 0.023741319444444464 0.01453993055555558
7 0.32298177083333335 0.7027994791666667 0.019791666666666652 0.012442129629629761
7 0.17723524305555555 0.24757667824074076 0.023697916666666652 0.01258680555555558
7 0.15763888888888888 0.4195601851851852 0.019748263888888895 0.01048900462962965
7 0.15249565972222223 0.4515697337962963 0.019791666666666652 0.01244212962962954
7 0.14307725694444445 0.5546513310185185 0.023654513888888895 0.01063368055555558
7 0.31130642361111116 0.2652271412037037 0.01974826388888884 0.01048900462962965
7 0.28402777777777777 0.3988715277777778 0.02170138888888884 0.01056134259259256
7 0.2788845486111111 0.4308810763888889 0.01584201388888884 0.01034432870370372
7 0.8147135416666667 0.9200665509259259 0.05117187500000009 0.01945891203703698