5 0.5271350625 0.122466666015625 0.8530507421875 0.102325 0.83441499609375 0.026978646484375 0.78908675 0.020844791015625 0.497881130859375 0.021756771484375 0.5271350625 0.122466666015625
5 0.41886565625 0.292555208984375 0.79772230078125 0.223177083984375 0.81049587109375 0.181401041015625 0.73805280078125 0.147928125 0.37369876171875 0.1918453125 0.41886565625 0.292555208984375
5 0.730983958984375 0.385059375 0.742199515625 0.347759375 0.714379962890625 0.318761458984375 0.56899588671875 0.338061458984375 0.569006638671875 0.363425521484375 0.670617314453125 0.3984875 0.730983958984375 0.385059375
5 0 0.59507646875 0.025248908203125 0.595431771484375 0.0739413046875 0.551417708984375 0.123108634765625 0.523815625 0.21878592578125 0.54545 0.352683931640625 0.571559896484375 0.388513705078125 0.54545 0.31794365625 0.49994375 0.2906281640625 0.464135416015625 0.334104953125 0.44399375 0.4569304453125 0.479055728515625 0.50856788671875 0.480547916015625 0.4896500234375 0.438553125 0.36392309765625 0.405947396484375 0.27777195703125 0.4052015625 0.226737171875 0.443247396484375 0.239013125 0.513371875 0.14435322265625 0.497705728515625 0.056449744140625 0.505165625 0.00096222265625 0.5268 0 0.529074861328125 0 0.59507646875
6 0.529583818359375 0.561115625 0.512876630859375 0.5253078125 0.518944154296875 0.4850234375 0.548480755859375 0.426835416015625 0.623057427734375 0.446231771484375 0.656246126953125 0.445485416015625 0.635135677734375 0.417883333984375 0.568166400390625 0.4052015625 0.468346759765625 0.3611875 0.402626986328125 0.349997396484375 0.386212095703125 0.3596953125 0.4130904296875 0.3783453125 0.49398821875 0.403709375 0.483102677734375 0.485769791015625 0.3924586640625 0.634386458984375 0.373518125 0.681221875 0.461808412109375 0.666302083984375 0.523334556640625 0.630494271484375 0.529583818359375 0.561115625
7 0.4101273148148148 0.490234375 0.02013888888888893 0.01171875
7 0.43336226851851856 0.494140625 0.02209201388888893 0.01171875
7 0.5277994791666667 0.5185546875 0.02404513888888893 0.01171875
7 0.5519097222222222 0.5244140625 0.02013888888888893 0.01171875
7 0.5283854166666666 0.28125 0.02013888888888893 0.01171875
7 0.537058738425926 0.2646484375 0.024146412037036935 0.013671875
7 0.5551576967592593 0.2734375 0.024146412037036935 0.013671875
7 0.5475622106481481 0.2880859375 0.024146412037036935 0.013671875
7 0.6286820023148147 0.3056640625 0.01623263888888893 0.01171875
7 0.6180555555555556 0.322265625 0.020240162037036935 0.013671875
7 0.6487847222222223 0.3134765625 0.02209201388888893 0.01171875