1 0.8469401041666667 0.8671875 0.2715277777777778 0.265625
6 0.6180989583333333 0.7060546875 0.2776909722222223 0.19140625
5 0.4475043402777778 0.6044921875 0.22873263888888895 0.2734375
5 0.5093967013888889 0.1923828125 0.1166666666666667 0.15234375
7 0.515234375 0.5009765625 0.01623263888888893 0.02734375
7 0.4935112847222222 0.51171875 0.016319444444444442 0.03125
7 0.5041015625 0.474609375 0.014192708333333304 0.0234375
7 0.48444010416666666 0.48046875 0.016145833333333304 0.0234375
7 0.5967447916666666 0.4365234375 0.012065972222222054 0.015625
7 0.6088975694444445 0.4609375 0.014192708333333304 0.0234375
7 0.5799696180555556 0.4443359375 0.014149305555555713 0.021484375
7 0.594140625 0.4658203125 0.014279513888888928 0.02734375
0 0.53288476171875 0.2756992265625 0.648953310546875 0.511236943359375 0.928406388671875 0.447438103515625 0.928427798828125 0.41142843359375 0.76952052734375 0.2410735 0.53288476171875 0.2756992265625