1 0.630757396484375 0.355820400390625 0.458655734375 0.68079858984375 0.62283075 0.8684102265625 0.91875530078125 0.5161748125 0.630757396484375 0.355820400390625
1 0.549264669921875 0.9652561953125 0.6163393828125 0.87906978125 0.46117770703125 0.69127793359375 0.352023033203125 0.888248953125 0.404934744140625 0.973809080078125 0.549264669921875 0.9652561953125
1 0.414037166015625 0.23539329296875 0.3120553984375 0.513699912109375 0.41435809765625 0.62617541796875 0.56090659375 0.316626533203125 0.414037166015625 0.23539329296875
1 0.246226345703125 0.7195502734375 0.323432146484375 0.835163265625 0.4140190859375 0.635328734375 0.31169121484375 0.52353286328125 0.246226345703125 0.7195502734375
1 0.283938375 0.172788408203125 0.2200546796875 0.404686765625 0.287696029296875 0.4795580859375 0.372442931640625 0.2190528203125 0.283938375 0.172788408203125
1 0.17543017578125 0.58802240234375 0.22599040234375 0.67659884375 0.287357017578125 0.488711404296875 0.22145222265625 0.406239365234375 0.17543017578125 0.58802240234375
7 0.9596354166666666 0.5833260995370371 0.03204571759259256 0.023336226851851993
7 0.6930700231481481 0.8875506365740741 0.03182870370370372 0.01747685185185177
7 0.6515118634259259 0.9309389467592593 0.03978587962962954 0.02184606481481488
7 0.9300853587962963 0.7234447337962964 0.05135995370370372 0.018634259259259434
7 0.5859736689814815 0.3589409722222222 0.02401620370370372 0.017013888888888884
7 0.455078125 0.6307653356481482 0.02010995370370372 0.01678240740740744
7 0.4319661458333333 0.6759837962962962 0.02010995370370372 0.01678240740740744
7 0.3477647569444444 0.844675925925926 0.01996527777777768 0.01287615740740744
7 0.39438657407407407 0.2436197916666667 0.02401620370370372 0.017013888888888884
7 0.31470630787037035 0.4744068287037037 0.0239438657407407 0.015060763888888884
7 0.2966579861111111 0.514453125 0.02401620370370372 0.017013888888888884
7 0.24772135416666666 0.6781322337962963 0.020037615740740755 0.01482928240740744
7 0.11751302083333333 0.19474103009259258 0.025896990740740727 0.015176504629629606
7 0.08510561342592593 0.38569878472222224 0.02191840277777779 0.012991898148148162
7 0.07696759259259259 0.4212601273148148 0.02387152777777779 0.013107638888888884
7 0.06011284722222222 0.5343171296296296 0.023871527777777776 0.013107638888888884
7 0.2624782986111111 0.20076678240740742 0.02387152777777779 0.013107638888888884
7 0.2248263888888889 0.3491608796296296 0.02387152777777779 0.013107638888888884
7 0.21668836805555555 0.3847222222222222 0.01801215277777779 0.012760416666666607
7 0.7719184027777777 0.8633897569444444 0.05541087962962976 0.022771990740740655