5 0.340234375 0.40834780092592593 0.09979745370370363 0.17129629629629628
5 0.384888599537037 0.6249638310185186 0.12343750000000009 0.10980902777777768
5 0.5469545717592592 0.5868055555555556 0.10273437500000004 0.05642361111111116
5 0.4080873842592593 0.9076605902777777 0.11047453703703702 0.15415219907407396
5 0.6232204861111111 0.8948206018518519 0.11105324074074074 0.16391782407407396
7 0.5595847800925926 0.8669704861111112 0.013107638888888884 0.02387152777777768
7 0.5426938657407407 0.8724681712962963 0.01287615740740744 0.01996527777777768
7 0.5676142939814814 0.8959056712962963 0.01287615740740744 0.01996527777777768
7 0.47288773148148144 0.8994140625 0.01287615740740744 0.01996527777777768
7 0.45588107638888886 0.9068648726851851 0.01287615740740744 0.01996527777777768
7 0.5495732060185186 0.904369212962963 0.012760416666666607 0.01801215277777768
6 0.378753033203125 0.453294765625 0.394342728515625 0.46056046875 0.40771694140625 0.4943695546875 0.41658728515625 0.532416572265625 0.427165734375 0.56923687109375 0.4423700625 0.583209158203125 0.442421197265625 0.60995312109375 0.43617243359375 0.649140861328125 0.444109845703125 0.7139682890625 0.478993396484375 0.78235896875 0.4829979921875 0.826892640625 0.491471427734375 0.832974896484375 0.4950453984375 0.778187357421875 0.472264974609375 0.731934474609375 0.4584592109375 0.699884609375 0.450124009765625 0.65833032421875 0.45399154296875 0.59306567578125 0.455511544921875 0.545332025390625 0.439220201171875 0.522096244140625 0.421807326171875 0.479132984375 0.401460552734375 0.441511994140625 0.386652759765625 0.437408552734375 0.378753033203125 0.453294765625