3 0.679178388671875 0.441869158203125 0.829057712890625 0.499148072265625 0.83085928515625 0.51164754296875 0.84502521875 0.51112287890625 0.8551531640625 0.481757482421875 0.6849570078125 0.417919857421875 0.671805875 0.43097215625 0.679178388671875 0.441869158203125
3 0.5581253125 0.53152175 0.729708330078125 0.6131292109375 0.73119913671875 0.632620869140625 0.74464041015625 0.630726908203125 0.759013513671875 0.607854453125 0.7580711640625 0.59259816015625 0.5726232265625 0.505853375 0.554149212890625 0.51491441015625 0.5581253125 0.53152175
3 0.592587544921875 0.5162830390625 0.605862982421875 0.500433865234375 0.598987734375 0.47834838671875 0.460975505859375 0.419233814453125 0.446421095703125 0.446198046875 0.462093353515625 0.44711707421875 0.576206142578125 0.49594675 0.579271125 0.51538010546875 0.592587544921875 0.5162830390625
3 0.272820759765625 0.533711771484375 0.280731474609375 0.5501733828125 0.299267685546875 0.53971293359375 0.420193572265625 0.61202652734375 0.415326072265625 0.6331498125 0.427503208984375 0.64968934765625 0.450865212890625 0.62904127734375 0.440676326171875 0.59311716796875 0.30051078515625 0.51174320703125 0.272820759765625 0.533711771484375
3 0.41599196875 0.476749193359375 0.442770330078125 0.457606666015625 0.438131720703125 0.43823159375 0.337749794921875 0.39866631640625 0.29558356640625 0.408886603515625 0.299042185546875 0.421042939453125 0.319628029296875 0.417488228515625 0.41129066015625 0.458772580078125 0.41599196875 0.476749193359375
3 0.548083884765625 0.368536044921875 0.4323141015625 0.33931461328125 0.426151521484375 0.35920282421875 0.448446849609375 0.36524562890625 0.546529935546875 0.403499912109375 0.57009893359375 0.38587141015625 0.548083884765625 0.368536044921875
3 0.34328079296875 0.32725367578125 0.341768330078125 0.378970609375 0.323646013671875 0.39779254296875 0.34373518359375 0.4054253125 0.369975341796875 0.38071817578125 0.3618366796875 0.351698810546875 0.42342951953125 0.327078451171875 0.435147822265625 0.2555243984375 0.410362703125 0.2675246796875 0.409657763671875 0.301059990234375 0.34328079296875 0.32725367578125
3 0.309337044921875 0.31315238671875 0.360388306640625 0.295904107421875 0.359410451171875 0.256379576171875 0.307618798828125 0.281103931640625 0.303062107421875 0.2952340546875 0.309337044921875 0.31315238671875
3 0.191578240234375 0.3286838828125 0.17976683203125 0.34882908203125 0.194557916015625 0.473780396484375 0.21878937890625 0.458920603515625 0.20905721875 0.34199884375 0.191578240234375 0.3286838828125
3 0.146720396484375 0.277289208984375 0.13367230859375 0.3056971328125 0.1736641484375 0.3251589609375 0.278900681640625 0.290559978515625 0.280219310546875 0.26117474609375 0.2517843515625 0.24686942578125 0.146720396484375 0.277289208984375
5 0.113125505859375 0.4321171484375 0.118902232421875 0.514280068359375 0.143940732421875 0.53429669921875 0.24011821484375 0.5977529765625 0.35673601953125 0.67860294140625 0.402401892578125 0.711816951171875 0.445603140625 0.72976377734375 0.5673779921875 0.800649791015625 0.58562410546875 0.77903002734375 0.447943859375 0.69477174609375 0.401221345703125 0.685332150390625 0.387760349609375 0.652321501953125 0.31504778515625 0.608939162109375 0.25322790625 0.567946634765625 0.203462173828125 0.520922142578125 0.1759798203125 0.52054387109375 0.1387846328125 0.4912045390625 0.138536966796875 0.443742177734375 0.138994244140625 0.362744505859375 0.149230353515625 0.295362583984375 0.131705494140625 0.279241451171875 0.11534341796875 0.346865861328125 0.113125505859375 0.4321171484375
6 0.55679591796875 0.738211720703125 0.47339724609375 0.6700927734375 0.400580998046875 0.611356783203125 0.31552473828125 0.56284707421875 0.26617290234375 0.524184064453125 0.215764384765625 0.5092964453125 0.158729228515625 0.466729595703125 0.1229838671875 0.4401298125 0.105774208984375 0.403068623046875 0.11122179296875 0.351206919921875 0.1194654375 0.2894687109375 0.109131578125 0.27449298046875 0.090739986328125 0.31706016796875 0.08442217578125 0.388501947265625 0.088832443359375 0.448375357421875 0.121181349609375 0.480686453125 0.18312494140625 0.5188831015625 0.24742956640625 0.556991330078125 0.300530107421875 0.599703904296875 0.325319447265625 0.625314306640625 0.35454126171875 0.6395895078125 0.385648521484375 0.64681517578125 0.43626321875 0.69241208984375 0.48905299609375 0.742116853515625 0.55058273828125 0.77195104296875 0.637585583984375 0.812010865234375 0.676872837890625 0.811952892578125 0.70122860546875 0.7942962265625 0.721379380859375 0.800530578125 0.732294421875 0.7847678515625 0.6803057890625 0.7378217890625 0.660512697265625 0.773464103515625 0.617373603515625 0.75411883984375 0.55679591796875 0.738211720703125
1 0.592811109375 0.741066232421875 0.73129308203125 0.577990662109375 0.601720693359375 0.522926427734375 0.4447348515625 0.643230658203125 0.592811109375 0.741066232421875
1 0.603605677734375 0.5158749609375 0.740084291015625 0.577665060546875 0.8255167265625 0.4727506953125 0.716664666015625 0.42931071875 0.603605677734375 0.5158749609375
1 0.39627291796875 0.619893154296875 0.560300447265625 0.50047759375 0.460021912109375 0.458363853515625 0.29653373828125 0.548191978515625 0.39627291796875 0.619893154296875
1 0.461782546875 0.45411023828125 0.562585052734375 0.498443068359375 0.6738772734375 0.419726353515625 0.581116515625 0.3854633515625 0.461782546875 0.45411023828125
1 0.26526178515625 0.527010080078125 0.420093365234375 0.4375025703125 0.3430099765625 0.404056037109375 0.192983740234375 0.47383869921875 0.26526178515625 0.527010080078125
1 0.346882986328125 0.4053087265625 0.432569408203125 0.4369615234375 0.5454742421875 0.374218216796875 0.46965426171875 0.34770556640625 0.346882986328125 0.4053087265625
4 0.31573350694444446 0.24471932870370372 0.07734375000000004 0.07306134259259256