4 0.7135923032407407 0.3227864583333333 0.07630208333333344 0.07196180555555554
2 0.6656756365740741 0.22723524305555556 0.08194444444444438 0.1306423611111111
3 0.567332175925926 0.21966145833333334 0.13402777777777786 0.043967013888888906
3 0.447600189453125 0.3341839609375 0.435040728515625 0.30583560546875 0.4196426484375 0.30542459765625 0.4154182109375 0.3122987421875 0.4297885 0.324786228515625 0.3428555390625 0.454788951171875 0.33303294921875 0.447097181640625 0.320362130859375 0.4451186640625 0.31405944921875 0.454299083984375 0.33002578515625 0.473396197265625 0.330184099609375 0.475411349609375 0.35924823046875 0.46685490234375 0.447600189453125 0.3341839609375
3 0.487190728515625 0.43506554296875 0.4952704375 0.456356583984375 0.504868400390625 0.44898643359375 0.503661595703125 0.444493072265625 0.558715087890625 0.350229908203125 0.558357376953125 0.339691123046875 0.5499212265625 0.330461640625 0.552066482421875 0.325893787109375 0.545175578125 0.31766191796875 0.5411714375 0.33178586328125 0.545586052734375 0.3411047109375 0.497259009765625 0.4344652109375 0.487190728515625 0.43506554296875
3 0.6220535859375 0.360806595703125 0.5939725859375 0.358793935546875 0.575021416015625 0.365242154296875 0.564863478515625 0.346256859375 0.55691810546875 0.34304355078125 0.5518231640625 0.356717310546875 0.561891775390625 0.378717341796875 0.576675271484375 0.3772590390625 0.59235255859375 0.368246888671875 0.60773945703125 0.369035265625 0.626077017578125 0.42851935546875 0.6736343984375 0.42896942578125 0.675399943359375 0.437216837890625 0.687703033203125 0.433889658203125 0.683792037109375 0.4253533046875 0.6765840859375 0.41986351953125 0.641050376953125 0.420653158203125 0.6220535859375 0.360806595703125
3 0.545372861328125 0.55297196484375 0.54381984375 0.560163341796875 0.5562012265625 0.5719418359375 0.56192283984375 0.559761052734375 0.605723578125 0.460851177734375 0.598650580078125 0.45083821484375 0.599544353515625 0.44328489453125 0.590168810546875 0.441316779296875 0.58990077734375 0.452162962890625 0.5943032890625 0.46185867578125 0.5554299765625 0.55274847265625 0.545372861328125 0.55297196484375
3 0.448748162109375 0.601863646484375 0.442211560546875 0.596358943359375 0.43081362109375 0.59661223046875 0.427953291015625 0.60270234765625 0.43502628515625 0.612715310546875 0.455128400390625 0.61264571875 0.518651849609375 0.481279708984375 0.51190764453125 0.46146483984375 0.498393052734375 0.464025779296875 0.50737676171875 0.4773866796875 0.448748162109375 0.601863646484375
3 0.491367927734375 0.678512255859375 0.491200396484375 0.684166466796875 0.49845207421875 0.688148904296875 0.436460580078125 0.83567756640625 0.42304023828125 0.836352390625 0.4201128828125 0.844704615234375 0.44044258984375 0.85227019140625 0.511023322265625 0.69351950390625 0.508598546875 0.684909623046875 0.491367927734375 0.678512255859375
3 0.40930240625 0.576372853515625 0.417840015625 0.58220968359375 0.330482978515625 0.749136458984375 0.315073732421875 0.74910229296875 0.3100681484375 0.75976026171875 0.338942755859375 0.772474541015625 0.43656780859375 0.583300412109375 0.412811767578125 0.571020974609375 0.40930240625 0.576372853515625
1 0.2064962109375 0.614639521484375 0.359369806640625 0.746248115234375 0.424839330078125 0.617320908203125 0.3112517109375 0.471056794921875 0.2064962109375 0.614639521484375
1 0.4254541015625 0.619215462890625 0.36015019140625 0.75149046484375 0.4547262734375 0.82975266796875 0.5023005625 0.71657459765625 0.4254541015625 0.619215462890625
1 0.344611580078125 0.4271028828125 0.443979265625 0.57500580859375 0.497296822265625 0.47493823046875 0.4159792578125 0.324943724609375 0.344611580078125 0.4271028828125
1 0.49787787890625 0.47793912109375 0.445758359375 0.578122087890625 0.518764986328125 0.67749107421875 0.55760573828125 0.587731779296875 0.49787787890625 0.47793912109375
1 0.435827046875 0.29101367578125 0.511501529296875 0.44359091015625 0.551570140625 0.364530419921875 0.49025512109375 0.21785840625 0.435827046875 0.29101367578125
1 0.55206185546875 0.370546576171875 0.51235988671875 0.446201681640625 0.5655182578125 0.549546779296875 0.5970508828125 0.480290169921875 0.55206185546875 0.370546576171875