0 0.894578646484375 0.706521296875 0.927402603515625 0.702543517578125 0.9311328125 0.695913888671875 0.966194791015625 0.67204537109375 0.9535125 0.61237592578125 0.908006771484375 0.564638888671875 0.614081771484375 0.343196296875 0.583495833984375 0.3219805546875 0.576781771484375 0.267613888671875 0.551417708984375 0.201313888671875 0.535005728515625 0.17612037109375 0.420867708984375 0.1907055546875 0.4052015625 0.17612037109375 0.3238875 0.18275 0.324633333984375 0.193358333984375 0.219446875 0.198662037109375 0.205219791015625 0.213536111328125 0.186622916015625 0.25435462890625 0.18736875 0.3551305546875 0.185130728515625 0.390932408203125 0.1754328125 0.402866666015625 0.232875 0.7847555546875 0.361933333984375 0.87227222265625 0.414899478515625 0.87492407421875 0.894578646484375 0.706521296875
7 0.2685546875 0.7939453125 0.015625 0.01953125
7 0.3203125 0.828125 0.0185546875 0.025390625
7 0.3828125 0.853515625 0.015625 0.01953125
7 0.4951171875 0.8291015625 0.017578125 0.0234375
7 0.5947265625 0.7978515625 0.0166015625 0.0244140625
7 0.6650390625 0.775390625 0.015625 0.0234375
7 0.73046875 0.755859375 0.0166015625 0.0224609375
7 0.7890625 0.732421875 0.015625 0.01953125
7 0.859375 0.69921875 0.013671875 0.01953125
7 0.931640625 0.6748046875 0.021484375 0.0263671875
7 0.9541015625 0.6435546875 0.017578125 0.0224609375
7 0.9404296875 0.6064453125 0.017578125 0.0302734375
7 0.2431640625 0.7509765625 0.021484375 0.02734375
7 0.2353515625 0.703125 0.0224609375 0.0244140625
7 0.2265625 0.65234375 0.0146484375 0.0185546875
7 0.21875 0.609375 0.015625 0.0283203125
7 0.2119140625 0.572265625 0.0146484375 0.0166015625
7 0.2080078125 0.5458984375 0.015625 0.01953125
7 0.2021484375 0.5146484375 0.0146484375 0.015625
7 0.197265625 0.4892578125 0.01171875 0.0185546875
7 0.193359375 0.46484375 0.0126953125 0.013671875
7 0.1904296875 0.4462890625 0.01171875 0.0185546875
7 0.1865234375 0.4287109375 0.0087890625 0.01171875