5 0 0 0.0084299453125 0.18967378515625 0.01488228515625 0.1944681328125 0.0271187734375 0.155118681640625 0.076239275390625 0.0331351640625 0.0722913203125 0 0 0
5 0.477235126953125 0.339274724609375 0.46956622265625 0.383528572265625 0.51209440234375 0.399873076171875 0.52957484765625 0.352653296875 0.532475654296875 0.260575275390625 0.495658966796875 0.2188648359375 0.421571890625 0.219652197265625 0.421432623046875 0.247983515625 0.46192030078125 0.246409890625 0.487687755859375 0.2597884609375 0.49338709765625 0.29362912109375 0.477235126953125 0.339274724609375
5 0.649498515625 0.344783515625 0.631187197265625 0.372539560546875 0.6515621796875 0.39121593359375 0.666106505859375 0.372328021484375 0.696768857421875 0.401447251953125 0.723621587890625 0.43922252734375 0.70746895703125 0.4533884609375 0.713622341796875 0.465980220703125 0.785751345703125 0.452601099609375 0.744213705078125 0.39908571484375 0.700404830078125 0.357375275390625 0.649498515625 0.344783515625
5 0.23872019140625 0.44787912109375 0.263508306640625 0.43922252734375 0.322423119140625 0.56907582421875 0.368365279296875 0.595833515625 0.433081412109375 0.57301098828125 0.450386326171875 0.490376923828125 0.420006451171875 0.454957142578125 0.4020326875 0.503755494140625 0.387244185546875 0.54861428515625 0.367700052734375 0.549401099609375 0.340253013671875 0.466767033203125 0.317664876953125 0.39908571484375 0.215293275390625 0.392790109375 0.208651515625 0.432139560546875 0.23872019140625 0.44787912109375
6 0.05285389453125 0.29362912109375 0.207950001953125 0.32196098828125 0.376332560546875 0.36603241796875 0.406919224609375 0.33627582421875 0.326054525390625 0.304647251953125 0.20364909765625 0.288120330078125 0.06935565625 0.255853845703125 0.010097841796875 0.227201419921875 0.012285486328125 0.276423427734375 0.05285389453125 0.29362912109375
7 0.40013020833333335 0.43359375 0.028038194444444442 0.015625
7 0.40601128472222225 0.412109375 0.028124999999999956 0.017578125
7 0.4357855902777778 0.4228515625 0.028038194444444442 0.015625
7 0.43083767361111114 0.443359375 0.028038194444444553 0.015625
7 0.42584635416666666 0.3310546875 0.024218749999999956 0.017578125
7 0.42986111111111114 0.3115234375 0.02821180555555558 0.01953125
7 0.459765625 0.3251953125 0.026085069444444442 0.015625
7 0.45282118055555554 0.3447265625 0.024131944444444442 0.015625
6 0.459647947265625 0.4093615390625 0.442378859375 0.414139560546875 0.517436533203125 0.439717033203125 0.572916060546875 0.451802748046875 0.61514627734375 0.44674340625 0.625182693359375 0.439015384765625 0.6023470078125 0.42847417578125 0.561939939453125 0.4295983515625 0.515363859375 0.426787912109375 0.459647947265625 0.4093615390625