0 0.250688216796875 0.423509921875 0.2042195625 0.906561759765625 0.27689692578125 0.99000901171875 0.276902333984375 0.99434044140625 0.3667256875 0.9923443671875 0.64592673828125 0.864560638671875 0.6533791484375 0.83220908984375 0.706453384765625 0.830263509765625 0.7583181640625 0.773935060546875 0.7589285859375 0.494979001953125 0.707896888671875 0.466226095703125 0.66687124609375 0.4587079453125 0.664948341796875 0.433462259765625 0.34505948828125 0.31872519921875 0.250688216796875 0.423509921875
1 0.34800130859375 0.083397177734375 0.298211697265625 0.049253060546875 0.23690206640625 0.048315966796875 0.2241741953125 0.185474923828125 0.2705613359375 0.2146274453125 0.328995330078125 0.208730921875 0.34800130859375 0.083397177734375
1 0.276058216796875 0.2168042890625 0.26778830859375 0.27369626953125 0.3186668046875 0.29555505859375 0.357753376953125 0.290581232421875 0.378478103515625 0.167782224609375 0.335852005859375 0.149571349609375 0.32771922265625 0.2125911171875 0.276058216796875 0.2168042890625
1 0.383370904296875 0.159466234375 0.3961739296875 0.044776591796875 0.352085451171875 0.022000759765625 0.33837113671875 0.14031938671875 0.383370904296875 0.159466234375
1 0.420062986328125 0.18433198046875 0.43357644140625 0.07306621484375 0.3963441484375 0.052436486328125 0.377099869140625 0.167046697265625 0.420062986328125 0.18433198046875
1 0.405804771484375 0.313054455078125 0.41976001171875 0.18678965625 0.3770147578125 0.16321675 0.360816322265625 0.29231994140625 0.405804771484375 0.313054455078125
1 0.44214034765625 0.321877419921875 0.45294173828125 0.209041705078125 0.41718981640625 0.193743759765625 0.407475005859375 0.308142205078125 0.44214034765625 0.321877419921875
1 0.47674115234375 0.33822926171875 0.490173080078125 0.229671458984375 0.45440508203125 0.2136071796875 0.439176369140625 0.325063005859375 0.47674115234375 0.33822926171875
1 0.503713630859375 0.353680576171875 0.51372322265625 0.2475400859375 0.48746767578125 0.230498267578125 0.4749273515625 0.34036151171875 0.503713630859375 0.353680576171875
1 0.53246841015625 0.36374205078125 0.545492681640625 0.267525060546875 0.517926029296875 0.25281137109375 0.50388831640625 0.35657705859375 0.53246841015625 0.36374205078125
1 0.55742091015625 0.37388801953125 0.566219216796875 0.280858443359375 0.54550969921875 0.2682908359375 0.530008654296875 0.367491583984375 0.55742091015625 0.37388801953125
1 0.454830162109375 0.208170453125 0.468340669921875 0.10524576953125 0.436435048828125 0.0791335234375 0.42260158984375 0.192090654296875 0.454830162109375 0.208170453125
1 0.485628685546875 0.22460679296875 0.500178208984375 0.128294380859375 0.468340669921875 0.10524576953125 0.4597818671875 0.210422544921875 0.485628685546875 0.22460679296875
1 0.518470955078125 0.247417998046875 0.5279481640625 0.15219953515625 0.501573470703125 0.129796216796875 0.491721533203125 0.238066876953125 0.518470955078125 0.247417998046875
1 0.5454434296875 0.262869310546875 0.55163541796875 0.176195416015625 0.525276794921875 0.15455789453125 0.517926029296875 0.25281137109375 0.5454434296875 0.262869310546875
1 0.568613625 0.27840512109375 0.5778058671875 0.18940782421875 0.55158435546875 0.1738975546875 0.5468538984375 0.2674948125 0.568613625 0.27840512109375