4 0.2621961805555556 0.33465711805555554 0.09314236111111107 0.07621527777777781
2 0.3067491319444444 0.2322048611111111 0.07595486111111116 0.12851562500000002
3 0.3519314236111111 0.4009548611111111 0.14479166666666665 0.09687500000000004
3 0.41749131944444445 0.22096354166666665 0.1387152777777778 0.04796006944444442
3 0.6214443046875 0.764316427734375 0.547413662109375 0.59599146875 0.558949431640625 0.589410984375 0.5508610546875 0.58168528125 0.522092443359375 0.596554162109375 0.60530160546875 0.7796956640625 0.61217978515625 0.790561203125 0.648981951171875 0.777144232421875 0.646590642578125 0.7677106171875 0.6214443046875 0.764316427734375
3 0.4571794921875 0.699972099609375 0.4347493046875 0.712767783203125 0.5003900390625 0.880747666015625 0.52142090625 0.87071021484375 0.5155201484375 0.862935900390625 0.50614195703125 0.8631443046875 0.450458111328125 0.710661873046875 0.460872224609375 0.704721173828125 0.4571794921875 0.699972099609375
3 0.642632326171875 0.47712351953125 0.661546517578125 0.458340142578125 0.6549625234375 0.44838483984375 0.64400191796875 0.449067751953125 0.631868619140625 0.458560306640625 0.5503542734375 0.32509884375 0.568759576171875 0.315027564453125 0.567685201171875 0.304071134765625 0.548830130859375 0.30668630859375 0.532027130859375 0.333411556640625 0.613365611328125 0.470829927734375 0.642632326171875 0.47712351953125
3 0.520170607421875 0.631934861328125 0.534912390625 0.619835478515625 0.52987171875 0.610285224609375 0.518109640625 0.611425291015625 0.51240466015625 0.616821998046875 0.457228533203125 0.48804571875 0.467017060546875 0.47860471875 0.46258147265625 0.472994013671875 0.4505458515625 0.48028877734375 0.444430533203125 0.49491808203125 0.499469888671875 0.626771708984375 0.520170607421875 0.631934861328125
3 0.41847355078125 0.3414229140625 0.413315013671875 0.3520785078125 0.4182003515625 0.365145869140625 0.46268870703125 0.4533143984375 0.467561201171875 0.466295390625 0.48126925390625 0.456853943359375 0.484219744140625 0.44317366015625 0.470933888671875 0.44346890234375 0.42666048828125 0.350463908203125 0.43433867578125 0.335799876953125 0.43242373828125 0.326180158203125 0.42708998046875 0.32322437890625 0.4172819296875 0.33310460546875 0.41847355078125 0.3414229140625
3 0.39991866796875 0.5898386796875 0.413422443359375 0.579252630859375 0.412269912109375 0.570054765625 0.40369319140625 0.569806015625 0.36953980859375 0.477455373046875 0.3754988359375 0.46634264453125 0.3728615703125 0.455421498046875 0.363405220703125 0.45738846484375 0.359829095703125 0.46756955078125 0.35896937890625 0.486913197265625 0.39007417578125 0.5775753125 0.39991866796875 0.5898386796875
1 0.66652575390625 0.473865416015625 0.533761232421875 0.632731208984375 0.592753736328125 0.76524100390625 0.76068015625 0.62153994921875 0.66652575390625 0.473865416015625
1 0.4453503515625 0.7422994609375 0.488002638671875 0.85422567578125 0.59141683203125 0.7707901171875 0.5336244609375 0.635808556640625 0.4453503515625 0.7422994609375
1 0.566726470703125 0.32427359375 0.4681936484375 0.4858923359375 0.516252375 0.58940163671875 0.635847705078125 0.429133484375 0.566726470703125 0.32427359375
1 0.3978258828125 0.6066983984375 0.43103125 0.70280343359375 0.512794146484375 0.593618041015625 0.4679445390625 0.49149730859375 0.3978258828125 0.6066983984375
1 0.49548273828125 0.21446415234375 0.41865219921875 0.375271111328125 0.456841509765625 0.4541166015625 0.546492109375 0.292057197265625 0.49548273828125 0.21446415234375
1 0.36296794921875 0.495092408203125 0.390971271484375 0.576490130859375 0.45418107421875 0.45877559375 0.4196775625 0.378542306640625 0.36296794921875 0.495092408203125
6 0.321636068359375 0.12207726171875 0.295588494140625 0.135008525390625 0.29525868359375 0.16219119921875 0.317195951171875 0.1824561171875 0.32350423828125 0.1393291484375 0.365158126953125 0.130992048828125 0.425802162109375 0.130138390625 0.45288268359375 0.133489599609375 0.46666460546875 0.159370703125 0.49141419140625 0.195384013671875 0.521857375 0.2416467265625 0.538475552734375 0.28278170703125 0.56790678515625 0.31226749609375 0.600679833984375 0.34563201953125 0.62147416015625 0.371851279296875 0.624968705078125 0.4117953828125 0.64231119140625 0.456373275390625 0.718127033203125 0.544897087890625 0.77878047265625 0.633809169921875 0.789331287109375 0.6928663671875 0.790847755859375 0.71803151171875 0.762646330078125 0.7003768359375 0.754118287109375 0.714400736328125 0.813910087890625 0.76745473046875 0.807040771484375 0.7428103515625 0.819306337890625 0.723761869140625 0.8305818359375 0.707205875 0.814118501953125 0.66260899609375 0.773982685546875 0.55776400390625 0.716744837890625 0.48195635546875 0.668343583984375 0.424728255859375 0.657792681640625 0.385434947265625 0.6399006328125 0.35322224609375 0.62581096484375 0.33426544921875 0.600863451171875 0.32246741015625 0.577915185546875 0.28542609765625 0.56439026171875 0.2728178671875 0.55768667578125 0.2457914921875 0.536254966796875 0.2141514375 0.515835326171875 0.179523869140625 0.48328209375 0.141213486328125 0.473654228515625 0.120675580078125 0.4536300625 0.116673578125 0.416900595703125 0.113042802734375 0.37025740234375 0.11506784375 0.321636068359375 0.12207726171875
5 0.34728210546875 0.164549328125 0.37020758984375 0.162557361328125 0.367350158203125 0.187325716796875 0.390320578125 0.18434477734375 0.3971562265625 0.16887597265625 0.459647525390625 0.166004765625 0.507080953125 0.16593921484375 0.527765396484375 0.1946308515625 0.5407999375 0.237327978515625 0.581683310546875 0.285829173828125 0.622919279296875 0.3461809765625 0.658329765625 0.39925077734375 0.696027146484375 0.44041131640625 0.743606150390625 0.52501627734375 0.769652453125 0.57137725390625 0.80706373828125 0.617893005859375 0.815685982421875 0.59395526171875 0.77229609765625 0.52278085546875 0.7420077578125 0.473056240234375 0.69773869921875 0.401901373046875 0.66061274609375 0.36764560546875 0.62720240234375 0.3090963984375 0.616324796875 0.27715391796875 0.58838814453125 0.253563861328125 0.565176111328125 0.222457357421875 0.56049464453125 0.1894571015625 0.5424707109375 0.160211802734375 0.5061359375 0.1476782890625 0.417554181640625 0.144705798828125 0.391133017578125 0.14628091015625 0.35693125390625 0.125300564453125 0.338247759765625 0.13065727734375 0.364580927734375 0.150823955078125 0.3197400625 0.151820419921875 0.30147416015625 0.16754323046875 0.318728826171875 0.19433513671875 0.3464028671875 0.184332201171875 0.34728210546875 0.164549328125