1 0.5692227421875 0.716331080078125 0.412649458984375 0.5868713515625 0.289233865234375 0.642220263671875 0.43003355859375 0.8038685078125 0.5692227421875 0.716331080078125
1 0.30543011328125 0.50109634375 0.194863421875 0.53664141796875 0.28283802734375 0.639302634765625 0.40901509375 0.58586143359375 0.30543011328125 0.50109634375
1 0.70719140625 0.6264801953125 0.54903437890625 0.529519375 0.4540365859375 0.57123680078125 0.609351173828125 0.690394591796875 0.70719140625 0.6264801953125
1 0.42890234375 0.459095517578125 0.3430170703125 0.489796900390625 0.44804998828125 0.56872309765625 0.544377849609375 0.52843280859375 0.42890234375 0.459095517578125
1 0.807097216796875 0.5597541171875 0.65429833984375 0.4869104921875 0.578529837890625 0.51834449609375 0.73669298828125 0.610133869140625 0.807097216796875 0.5597541171875
1 0.532029296875 0.428188021484375 0.4599862421875 0.453985376953125 0.57364336328125 0.514877158203125 0.648016234375 0.48644515234375 0.532029296875 0.428188021484375
3 0.288497267578125 0.6700022734375 0.448215505859375 0.59658776953125 0.452999341796875 0.605837123046875 0.457925818359375 0.604719703125 0.443353396484375 0.57991903515625 0.2630338359375 0.656469771484375 0.266996208984375 0.67878694140625 0.2817106796875 0.693219859375 0.290427734375 0.68645291796875 0.288497267578125 0.6700022734375
3 0.331094685546875 0.490064416015625 0.185602671875 0.53933007421875 0.17705625 0.54240333203125 0.171519087890625 0.5531121484375 0.183798609375 0.5747773515625 0.19313323828125 0.571020841796875 0.193296982421875 0.554725326171875 0.333074314453125 0.50726033984375 0.33519651953125 0.514088552734375 0.344412978515625 0.51549612109375 0.331094685546875 0.490064416015625
3 0.54427420703125 0.5184568125 0.548788625 0.529910189453125 0.56083457421875 0.529320138671875 0.560458888671875 0.5174316953125 0.540129638671875 0.506290123046875 0.415109513671875 0.556330580078125 0.409479927734375 0.57815152734375 0.423108189453125 0.58879766015625 0.432840134765625 0.591000890625 0.42654471484375 0.565330990234375 0.54427420703125 0.5184568125
3 0.711905498046875 0.61834341015625 0.71772591796875 0.63063516796875 0.722773337890625 0.625078744140625 0.72033583203125 0.61166703515625 0.695608712890625 0.59267430859375 0.56762069921875 0.666957787109375 0.56248721484375 0.6962281328125 0.5808506796875 0.71537837890625 0.59215857421875 0.716216 0.592691052734375 0.69920616015625 0.58342131640625 0.6851765546875 0.70453770703125 0.61409132421875 0.711905498046875 0.61834341015625
3 0.56556535546875 0.524630970703125 0.571621205078125 0.545686087890625 0.59093609375 0.54785752734375 0.589623263671875 0.53441825390625 0.677695638671875 0.492758970703125 0.692899849609375 0.502039498046875 0.7020855390625 0.496048904296875 0.694171435546875 0.4836020625 0.685674173828125 0.48742059765625 0.6709876953125 0.479660765625 0.5755760546875 0.5237410859375 0.56556535546875 0.524630970703125
3 0.569545185546875 0.43953121484375 0.5811387109375 0.444001287109375 0.5814421328125 0.43670614453125 0.557563603515625 0.42233511328125 0.459731751953125 0.455117181640625 0.4533999609375 0.4539065234375 0.44185011328125 0.46194597265625 0.464373013671875 0.474734244140625 0.46907274609375 0.46396246484375 0.552274755859375 0.4367686484375 0.558336603515625 0.44018329296875 0.569545185546875 0.43953121484375
3 0.668964806640625 0.47432225390625 0.64602301953125 0.461503884765625 0.654513390625 0.44508351953125 0.651788818359375 0.416713439453125 0.5887341953125 0.3898047734375 0.587287044921875 0.355599009765625 0.577720978515625 0.357824353515625 0.581770083984375 0.40411421484375 0.641992443359375 0.43229542578125 0.643795076171875 0.4405832421875 0.636589541015625 0.463769796875 0.6380725390625 0.47351628125 0.662590275390625 0.484969041015625 0.671356955078125 0.47894648046875 0.668964806640625 0.47432225390625
3 0.6897941953125 0.40544498828125 0.69859725 0.3749631875 0.6547862578125 0.35541028125 0.63753849609375 0.356043599609375 0.639899724609375 0.388406142578125 0.6897941953125 0.40544498828125
3 0.79798452734375 0.53428548046875 0.806545693359375 0.512681689453125 0.803090919921875 0.45460691796875 0.81828870703125 0.451284716796875 0.811844349609375 0.423380734375 0.782358306640625 0.424743587890625 0.78000357421875 0.539624572265625 0.7971102578125 0.558682654296875 0.803705572265625 0.5450866015625 0.79798452734375 0.53428548046875
6 0.885753076171875 0.4351053359375 0.890408115234375 0.47992605859375 0.88599158203125 0.5136974765625 0.859002521484375 0.53393623828125 0.818128568359375 0.570937412109375 0.765719447265625 0.59744656640625 0.735004236328125 0.6055496328125 0.6900200078125 0.6496580625 0.674366900390625 0.677408470703125 0.649784732421875 0.68374092578125 0.62364778515625 0.685511181640625 0.569840361328125 0.72229595703125 0.51998491796875 0.7675258984375 0.475853388671875 0.79316679296875 0.4280728046875 0.81408942578125 0.3752664296875 0.834639775390625 0.34166237890625 0.830668244140625 0.35357453515625 0.809311740234375 0.342266640625 0.8084741171875 0.2934689921875 0.833678068359375 0.307921740234375 0.850406888671875 0.324447162109375 0.841994361328125 0.345103 0.86428003125 0.377252046875 0.865178166015625 0.457025322265625 0.83031771875 0.552061869140625 0.774349931640625 0.598721298828125 0.730364662109375 0.627975201171875 0.706587337890625 0.661380099609375 0.707579431640625 0.69438910546875 0.685562609375 0.706400109375 0.665696705078125 0.749347232421875 0.634780337890625 0.80184871484375 0.597158119140625 0.836612513671875 0.585649552734375 0.891868578125 0.539336380859375 0.899251048828125 0.525056998046875 0.899004224609375 0.47759812109375 0.891581814453125 0.416263830078125 0.882177357421875 0.381469568359375 0.855274361328125 0.377994412109375 0.8675538203125 0.399658677734375 0.885753076171875 0.4351053359375
5 0.748623779296875 0.65714265625 0.708772568359375 0.67198163671875 0.63449948828125 0.720591533203125 0.615033681640625 0.751664287109375 0.577623720703125 0.771871837890625 0.538581822265625 0.78009882421875 0.441331173828125 0.84035056640625 0.440291634765625 0.853870876953125 0.466623005859375 0.85474988671875 0.580079970703125 0.787544322265625 0.637507927734375 0.74880468359375 0.752697615234375 0.674493705078125 0.799478052734375 0.626070369140625 0.8199996328125 0.627590484375 0.86250611328125 0.602570853515625 0.871281173828125 0.56541596484375 0.8684734609375 0.473290556640625 0.876339896484375 0.441257966796875 0.863973787109375 0.44330664453125 0.854236908203125 0.38476653125 0.8433479609375 0.38395994140625 0.831187955078125 0.401590828125 0.848074318359375 0.423597279296875 0.852807041015625 0.47583640625 0.857432654296875 0.55771913671875 0.84951659375 0.58900734765625 0.818879005859375 0.604527884765625 0.7910176328125 0.605428767578125 0.757653578125 0.636315216796875 0.748623779296875 0.65714265625