6 0 0.518672408203125 0.03557954296875 0.5142767421875 0.142029666015625 0.531079328125 0.258980384765625 0.523371890625 0.4474776015625 0.51122564453125 0.61584283984375 0.51291025390625 0.739528193359375 0.5080849609375 0.841706833984375 0.488759357421875 0.818419517578125 0.47539259375 0.690575853515625 0.488901775390625 0.49324446875 0.479612974609375 0.31510246484375 0.492660130859375 0.142319392578125 0.503713177734375 0 0.47989466796875 0 0.518672408203125
5 0 0.7193292890625 0.38157675 0.67394423046875 0.672396994140625 0.640516625 0.8028899296875 0.614140421875 0.914989728515625 0.554672390625 0.95897165234375 0.546475291015625 0.960478634765625 0.526131033203125 0.9137593828125 0.524385466796875 0.81034892578125 0.583788859375 0.737426654296875 0.606807125 0.138768265625 0.66890140234375 0 0.685715861328125 0 0.7193292890625
5 0 0.779024716796875 0.48056790234375 0.697643208984375 0.75067766015625 0.66241459765625 0.9109325546875 0.65634080078125 0.95466016796875 0.60468032421875 0.9571159609375 0.571527126953125 0.8281630859375 0.6012485546875 0.72055309375 0.64700077734375 0 0.742994037109375 0 0.779024716796875
5 0.47434637890625 0 0.647994337890625 0.06228091015625 0.77682084375 0.08184978125 0.780760931640625 0.109044314453125 0.776922046875 0.1608692734375 0.76475401953125 0.30168935546875 0.651061740234375 0.312304419921875 0.477554865234375 0.286225650390625 0.2770374765625 0.273051345703125 0 0.23317748828125 0 0.252417916015625 0.310348046875 0.29235066796875 0.6270193984375 0.332028580078125 0.687848041015625 0.331577998046875 0.74896691015625 0.32721588671875 0.779453654296875 0.337740302734375 0.7860424375 0.38948801953125 0.77307915234375 0.447244361328125 0.76170987890625 0.460033234375 0.728036640625 0.469078220703125 0.61166490234375 0.46896288671875 0.565953849609375 0.47123216015625 0.57411586328125 0.489060841796875 0.79824861328125 0.49606296484375 0.859367974609375 0.44479105078125 0.8393833359375 0.3393913515625 0.9726876328125 0.3613095390625 0.973769236328125 0.346707896484375 0.927874873046875 0.340690546875 0.8208458203125 0.2848003828125 0.854956634765625 0.105703513671875 0.96502684375 0.167434669921875 0.9871788828125 0.165677671875 0.989084931640625 0.13994601953125 0.948516912109375 0.108919580078125 0.81411468359375 0.070823287109375 0.510246509765625 0 0.47434637890625 0
5 0.24753412109375 0.997617716796875 0.341196515625 0.996923921875 0.507617201171875 0.947517185546875 0.66891109765625 0.8961547109375 0.73466409375 0.89957675390625 0.73129313671875 0.99403431640625 0.78282241015625 0.993652619140625 0.792112568359375 0.968213240234375 0.810942326171875 0.854707818359375 0.86539863671875 0.854304439453125 0.92434554296875 0.80891241015625 0.939928546875 0.80355719921875 0.94200993359375 0.7754584921875 0.843046876953125 0.82775747265625 0.80770853125 0.804564337890625 0.8124335234375 0.657836798828125 0.73727190625 0.673477294921875 0.75387591015625 0.871418697265625 0.69623359375 0.8679365703125 0.569458310546875 0.89102760546875 0.424723296875 0.937706845703125 0.27269883984375 0.989000384765625 0.24753412109375 0.997617716796875
7 0.3514539930555556 0.7762659143518519 0.03689236111111116 0.023697916666666652
7 0.3467158564814815 0.879759837962963 0.03689236111111116 0.023697916666666652
7 0.40151186342592593 0.07413194444444444 0.03674768518518512 0.02174479166666668
7 0.37514467592592593 0.39055989583333334 0.03298611111111116 0.023668981481481444
7 0.38686342592592593 0.17965133101851852 0.04694733796296302 0.027676504629629617
6 0.588686548828125 0.18912516015625 0.767503392578125 0.2294986171875 0.763015140625 0.189681541015625 0.636433013671875 0.16987716015625 0.46678849609375 0.13073925 0.265571263671875 0.095744044921875 0.228494220703125 0.127292072265625 0.396787 0.153409736328125 0.588686548828125 0.18912516015625
6 0 0.916992017578125 0.048353041015625 0.90208494921875 0.2270745078125 0.881215015625 0.4161756640625 0.829646833984375 0.58369718359375 0.788011125 0.729107384765625 0.76347911328125 0.74501121875 0.73839412890625 0.61725021484375 0.757140673828125 0.463922470703125 0.779125447265625 0.3783754765625 0.808426349609375 0.23528226953125 0.83294119921875 0 0.880900041015625 0 0.916992017578125