0 0 0.75196790625 0.013301884765625 0.75800848046875 0.01713428125 0.769456423828125 0.05309992578125 0.772836791015625 0.184244341796875 0.83458106640625 0.600924486328125 0.963206421875 0.650662203125 0.95539965234375 0.76700619921875 0.881659392578125 0.7874957265625 0.849214203125 0.84648725390625 0.43289819921875 0.836211005859375 0.424202333984375 0.835917154296875 0.39002547265625 0.8329508203125 0.266106431640625 0.80807394921875 0.220385986328125 0.6848765234375 0.2126539765625 0.68668798046875 0.1984421015625 0.597994396484375 0.1885854921875 0.572830294921875 0.212417802734375 0.460236583984375 0.195087265625 0.4366730234375 0.218944283203125 0.41241296484375 0.28977743359375 0.406620638671875 0.3566128671875 0.023875638671875 0.638561349609375 0 0.663301458984375 0 0.75196790625
7 0.8384620949074074 0.43536603009259256 0.00810185185185186 0.019646990740740833
7 0.8362340856481482 0.4538917824074074 0.008015046296296235 0.013787615740740722
7 0.8330295138888889 0.47240306712962965 0.009997106481481444 0.01576967592592593
7 0.830787037037037 0.49190538194444444 0.009997106481481444 0.01576967592592593
7 0.8265914351851852 0.5113787615740741 0.011950231481481444 0.01579861111111125
7 0.8223090277777778 0.5367115162037037 0.01200810185185186 0.01970486111111125
7 0.8170211226851851 0.5639829282407407 0.014019097222222054 0.023640046296296457
7 0.8135850694444444 0.5981192129629629 0.014019097222222276 0.023640046296296457
7 0.8082826967592592 0.6263671875 0.01591435185185186 0.019762731481481444
7 0.8017722800925926 0.6702256944444445 0.01591435185185186 0.019762731481481444
7 0.7933232060185185 0.7130787037037036 0.015972222222222054 0.023668981481481666
7 0.7856770833333333 0.7676649305555556 0.021860532407407263 0.025708912037036846
7 0.7780020254629629 0.8242042824074074 0.019994212962962887 0.03153935185185186
7 0.7479528356481482 0.8745515046296296 0.021860532407407263 0.02570891203703707
7 0.6907913773148149 0.9088686342592592 0.019994212962962887 0.03153935185185186
7 0.6209635416666666 0.9410445601851851 0.02384259259259247 0.027690972222222054
7 0.49639756944444446 0.9098958333333333 0.02384259259259247 0.027690972222222276
7 0.38356481481481486 0.8779441550925926 0.021947337962962887 0.03156828703703707
7 0.30485387731481484 0.8504050925925926 0.016030092592592582 0.027575231481481444
7 0.23385416666666667 0.8298177083333333 0.02395833333333336 0.035503472222222276
7 0.1687572337962963 0.8063874421296297 0.019936342592592582 0.02763310185185186
7 0.0941261574074074 0.7671875 0.01801215277777779 0.029557291666666652
7 0.0134765625 0.7386429398148148 0.01990740740740741 0.02567997685185186
7 0.0068793402777777785 0.6672236689814814 0.013758680555555557 0.027575231481481666