5 0.32872727734375 0 0.247623818359375 0.082701541015625 0.1207258984375 0.11025733203125 0 0.17261810546875 0 0.174653927734375 0.019207466796875 0.24747421875 0.247623818359375 0.407277564453125 0.54033459375 0.588972009765625 0.7687509453125 0.725931125 0.812741966796875 0.781738 0.799206521484375 0.814501625 0.831353970703125 0.814500994140625 0.86857703125 0.77817985546875 0.8059740078125 0.71340637109375 0.630008978515625 0.606303560546875 0.3660614375 0.428516306640625 0.13764555859375 0.2867974765625 0.053046787109375 0.198879599609375 0.14441304296875 0.16571391796875 0.2713114375 0.129591392578125 0.357601607421875 0.06326165234375 0.423588375 0.102235515625 0.704456048828125 0.32616151953125 0.88211294921875 0.468432431640625 1 0.57805485546875 1 0.543934484375 0.968403591796875 0.503948771484375 0.82966209765625 0.375754474609375 0.724759451171875 0.298908421875 0.476039697265625 0.074981775390625 0.382981095703125 0.03871381640625 0.416820888671875 0.022481755859375 0.48280765625 0.042418669921875 0.516581798828125 0 0.32872727734375 0
5 0 0.728002041015625 0.298382796875 0.86646232421875 0.509879017578125 0.97060884765625 0.537687564453125 0.984068517578125 0.589698900390625 0.982527439453125 0.55725425390625 0.950168455078125 0 0.678517640625 0 0.728002041015625
1 0 0.431085478515625 0.737925802734375 0.86145716796875 0.934564271484375 0.67723371484375 0.342373818359375 0.235995142578125 0 0.430541318359375 0 0.431085478515625
1 1 0.405645306640625 0.643544896484375 0.07192243359375 0.362677693359375 0.217308751953125 0.94350236328125 0.6599912109375 1 0.611009234375 1 0.405645306640625
7 0.93359375 0.270189525462963 0.0234375 0.016319444444444442
7 0.86328125 0.32110098379629626 0.029296875 0.01844618055555558
7 0.7099609375 0.4301359953703704 0.037109375 0.024537037037037024
7 0.6220703125 0.492310474537037 0.03125 0.020457175925925997
7 0.4267578125 0.629933449074074 0.03515625 0.020572916666666607
7 0.3134765625 0.7104383680555555 0.044921875 0.02867476851851869
7 0.0615234375 0.8966145833333333 0.0546875 0.028964120370370328