1 0.733077830078125 0.4391395078125 0.59172451171875 0.22193282421875 0.497657767578125 0.371036341796875 0.59878308984375 0.58850752734375 0.733077830078125 0.4391395078125
1 0.4933843359375 0.36463478125 0.58987266015625 0.212780255859375 0.4925386953125 0.071589072265625 0.42034461328125 0.207802337890625 0.4933843359375 0.36463478125
1 0.565411677734375 0.633290662109375 0.468139119140625 0.419093126953125 0.397046193359375 0.527765955078125 0.470491859375 0.73259718359375 0.565411677734375 0.633290662109375
1 0.397175140625 0.52196329296875 0.464152494140625 0.41351947265625 0.3984839375 0.2644077421875 0.341925978515625 0.3592407265625 0.397175140625 0.52196329296875
1 0.3224397890625 0.640093806640625 0.372588708984375 0.556996076171875 0.32159278515625 0.41328310546875 0.28175735546875 0.484067404296875 0.3224397890625 0.640093806640625
1 0.492999189453125 0.050866849609375 0.38093284375 0.259521822265625 0.384928935546875 0.27835746484375 0.405819162109375 0.26394242578125 0.425169265625 0.2555725859375 0.531047890625 0.060485328125 0.52121302734375 0.039468611328125 0.492999189453125 0.050866849609375
1 0.4973998828125 0.382641087890625 0.477766974609375 0.338950826171875 0.445261302734375 0.344775626953125 0.45662469140625 0.36322868359375 0.375572671875 0.500729578125 0.342907638671875 0.505355701171875 0.34993591796875 0.5285526328125 0.3851118046875 0.535007921875 0.4973998828125 0.382641087890625
1 0.59712562890625 0.596873271484375 0.583276248046875 0.5578501953125 0.5304571640625 0.5506536640625 0.406179244140625 0.710168228515625 0.413049369140625 0.73474793359375 0.449735353515625 0.73946884375 0.59712562890625 0.596873271484375
1 0.22941619140625 0.65402422265625 0.31483305078125 0.65125127734375 0.3126417578125 0.61741968359375 0.260927533203125 0.62672430859375 0.242069291015625 0.54822033984375 0.19501426171875 0.54652090625 0.19236248828125 0.533410955078125 0.1572852109375 0.534633822265625 0.162177033203125 0.56726584765625 0.20481229296875 0.569195029296875 0.22941619140625 0.65402422265625
6 0.7704085 0.414849421875 0.585025462890625 0.611575306640625 0.45185398828125 0.776616357421875 0.472130556640625 0.791295673828125 0.578892669921875 0.688891283203125 0.59150757421875 0.6509798125 0.689227560546875 0.5581518203125 0.7525807734375 0.488631904296875 0.81650603125 0.393416333984375 0.838274587890625 0.34095618359375 0.82297037109375 0.301180794921875 0.828915869140625 0.276686291015625 0.784719044921875 0.300680373046875 0.794498662109375 0.32418319921875 0.7704085 0.414849421875
4 0.126171875 0.6869936342592593 0.08988715277777781 0.09440104166666652
5 0.78289515234375 0.448975509765625 0.501626775390625 0.761866712890625 0.528485583984375 0.7718145390625 0.79853094140625 0.473830181640625 0.78289515234375 0.448975509765625
5 0.689818287109375 0.067983484375 0.66140216015625 0.022264826171875 0.633905669921875 0.0013361484375 0.5874213359375 0.040175490234375 0.619208642578125 0.066677076171875 0.689818287109375 0.067983484375