0 0.757880189453125 0.2674504140625 0.744490369140625 0.269839365234375 0.7432379453125 0.154668873046875 0.701653603515625 0.133556828125 0.585813732421875 0.136791119140625 0.55383963671875 0.138174837890625 0.5461997890625 0.12895901953125 0.153676724609375 0.204499255859375 0.12231383984375 0.22529146875 0.047643931640625 0.33798973828125 0.037920994140625 0.385017375 0.13806914453125 0.769573482421875 0.18948915625 0.889575041015625 0.190905986328125 0.923142810546875 0.201434705078125 0.926181376953125 0.21729693359375 0.96477078515625 0.264077484375 0.95866001171875 0.31374675 0.910465060546875 0.596233162109375 0.53780269140625 0.659070201171875 0.529125189453125 0.726546060546875 0.5029328515625 0.7500200390625 0.47967449609375 0.739268630859375 0.3749151640625 0.762797234375 0.350156869140625 0.757880189453125 0.2674504140625
7 0.5443793402777778 0.1361328125 0.01786747685185186 0.008984374999999989
7 0.5257523148148148 0.13932291666666666 0.01200810185185186 0.008593750000000011
7 0.5080656828703703 0.14342447916666667 0.01396122685185186 0.008723958333333337
7 0.4894386574074074 0.14661458333333333 0.01396122685185186 0.008723958333333337
7 0.4717158564814815 0.15169270833333334 0.01605902777777768 0.012760416666666663
7 0.44816984953703703 0.15618489583333334 0.01996527777777779 0.01302083333333337
7 0.42162181712962965 0.16282552083333335 0.0239438657407407 0.015234375000000022
7 0.3902633101851852 0.16783854166666667 0.02191840277777779 0.013151041666666696
7 0.3637152777777778 0.17447916666666669 0.02010995370370372 0.01692708333333337
7 0.3224826388888889 0.18307291666666667 0.02010995370370372 0.016927083333333315
7 0.2822265625 0.1916015625 0.02206307870370372 0.017057291666666696
7 0.22923900462962965 0.201953125 0.02416087962962965 0.021093750000000022
7 0.17722800925925924 0.21223958333333334 0.02806712962962965 0.021354166666666674
7 0.1283637152777778 0.2427734375 0.02416087962962965 0.021093749999999967
7 0.09320746527777778 0.2977213541666667 0.03197337962962962 0.021614583333333326
7 0.05953414351851852 0.365234375 0.026258680555555552 0.025130208333333348
7 0.08253761574074074 0.4805989583333333 0.028139467592592587 0.023307291666666674
7 0.10691550925925926 0.58515625 0.028067129629629622 0.021354166666666785
7 0.12959346064814814 0.6567057291666667 0.02401620370370372 0.01718749999999991
7 0.14568865740740738 0.721875 0.03204571759259256 0.023567708333333215
7 0.16294126157407407 0.7820963541666667 0.02416087962962965 0.02109374999999991
7 0.19643373842592593 0.8509765625000001 0.02792245370370372 0.017447916666666785
7 0.21997974537037035 0.9253906249999999 0.02416087962962965 0.02109374999999991
7 0.2503978587962963 0.9457682291666667 0.02401620370370372 0.01718749999999991
7 0.28606047453703703 0.9297526041666666 0.02596932870370372 0.017317708333333126