3 0.351489583984375 0.2848518515625 0.370139583984375 0.04749722265625 0.313553125 0.043165740234375 0.275397396484375 0.266287962890625 0.337315103515625 0.319328703125 0.351489583984375 0.2848518515625
4 0.643176041015625 0.829839814453125 0.6401921875 0.715803703125 0.607367708984375 0.715803703125 0.605130208984375 0.693262037109375 0.62005 0.682653703125 0.619304166015625 0.51159907421875 0.576781771484375 0.50894722265625 0.55589375 0.465188888671875 0.523069791015625 0.493035185546875 0.490636458984375 0.513536111328125 0.482039583984375 0.7038694453125 0.456675521484375 0.719781482421875 0.449215625 0.837796296875 0.505911978515625 0.83647037109375 0.507403646484375 0.897466666015625 0.5894640625 0.897466666015625 0.59319375 0.8404481484375 0.643176041015625 0.829839814453125
7 0.4658203125 0.86328125 0.017578125 0.033203125
7 0.62890625 0.87109375 0.01953125 0.037109375
7 0.4814453125 0.5439453125 0.0166015625 0.03125
7 0.271484375 0.462890625 0.015625 0.033203125
7 0.3232421875 0.46484375 0.01953125 0.03515625
7 0.8505859375 0.4755859375 0.017578125 0.03515625
7 0.77734375 0.1611328125 0.017578125 0.03515625
3 0.846886458984375 0.206128703125 0.812518228515625 0.210596296875 0.823708333984375 0.34452222265625 0.783424478515625 0.34717407421875 0.787154166015625 0.467840740234375 0.796852603515625 0.494361111328125 0.867722396484375 0.432038888671875 0.846886458984375 0.206128703125
1 0.361469791015625 0.17464722265625 0.331347396484375 0.4492768515625 0.786408333984375 0.459885185546875 0.767758333984375 0.17612037109375 0.361469791015625 0.17464722265625
5 0.078452603515625 0.1496 0.098594791015625 0.18275 0.2850953125 0.18407592578125 0.3052375 0.162860185546875 0.308221353515625 0.18672777734375 0.300761458984375 0.364412962890625 0.286586978515625 0.401540740234375 0.294793228515625 0.296786111328125 0.260428125 0.309832408203125 0.260477083984375 0.394911111328125 0.268683333984375 0.437342591796875 0.304491146484375 0.434690740234375 0.328363541015625 0.336566666015625 0.333585416015625 0.127057408203125 0.297777083984375 0.11777592578125 0.261969271484375 0.154903703125 0.078452603515625 0.1496