3 0.573597396484375 0.345433333984375 0.45050703125 0.0139319453125 0.399754166015625 0.05395787109375 0.740515103515625 0.999537037109375 0.8421578125 0.999537037109375 0.573597396484375 0.345433333984375
5 0.310631771484375 0.6404694453125 0.392691927734375 0.999537037109375 0.433722134765625 0.999537037109375 0.2789265625 0.362008333984375 0.245356509765625 0.3073106484375 0.23509921875 0.2658731484375 0.22950390625 0.23106527734375 0.299441666015625 0.17968287109375 0.364716927734375 0.182997685546875 0.393624478515625 0.277475462890625 0.433608333984375 0.39886527734375 0.454236978515625 0.383556017578125 0.440249740234375 0.23769537109375 0.386164322265625 0.111725 0.305969271484375 0.090177314453125 0.171688802734375 0.20620277734375 0.264006509765625 0.45980092578125 0.310631771484375 0.6404694453125
6 0.48314453125 0.42665092578125 0.561474740234375 0.701796759765625 0.609032552734375 0.95539537109375 0.656590103515625 0.99849027734375 0.64260234375 0.779699537109375 0.553082291015625 0.527758796875 0.44793125 0.287754166015625 0.48314453125 0.42665092578125
5 0.5139171875 0.00067222265625 0.427097916015625 0.0030319453125 0.492469791015625 0.078575 0.630479947265625 0.38521342578125 0.898108072265625 0.999537037109375 0.989493228515625 0.99683287109375 0.906500521484375 0.81947962890625 0.707877865234375 0.380240740234375 0.58665234375 0.113382408203125 0.5139171875 0.00067222265625
5 0.742202083984375 0 0.76476015625 0.098464814453125 0.902770572265625 0.32720092578125 0.999739583984375 0.519471296875 0.996020833984375 0.42665092578125 0.883188021484375 0.22940787109375 0.789005208984375 0.073602314453125 0.763827865234375 0 0.742202083984375 0
6 0.2509515625 0.999537037109375 0.139983853515625 0.491293517578125 0.13811875 0.395158333984375 0.120401302734375 0.3404606484375 0.132523958984375 0.3006805546875 0.173191666015625 0.25766157421875 0.16422890625 0.232722685546875 0.08403359375 0.294050462890625 0.109211197265625 0.405103240234375 0.10548125 0.471403703125 0.148376302734375 0.721687037109375 0.197798958984375 0.99020277734375 0.2509515625 0.999537037109375
6 0.999739583984375 0.849314814453125 0.999739583984375 0.74323472265625 0.793667708984375 0.337145833984375 0.66218515625 0.057027314453125 0.628920833984375 0.06321712890625 0.758232552734375 0.33548842578125 0.999739583984375 0.849314814453125
3 0.042983333984375 0.00071712890625 0.127861197265625 0.07691712890625 0.155836197265625 0.184655091796875 0.2276390625 0.184655091796875 0.216448958984375 0.113382408203125 0.185676302734375 0.105094908203125 0.15676875 0.020562037109375 0.106413802734375 0 0.042983333984375 0.00071712890625
7 0.1328125 0.9375 0.025390625 0.0400390625
7 0.2470703125 0.8505859375 0.0263671875 0.0283203125
7 0.4560546875 0.6904296875 0.0234375 0.0419921875
7 0.779296875 0.4501953125 0.0205078125 0.0380859375
7 0.8544921875 0.3955078125 0.021484375 0.0390625
7 0.990234375 0.287109375 0.01953125 0.0361328125
7 0.5078125 0.62890625 0.0283203125 0.052734375
7 0.5615234375 0.7353515625 0.03515625 0.0625