3 0.223369650390625 0.74231716796875 0.274320841796875 0.7491107890625 0.3122190390625 0.739719984375 0.32401221875 0.697960365234375 0.2901346328125 0.683948748046875 0.26688404296875 0.706638947265625 0.2158308984375 0.697879099609375 0.04044415234375 0.779994359375 0.042521755859375 0.820062431640625 0.223369650390625 0.74231716796875
3 0.144459486328125 0.129019587890625 0.134886859375 0.004995810546875 0.095323423828125 0.003530498046875 0.10862993359375 0.111010498046875 0.011340849609375 0.218716376953125 0.013364185546875 0.257737869140625 0.144459486328125 0.129019587890625
5 0.43651708203125 0.108434849609375 0.37158101171875 0.10112299609375 0.365220263671875 0.01352667578125 0.36310378515625 0.0134482890625 0.3493647578125 0.1101135234375 0.379643794921875 0.122029138671875 0.510347771484375 0.119019671875 0.674025900390625 0.078960244140625 0.840996201171875 0.03509757421875 0.841573255859375 0.03116937890625 0.789340791015625 0.02923484375 0.73486878515625 0.040979732421875 0.561160724609375 0.089499671875 0.43651708203125 0.108434849609375
5 1 0.308302646484375 0.7059495703125 0.3244887578125 0.386380107421875 0.35288653125 0.24593737109375 0.40361960546875 0.162994880859375 0.419192732421875 0.02219701953125 0.428085384765625 0.023262228515625 0.448628689453125 0.160926236328125 0.446592625 0.3914056171875 0.382511896484375 0.52669098046875 0.3669149453125 1 0.33321556640625 1 0.308302646484375
5 1 0.350823982421875 0.636926248046875 0.372960458984375 0.38327666796875 0.39398662890625 0.20035384765625 0.466697703125 0.062658169921875 0.469448216796875 0.024396220703125 0.470498533203125 0.025312611328125 0.488171802734375 0.196282267578125 0.4891171484375 0.312709216796875 0.44632631640625 0.40383214453125 0.420262001953125 0.7030353515625 0.40288573046875 1 0.388070275390625 1 0.350823982421875
5 1 0.801337931640625 0.77943420703125 0.76585596484375 0.578666712890625 0.7299622578125 0.522725794921875 0.727890373046875 0.43901858203125 0.728715283203125 0.388999744140625 0.706255212890625 0.381664912109375 0.665749875 0.37768840625 0.58906014453125 0.43600385546875 0.569631365234375 0.607679572265625 0.582858990234375 0.7653503046875 0.591223716796875 0.763636587890625 0.56213975390625 0.611598705078125 0.557490083984375 0.4953031171875 0.535519134765625 0.358845193359375 0.528502412109375 0.293573353515625 0.58201959375 0.3047974375 0.663884294921875 0.3473863359375 0.74494765234375 0.43834112890625 0.749297712890625 0.617060015625 0.763767556640625 0.823225076171875 0.80280498828125 1 0.831975234375 1 0.801337931640625
5 0.51664369921875 1 0.4203479296875 0.97433265625 0.28210617578125 0.932904091796875 0.17595719921875 0.87107526171875 0.043453318359375 0.83802826953125 0.044435 0.856960701171875 0.17938761328125 0.903585640625 0.2929880859375 0.974522166015625 0.39144487109375 0.988963154296875 0.4193335859375 1 0.51664369921875 1
5 0.463810318359375 0.13005295703125 0.76740619140625 0.0627926171875 0.872378771484375 0.03231032421875 0.77030678125 0.028529880859375 0.669101869140625 0.05130136328125 0.4534382265625 0.0982671171875 0.37332905859375 0.10118773828125 0.36274593359375 0.01343503515625 0.297106919921875 0.0110039609375 0.282206634765625 0.12725234375 0.1890807578125 0.14833593359375 0.06898525 0.2256140078125 0.176610125 0.210677982421875 0.217969103515625 0.167069306640625 0.265984517578125 0.18454891015625 0.321392580078125 0.34459168359375 0.403198796875 0.34075227734375 0.3498745625 0.119945484375 0.463810318359375 0.13005295703125
7 0.9297164351851852 0.9184751157407407 0.05209780092592586 0.0272714120370372
7 0.9165870949074074 0.6840639467592593 0.04027777777777786 0.02488425925925908
7 0.9056640625000001 0.5861906828703705 0.058463541666666785 0.03725405092592604
7 0.887015335648148 0.2453342013888889 0.03667534722222232 0.03059895833333337
7 0.8789351851851852 0.12709780092592593 0.05199652777777786 0.025318287037037035