5 0 0.7087795078125 0.02557199609375 0.722982697265625 0.082974212890625 0.717905736328125 0.106659634765625 0.662226705078125 0.081028140625 0.65579712109375 0.05615860546875 0.689940966796875 0.0232921328125 0.68340498046875 0 0.628469349609375 0 0.7087795078125
5 0 0.43065187890625 0.03436226171875 0.41984253125 0.058302943359375 0.44846390625 0.067683205078125 0.492435916015625 0.072607201171875 0.528899365234375 0.118725595703125 0.529710263671875 0.106993943359375 0.450988625 0.054817580078125 0.393523171875 0 0.3892789375 0 0.43065187890625
5 0.32326032421875 0.36395623828125 0.25715782421875 0.375829208984375 0.257672896484375 0.437863626953125 0.382138619140625 0.441498947265625 0.360172451171875 0.387613294921875 0.32326032421875 0.36395623828125
5 0.297976486328125 0.61953398046875 0.387911376953125 0.64352446875 0.389915587890625 0.6049745625 0.3586404921875 0.541481802734375 0.239857541015625 0.57625579296875 0.297976486328125 0.61953398046875
5 0.559578162109375 0.37459953125 0.58172921484375 0.4272865390625 0.65075531640625 0.4115390390625 0.517295669921875 0.326505017578125 0.458007453125 0.362085203125 0.4801227421875 0.4171862578125 0.51598434375 0.415019623046875 0.51107790625 0.35919953125 0.559578162109375 0.37459953125
7 0.004137731481481482 0.5033347800925926 0.008275462962962964 0.014482060185185164
7 0.036581307870370366 0.49934895833333337 0.01973379629629629 0.0146846064814814
7 0.010347945601851852 0.5223451967592592 0.020695891203703704 0.014887152777777857
7 0.0402271412037037 0.5171296296296297 0.02364004629629629 0.014887152777777857
7 0.0351634837962963 0.5950520833333334 0.02168692129629629 0.014785879629629628
7 0.06460503472222223 0.5868055555555556 0.02168692129629629 0.014785879629629628
7 0.039785879629629636 0.6128833912037037 0.01973379629629629 0.0146846064814814
7 0.07020399305555555 0.6046875 0.02361111111111111 0.012934027777777857
6 0.1776551640625 0.5130023828125 0.11714974609375 0.5259706875 0.107413990234375 0.538216669921875 0.17075937109375 0.535125564453125 0.242312755859375 0.501926509765625 0.293296009765625 0.486786771484375 0.286564697265625 0.47720425 0.1776551640625 0.5130023828125