0 0.38804375 0.94520277734375 0.778202083984375 0.831165740234375 0.901292708984375 0.77547407421875 0.9348625 0.77282222265625 0.938592708984375 0.762213888671875 0.978130728515625 0.74497592578125 0.975146875 0.698565740234375 0.930386458984375 0.65082962890625 0.577528125 0.3829768515625 0.573052083984375 0.32065462890625 0.551417708984375 0.25435462890625 0.529783853515625 0.231812037109375 0.424597396484375 0.2463981484375 0.401471353515625 0.223856482421875 0.318665103515625 0.231812037109375 0.320157291015625 0.24507222265625 0.205219791015625 0.2505731484375 0.181401041015625 0.292808333984375 0.176925 0.40817037109375 0.176179166015625 0.4399944453125 0.166480728515625 0.44795092578125 0.2157171875 0.83647037109375 0.2343671875 0.866968517578125 0.341791666015625 0.937246296875 0.38804375 0.94520277734375
7 0.173828125 0.4501953125 0.0078125 0.017578125
7 0.17578125 0.4677734375 0.0078125 0.0126953125
7 0.1787109375 0.4853515625 0.0087890625 0.013671875
7 0.1806640625 0.50390625 0.0087890625 0.013671875
7 0.1845703125 0.521484375 0.0107421875 0.015625
7 0.1875 0.544921875 0.01171875 0.0185546875
7 0.1923828125 0.5712890625 0.0126953125 0.0224609375
7 0.1953125 0.6015625 0.0126953125 0.021484375
7 0.19921875 0.6279296875 0.015625 0.0185546875
7 0.205078125 0.6689453125 0.0146484375 0.0185546875
7 0.2119140625 0.708984375 0.015625 0.021484375
7 0.21875 0.7607421875 0.0205078125 0.0244140625
7 0.224609375 0.8125 0.0185546875 0.0283203125
7 0.251953125 0.8603515625 0.0205078125 0.0234375
7 0.3046875 0.8935546875 0.0185546875 0.029296875
7 0.369140625 0.9248046875 0.0224609375 0.025390625
7 0.486328125 0.8974609375 0.0205078125 0.0263671875
7 0.591796875 0.8681640625 0.01953125 0.0283203125
7 0.6650390625 0.84375 0.015625 0.0244140625
7 0.7314453125 0.826171875 0.021484375 0.0322265625
7 0.79296875 0.8056640625 0.0185546875 0.0244140625
7 0.86328125 0.76953125 0.0166015625 0.02734375
7 0.9384765625 0.744140625 0.01953125 0.0234375
7 0.9619140625 0.712890625 0.0166015625 0.0244140625
7 0.947265625 0.677734375 0.015625 0.025390625