0 0.776690625 0 0.756548958984375 0.079321296875 0.750580728515625 0.127057408203125 0.143335416015625 0.296786111328125 0.0441171875 0.38430277734375 0.048969791015625 0.3968694453125 0.208257291015625 0.61767962890625 0.356711458984375 0.73967222265625 0.356711458984375 0.754258333984375 0.341791666015625 0.77282222265625 0.3679015625 0.80597222265625 0.407439583984375 0.8072981484375 0.484277603515625 0.88155462890625 0.551417708984375 0.900118517578125 0.737172396484375 0.889510185546875 0.831168228515625 0.852382408203125 0.999479166015625 0.701217591796875 0.998253125 0 0.776690625 0
7 0.9208984375 0.732421875 0.0283203125 0.041015625
7 0.833984375 0.8076171875 0.029296875 0.041015625
7 0.71875 0.853515625 0.0322265625 0.0361328125
7 0.5732421875 0.865234375 0.029296875 0.0439453125
7 0.44140625 0.810546875 0.033203125 0.0380859375
7 0.3408203125 0.6943359375 0.0244140625 0.0322265625
7 0.240234375 0.615234375 0.0244140625 0.025390625
7 0.1904296875 0.560546875 0.025390625 0.0283203125
7 0.1552734375 0.51171875 0.021484375 0.025390625
7 0.1240234375 0.4736328125 0.0185546875 0.0244140625
7 0.087890625 0.4228515625 0.0185546875 0.0224609375
7 0.06640625 0.3759765625 0.0166015625 0.021484375