3 0.711061978515625 0.491709259765625 0.682303125 0.485758333984375 0.563353646484375 0.591159259765625 0.5626078125 0.6097231484375 0.5864796875 0.624309259765625 0.599161978515625 0.6190055546875 0.584988021484375 0.600441666015625 0.693158333984375 0.50629537109375 0.711808333984375 0.5155768515625 0.711061978515625 0.491709259765625
3 0.388789583984375 0.50629537109375 0.509386458984375 0.43205462890625 0.4932296875 0.422756482421875 0.365663541015625 0.494361111328125 0.351489583984375 0.497012962890625 0.344775521484375 0.51425092578125 0.372377603515625 0.531488888671875 0.38804375 0.532814814453125 0.388789583984375 0.50629537109375
3 0.264953125 0.474471296875 0.272413021484375 0.457233333984375 0.2716671875 0.434690740234375 0.262511458984375 0.43205462890625 0.083675 0.523533333984375 0.0821828125 0.559335185546875 0.098594791015625 0.573921296875 0.111277083984375 0.560661111328125 0.103070833984375 0.54209722265625 0.254509375 0.470493517578125 0.264953125 0.474471296875
3 0.534386458984375 0.335758333984375 0.48129375 0.327284259765625 0.3865515625 0.37502037109375 0.3798375 0.400214814453125 0.407439583984375 0.409496296875 0.493975521484375 0.356456482421875 0.521577603515625 0.356456482421875 0.534386458984375 0.335758333984375
3 0.652128125 0.394911111328125 0.665636458984375 0.38020277734375 0.628255728515625 0.371042591796875 0.5387359375 0.425408333984375 0.5335140625 0.45325462890625 0.552909896484375 0.461211111328125 0.556639583984375 0.44795092578125 0.640938021484375 0.392258333984375 0.652128125 0.394911111328125
3 0.624526041015625 0.3829768515625 0.634223958984375 0.371042591796875 0.603638021484375 0.3551305546875 0.611097916015625 0.333914814453125 0.606621875 0.310046296875 0.532021875 0.291482408203125 0.530219791015625 0.261684259765625 0.517847916015625 0.262310185546875 0.517847916015625 0.310046296875 0.592447916015625 0.324632408203125 0.592447916015625 0.336566666015625 0.585733853515625 0.35380462890625 0.58275 0.3736944453125 0.624526041015625 0.3829768515625
3 0.791678125 0.291313888671875 0.763282291015625 0.290156482421875 0.7520921875 0.418778703125 0.782678125 0.433364814453125 0.791678125 0.291313888671875
3 0.375361458984375 0.81127592578125 0.403709375 0.799341666015625 0.412661458984375 0.759562037109375 0.383567708984375 0.748953703125 0.310428125 0.7005731484375 0.317919271484375 0.759562037109375 0.375361458984375 0.81127592578125
6 0.639445833984375 0.61767962890625 0.66555625 0.6044194453125 0.696888021484375 0.5765731484375 0.707332291015625 0.556683333984375 0.749108333984375 0.51822962890625 0.794614583984375 0.47314537109375 0.856532291015625 0.418778703125 0.8774203125 0.389606482421875 0.873690625 0.2410944453125 0.845342708984375 0.227834259765625 0.854294271484375 0.306068517578125 0.857278646484375 0.34850092578125 0.851310416015625 0.38695462890625 0.8214703125 0.41480092578125 0.772980208984375 0.461211111328125 0.720759896484375 0.5049694453125 0.6692859375 0.57259537109375 0.623780208984375 0.591159259765625 0.561115625 0.656133333984375 0.487261978515625 0.727737962890625 0.387297396484375 0.7847555546875 0.334386458984375 0.770943517578125 0.299269271484375 0.820558333984375 0.311951041015625 0.83647037109375 0.328363541015625 0.832491666015625 0.363425521484375 0.84707777734375 0.439517708984375 0.815253703125 0.546941666015625 0.727737962890625 0.596178125 0.661437962890625 0.639445833984375 0.61767962890625
5 0.854294271484375 0.267613888671875 0.820724478515625 0.239768517578125 0.819978125 0.331262037109375 0.8296765625 0.402866666015625 0.8162484375 0.451928703125 0.742394271484375 0.498338888671875 0.652873958984375 0.591159259765625 0.5268 0.7105 0.443761458984375 0.77649907421875 0.475325521484375 0.817906482421875 0.580511978515625 0.7184555546875 0.640938021484375 0.662763888671875 0.735680208984375 0.5712694453125 0.802074478515625 0.499664814453125 0.8431046875 0.457233333984375 0.850564583984375 0.35115277734375 0.854294271484375 0.267613888671875
1 0.241678125 0.619091666015625 0.4477234375 0.756910185546875 0.573797916015625 0.632265740234375 0.370885416015625 0.5381194453125 0.241678125 0.619091666015625
1 0.233344791015625 0.611684259765625 0.365663541015625 0.534140740234375 0.22243125 0.462537037109375 0.097848958984375 0.527511111328125 0.233344791015625 0.611684259765625
1 0.410428125 0.511684259765625 0.610352083984375 0.600441666015625 0.698380208984375 0.520881482421875 0.50815 0.446625 0.410428125 0.511684259765625
1 0.264207291015625 0.44795092578125 0.409677603515625 0.51425092578125 0.403136458984375 0.5079805546875 0.502927603515625 0.44795092578125 0.37163125 0.401540740234375 0.264207291015625 0.44795092578125
1 0.545844791015625 0.42835092578125 0.724490103515625 0.494361111328125 0.7841703125 0.438668517578125 0.6133359375 0.38165092578125 0.545844791015625 0.42835092578125
1 0.538553125 0.42649907421875 0.605130208984375 0.3829768515625 0.475325521484375 0.3405444453125 0.394757291015625 0.38695462890625 0.538553125 0.42649907421875