1 0.671162474609375 0.15480807421875 0.68527713671875 0.155660955078125 0.679907068359375 0.06955108203125 0.488783123046875 0.014507982421875 0.502421265625 0.1183816875 0.671162474609375 0.15480807421875
1 0.173833763671875 0 0.177481759765625 0.040916666015625 0.458271970703125 0.102442396484375 0.452457376953125 0.0012965625 0.4477988984375 0 0.173833763671875 0
1 0.6200503984375 0.236713609375 0.775708439453125 0.259551744140625 0.7654032734375 0.18608527734375 0.620401814453125 0.153477123046875 0.6200503984375 0.236713609375
1 0.365261087890625 0.1017174453125 0.376703369140625 0.202570923828125 0.587601015625 0.23522611328125 0.581251517578125 0.14694040625 0.365261087890625 0.1017174453125
1 0.304074306640625 0.0893790078125 0.000602228515625 0.02032519140625 0.004613923828125 0.155719916015625 0.3146179453125 0.199449501953125 0.304074306640625 0.0893790078125
1 0.192863005859375 0.22716184375 0.00596459765625 0.201305162109375 0.009478865234375 0.31991173046875 0.335508546875 0.33389351953125 0.32538992578125 0.27751432421875 0.21382365625 0.268873244140625 0.192863005859375 0.22716184375
1 0.383362048828125 0.3322046015625 0.593626619140625 0.343493494140625 0.594751794921875 0.286371375 0.580530755859375 0.255431439453125 0.4789984296875 0.23134663671875 0.47749810546875 0.275807431640625 0.466407810546875 0.281930220703125 0.377735173828125 0.284942755859375 0.383362048828125 0.3322046015625
1 0.780170423828125 0.28602654296875 0.705651888671875 0.272695029296875 0.70363573046875 0.2997464296875 0.640073302734375 0.294324466796875 0.6289830078125 0.300447255859375 0.631538595703125 0.3391500078125 0.7768809453125 0.346672197265625 0.780170423828125 0.28602654296875
1 0.636016837890625 0.44274226171875 0.778006552734375 0.43220977734375 0.780366623046875 0.359056587890625 0.630553966796875 0.353467146484375 0.636016837890625 0.44274226171875
1 0.396867525390625 0.45514259765625 0.605021033203125 0.442764701171875 0.589404 0.355678314453125 0.385284560546875 0.3495410546875 0.396867525390625 0.45514259765625
1 0.335311087890625 0.346720103515625 0.010012583984375 0.33792468359375 0.013980029296875 0.471825966796875 0.34753700390625 0.454530419921875 0.335311087890625 0.346720103515625
1 0.63768144140625 0.451374296875 0.647201208984375 0.534891318359375 0.7804450546875 0.514509224609375 0.775498 0.442642947265625 0.63768144140625 0.451374296875
1 0.400243912109375 0.56909563671875 0.613509271484375 0.53901598828125 0.608100423828125 0.455415841796875 0.3972661328125 0.46859563671875 0.400243912109375 0.56909563671875
1 0.016665306640625 0.562454087890625 0.02719341015625 0.6272742578125 0.36247163671875 0.578187240234375 0.346901986328125 0.472279474609375 0.014793474609375 0.49927976171875 0.016665306640625 0.562454087890625
1 0.641925216796875 0.547053291015625 0.65006176171875 0.63143496484375 0.79409009375 0.594642287109375 0.789206884765625 0.524598705078125 0.641925216796875 0.547053291015625
1 0.408988798828125 0.578945294921875 0.42204878515625 0.686847931640625 0.623426666015625 0.635986099609375 0.620870201171875 0.55435400390625 0.408988798828125 0.578945294921875
1 0.02510691015625 0.65195162890625 0.041683671875 0.78344871875 0.37035039453125 0.7014169921875 0.364354052734375 0.59642826171875 0.02510691015625 0.65195162890625
1 0.7313963125 0.666052328125 0.73479584765625 0.685689876953125 0.794840533203125 0.66751798828125 0.7915968984375 0.6052616875 0.64898333203125 0.642586357421875 0.650226025390625 0.6845272421875 0.7313963125 0.666052328125
1 0.562255978515625 0.75883376171875 0.569430888671875 0.715663478515625 0.62516175 0.69454521484375 0.619822041015625 0.6517953125 0.4224708359375 0.701092130859375 0.429504388671875 0.748281037109375 0.5106981171875 0.73059728515625 0.520334005859375 0.77051821484375 0.562255978515625 0.75883376171875
1 0.277714955078125 0.80846001953125 0.3838078515625 0.775219115234375 0.36978912109375 0.713453462890625 0.03530580859375 0.805970923828125 0.04991315625 0.9185486875 0.273143361328125 0.844362271484375 0.277714955078125 0.80846001953125
1 0.66009637890625 0.7323614296875 0.6668721484375 0.8183984140625 0.803234986328125 0.76060408203125 0.79807988671875 0.691245794921875 0.66009637890625 0.7323614296875
1 0.431614623046875 0.819501478515625 0.442939662109375 0.916398048828125 0.6335084765625 0.83360208984375 0.630659919921875 0.751940318359375 0.431614623046875 0.819501478515625
1 0.283153884765625 0.986854296875 0.38863795703125 0.93823513671875 0.38347561328125 0.843330853515625 0.05682946875 0.9617806875 0.061371310546875 0.998354134765625 0.283153884765625 0.986854296875
1 0.660002888671875 0.824302888671875 0.68075265234375 0.90644523828125 0.805696931640625 0.843694689453125 0.804497392578125 0.775019955078125 0.660002888671875 0.824302888671875
1 0.565289529296875 0.97222504296875 0.640660376953125 0.932300349609375 0.639605111328125 0.849136802734375 0.443478955078125 0.934599154296875 0.450184298828125 0.9781934609375 0.565289529296875 0.97222504296875
1 0.755744265625 0.962349611328125 0.817911849609375 0.92310953125 0.81471321484375 0.854170486328125 0.679674224609375 0.917596630859375 0.686717484375 0.96592877734375 0.755744265625 0.962349611328125
3 0.1157418828125 0 0.122758986328125 0.04850950390625 0.30416127734375 0.0842788359375 0.31874518359375 0.196065439453125 0.36814506640625 0.199051701171875 0.362400828125 0.100280453125 0.475809626953125 0.123724537109375 0.58080080859375 0.148397466796875 0.59029699609375 0.18357028125 0.608678599609375 0.185787216796875 0.61611143359375 0.15132190625 0.6926856875 0.1679575859375 0.69514735546875 0.15594209375 0.691325615234375 0.07450674609375 0.672920568359375 0.071498650390625 0.6767188515625 0.15214228515625 0.503734162109375 0.115143556640625 0.496840326171875 0.0727033203125 0.46293736328125 0.069705890625 0.456888732421875 0.103306494140625 0.170448361328125 0.041281361328125 0.169225208984375 0 0.1157418828125 0
5 0.179826755859375 0.215157017578125 0.19314437109375 0.2366579765625 0.2178092109375 0.260740615234375 0.405683166015625 0.27715348828125 0.4124117578125 0.266501501953125 0.234338642578125 0.247995130859375 0.2312203359375 0.19030066796875 0.00463286328125 0.156359130859375 0.005789931640625 0.195410169921875 0.179826755859375 0.215157017578125
5 0.381252125 0.688963314453125 0.374781458984375 0.7083202734375 0.437781169921875 0.694750525390625 0.61540863671875 0.65066793359375 0.627834427734375 0.6896512734375 0.658501978515625 0.678550380859375 0.647482576171875 0.544387451171875 0.770855220703125 0.523724267578125 0.773363771484375 0.51329109765625 0.6486547890625 0.536401251953125 0.63064775 0.35663233984375 0.640495490234375 0.356121716796875 0.77158151171875 0.358043009765625 0.775521166015625 0.348328009765625 0.634351955078125 0.339004130859375 0.62490365234375 0.305414138671875 0.598034087890625 0.302052013671875 0.5978701015625 0.344065837890625 0.58654533984375 0.3422753671875 0.458202353515625 0.33783471484375 0.37642243359375 0.335734490234375 0.3723653984375 0.29393953515625 0.335649076171875 0.291087984375 0.32856893359375 0.33742340625 0.0093467578125 0.31545309765625 0.01014352734375 0.3423440546875 0.0215658125 0.342246060546875 0.1949968359375 0.346727046875 0.328967525390625 0.350875892578125 0.350725513671875 0.467045869140625 0.3664816328125 0.5708462734375 0.345801521484375 0.586184658203125 0.041378431640625 0.630501724609375 0.018625685546875 0.628616892578125 0.019309173828125 0.65168462109375 0.078352662109375 0.6420576953125 0.36441857421875 0.596314802734375 0.37267122265625 0.63709983203125 0.40495648046875 0.633048099609375 0.403526205078125 0.58477627734375 0.45824898046875 0.577183439453125 0.6126418671875 0.55728948046875 0.617987529296875 0.642608794921875 0.5003812890625 0.667727787109375 0.381252125 0.688963314453125