3 0.085913021484375 0.573921296875 0.1060546875 0.57524722265625 0.113515103515625 0.559335185546875 0.2768890625 0.469166666015625 0.269803125 0.417239814453125 0.076214583984375 0.528837037109375 0.085913021484375 0.573921296875
3 0.7133 0.51159907421875 0.7095703125 0.490383333984375 0.681261458984375 0.48020277734375 0.550671875 0.592485185546875 0.556639583984375 0.620331482421875 0.585733853515625 0.633591666015625 0.596178125 0.620331482421875 0.595431771484375 0.607071296875 0.5894640625 0.600441666015625 0.692411978515625 0.512925 0.7133 0.51159907421875
3 0.382821353515625 0.51690277734375 0.504419791015625 0.438668517578125 0.509641666015625 0.425408333984375 0.491738021484375 0.41480092578125 0.3649171875 0.491709259765625 0.351489583984375 0.489057408203125 0.348505208984375 0.51425092578125 0.380583333984375 0.527511111328125 0.382821353515625 0.51690277734375
3 0.665636458984375 0.389462037109375 0.623033853515625 0.371042591796875 0.540227603515625 0.424082408203125 0.537990103515625 0.45060277734375 0.552909896484375 0.4545805546875 0.637954166015625 0.392258333984375 0.646159896484375 0.393584259765625 0.665636458984375 0.389462037109375
3 0.514594791015625 0.345017591796875 0.478309375 0.335240740234375 0.392519271484375 0.38165092578125 0.382075521484375 0.394911111328125 0.397741666015625 0.4068444453125 0.487261978515625 0.3498268515625 0.502927603515625 0.352478703125 0.514594791015625 0.345017591796875
3 0.752838021484375 0.41745277734375 0.778202083984375 0.430712962890625 0.781186458984375 0.418778703125 0.778202083984375 0.405518517578125 0.793868228515625 0.290156482421875 0.761790103515625 0.2888305546875 0.752838021484375 0.41745277734375
1 0.369803125 0.533906482421875 0.24108125 0.616353703125 0.445485416015625 0.7516055546875 0.576781771484375 0.632265740234375 0.369803125 0.533906482421875
1 0.234386458984375 0.615387962890625 0.363425521484375 0.532814814453125 0.223177083984375 0.461211111328125 0.097848958984375 0.524859259765625 0.234386458984375 0.615387962890625
1 0.414153646484375 0.51159907421875 0.610352083984375 0.599115740234375 0.6961421875 0.512925 0.50815 0.4492768515625 0.414153646484375 0.51159907421875
1 0.401471353515625 0.51425092578125 0.497928125 0.4468694453125 0.358949478515625 0.393584259765625 0.257493228515625 0.4399944453125 0.401471353515625 0.51425092578125
1 0.543761458984375 0.42279537109375 0.725236458984375 0.495687037109375 0.781186458984375 0.432038888671875 0.609605728515625 0.3789981484375 0.543761458984375 0.42279537109375
6 0.558131771484375 0.702543517578125 0.591702083984375 0.660111111328125 0.623033853515625 0.628287037109375 0.655858333984375 0.61237592578125 0.684952083984375 0.591159259765625 0.702109896484375 0.563312962890625 0.731204166015625 0.532814814453125 0.755076041015625 0.507621296875 0.790884375 0.479775 0.828184375 0.44795092578125 0.855040625 0.4108231484375 0.8721984375 0.392258333984375 0.8751828125 0.356456482421875 0.876674478515625 0.323306482421875 0.8721984375 0.2848518515625 0.862500521484375 0.227834259765625 0.847580208984375 0.223856482421875 0.8483265625 0.25435462890625 0.856532291015625 0.298112037109375 0.8602625 0.339218517578125 0.854294271484375 0.3829768515625 0.83340625 0.396237037109375 0.811772396484375 0.425408333984375 0.772980208984375 0.455906482421875 0.735680208984375 0.489057408203125 0.7065859375 0.523533333984375 0.679730208984375 0.54474907421875 0.6692859375 0.57524722265625 0.6387 0.583203703125 0.612590103515625 0.589833333984375 0.582003646484375 0.633591666015625 0.529783853515625 0.697239814453125 0.457421353515625 0.752931482421875 0.4171375 0.7794518515625 0.376853646484375 0.799341666015625 0.348505208984375 0.800667591796875 0.339594791015625 0.77279537109375 0.291809375 0.827187962890625 0.313443228515625 0.83647037109375 0.325379166015625 0.827187962890625 0.356711458984375 0.84442592578125 0.392519271484375 0.831165740234375 0.46264375 0.7847555546875 0.505165625 0.758236111328125 0.558131771484375 0.702543517578125
5 0.832660416015625 0.485078703125 0.8483265625 0.463862962890625 0.846834375 0.422756482421875 0.849072396484375 0.343196296875 0.854294271484375 0.286178703125 0.828930728515625 0.227834259765625 0.816994271484375 0.294134259765625 0.831168228515625 0.34850092578125 0.828930728515625 0.413475 0.808788541015625 0.470493517578125 0.77745625 0.467840740234375 0.737172396484375 0.524859259765625 0.699126041015625 0.560661111328125 0.652873958984375 0.599115740234375 0.629002083984375 0.64154722265625 0.622288021484375 0.661437962890625 0.602145833984375 0.68397962890625 0.571559896484375 0.686631482421875 0.524561458984375 0.719781482421875 0.487261978515625 0.771496296875 0.452094791015625 0.793165740234375 0.468611458984375 0.80995 0.494721875 0.791386111328125 0.5357515625 0.760887962890625 0.5946859375 0.7131518515625 0.643176041015625 0.658785185546875 0.708078125 0.596462962890625 0.772980208984375 0.5381194453125 0.832660416015625 0.485078703125
4 0.6396484375 0.2060546875 0.0830078125 0.0703125