5 0.115234375 0.9375 0.23046875 0.125
5 0.34765625 0.5224609375 0.1650390625 0.0888671875
5 0.5341796875 0.6357421875 0.130859375 0.1484375
5 0.4365234375 0.3154296875 0.095703125 0.1142578125
6 0.2530171875 0.99892962890625 0.276143228515625 0.99892962890625 0.3171734375 0.92202222265625 0.339553125 0.809311111328125 0.376107291015625 0.6647768515625 0.379091146484375 0.609085185546875 0.363553125 0.602425 0.358949478515625 0.632265740234375 0.3425375 0.65082962890625 0.3358234375 0.686631482421875 0.3358234375 0.71712962890625 0.317919271484375 0.792712037109375 0.3037453125 0.870946296875 0.253763021484375 0.981691666015625 0.2530171875 0.99892962890625
7 0.4580078125 0.5986328125 0.013671875 0.0224609375
7 0.4677734375 0.5703125 0.0126953125 0.0224609375
7 0.4482421875 0.5654296875 0.015625 0.0244140625
7 0.4384765625 0.591796875 0.013671875 0.025390625
7 0.36328125 0.5703125 0.015625 0.0224609375
7 0.359375 0.5400390625 0.0126953125 0.0224609375
7 0.376953125 0.5458984375 0.015625 0.021484375
7 0.345703125 0.5654296875 0.013671875 0.0234375
7 0.5146484375 0.3837890625 0.009765625 0.015625
7 0.4638671875 0.373046875 0.0078125 0.0107421875
7 0.451171875 0.37109375 0.0078125 0.009765625
6 0.476586978515625 0.45417407421875 0.475726041015625 0.412353703125 0.473430728515625 0.396543517578125 0.46595 0.3969444453125 0.465109896484375 0.406233333984375 0.459084375 0.4108231484375 0.456502083984375 0.44142407421875 0.449329166015625 0.508743517578125 0.434122396484375 0.5546444453125 0.447894791015625 0.556684259765625 0.465396875 0.482733333984375 0.476586978515625 0.45417407421875