5 0.3355034722222222 0.5203125 0.14576099537037035 0.08804976851851842
5 0.4339554398148148 0.3060691550925926 0.11385995370370372 0.12271412037037033
5 0.5513237847222222 0.6552734375 0.1391059027777779 0.1718894675925926
5 0.12662760416666666 0.9404296875 0.18800636574074076 0.119140625
6 0.305783115234375 1 0.507331974609375 0.40792096484375 0.468530533203125 0.3893415078125 0.225774771484375 0.935295455078125 0.2638883125 1 0.305783115234375 1
7 0.4693287037037037 0.6023292824074074 0.01453993055555558 0.023640046296296457
7 0.4769965277777778 0.5721860532407408 0.01446759259259256 0.021686921296296457
7 0.44654224537037035 0.5932074652777778 0.01642071759259256 0.021715856481481444
7 0.45619936342592593 0.5640697337962963 0.01432291666666663 0.017780671296296457
7 0.3695023148148148 0.5686414930555556 0.01244212962962965 0.019704861111111027
7 0.3812572337962963 0.5434389467592593 0.01642071759259256 0.021715856481481666
7 0.3488498263888889 0.5644314236111111 0.01439525462962965 0.019733796296296235
7 0.36248553240740744 0.5373046875 0.01453993055555558 0.023640046296296457
7 0.5323350694444444 0.3797526041666667 0.012369791666666519 0.017751736111111138
7 0.5185185185185186 0.3756438078703704 0.012369791666666519 0.017751736111111138