1 0.305450814453125 0.591063630859375 0.433258890625 0.439299728515625 0.361690466796875 0.295712509765625 0.201373072265625 0.42619414453125 0.305450814453125 0.591063630859375
1 0.519388626953125 0.332492134765625 0.472149044921875 0.213362416015625 0.3697623515625 0.292899330078125 0.436116439453125 0.433810890625 0.519388626953125 0.332492134765625
1 0.413876732421875 0.7562546328125 0.50396839453125 0.597625212890625 0.45418248046875 0.491311115234375 0.337665375 0.6374217734375 0.413876732421875 0.7562546328125
1 0.574022041015625 0.47171228515625 0.53133481640625 0.3806059453125 0.4581805 0.4847850703125 0.51116809375 0.591644466796875 0.574022041015625 0.47171228515625
1 0.493012025390625 0.87856111328125 0.562859462890625 0.724946744140625 0.526052359375 0.634215705078125 0.4358540078125 0.78964045703125 0.493012025390625 0.87856111328125
1 0.614062943359375 0.596823392578125 0.580187755859375 0.521841392578125 0.51994577734375 0.62921523828125 0.564242470703125 0.716092216796875 0.614062943359375 0.596823392578125
3 0.448037482421875 0.478666375 0.339225314453125 0.261331458984375 0.308942955078125 0.280259861328125 0.41772837890625 0.48633674609375 0.448037482421875 0.478666375
3 0.47198609375 0.191364123046875 0.451615126953125 0.179269392578125 0.42421344921875 0.195968263671875 0.507945078125 0.374768115234375 0.51112680078125 0.390509505859375 0.54142726171875 0.374024791015625 0.47198609375 0.191364123046875
3 0.42708523046875 0.779219263671875 0.454485890625 0.762519748046875 0.45605329296875 0.743870841796875 0.36193791796875 0.589547349609375 0.325701076171875 0.586863138671875 0.305559443359375 0.605728591796875 0.42708523046875 0.779219263671875
3 0.472407599609375 0.44382786328125 0.453516201171875 0.4359144453125 0.437680501953125 0.44939891015625 0.437777064453125 0.46243474609375 0.4551949296875 0.46698198828125 0.51406687890625 0.59185919140625 0.509689484375 0.61026299609375 0.530125876953125 0.608520341796875 0.54159529296875 0.592269533203125 0.472407599609375 0.44382786328125
3 0.555467599609375 0.5094245 0.6055285234375 0.618177435546875 0.602671984375 0.623665783203125 0.6130800390625 0.63838813671875 0.63167996875 0.6282574375 0.6315471953125 0.61033308984375 0.588697021484375 0.49722845703125 0.564038228515625 0.492958966796875 0.555467599609375 0.5094245
3 0.646923265625 0.730359578125 0.665289603515625 0.66739017578125 0.70730591015625 0.66805958203125 0.71879946875 0.655068158203125 0.704147875 0.641722802734375 0.637598240234375 0.6449815390625 0.6177704375 0.706213884765625 0.584402203125 0.699670451171875 0.564278681640625 0.7209807265625 0.577487173828125 0.7439447890625 0.588991787109375 0.7325824140625 0.59181916796875 0.723020763671875 0.6208683828125 0.733315412109375 0.646923265625 0.730359578125
3 0.494419173828125 0.87296540234375 0.51910210546875 0.8804937109375 0.643884716796875 0.90683726171875 0.647145693359375 0.86718092578125 0.518818455078125 0.842200763671875 0.494419173828125 0.87296540234375
6 0.166972828125 0.280329326171875 0.133029798828125 0.29014500390625 0.126828376953125 0.336799705078125 0.157954642578125 0.431935505859375 0.229799716796875 0.548002025390625 0.3338110703125 0.703909052734375 0.41136419921875 0.808183822265625 0.481693490234375 0.9151805234375 0.534327298828125 0.980151595703125 0.5894796796875 0.994008611328125 0.657556908203125 0.9925373125 0.70242473046875 0.98690331640625 0.692175373046875 0.972301306640625 0.582069767578125 0.9714735078125 0.542795333984375 0.9498356640625 0.48875336328125 0.89046022265625 0.435878146484375 0.7928992734375 0.35840448828125 0.699216162109375 0.3156810546875 0.603221310546875 0.232440001953125 0.5131826953125 0.179407869140625 0.394438015625 0.165933826171875 0.335624693359375 0.19050812890625 0.328488041015625 0.166972828125 0.280329326171875
5 0.66144742578125 0.930938541015625 0.54986727734375 0.92674505859375 0.481729701171875 0.920069033203125 0.44808988671875 0.87686234375 0.452250974609375 0.851927322265625 0.383540060546875 0.76785083984375 0.2854168046875 0.624594537109375 0.160859462890625 0.43296479296875 0.1376621328125 0.430432357421875 0.153950466796875 0.47805369140625 0.256566744140625 0.64118612109375 0.379614341796875 0.824560607421875 0.4674218515625 0.944252443359375 0.624055900390625 0.968069533203125 0.684801669921875 0.954654708984375 0.66144742578125 0.930938541015625
2 0.731759568359375 0.84005966796875 0.71995821875 0.811499330078125 0.685126888671875 0.80518351171875 0.654012359375 0.905144544921875 0.674648875 0.95308853515625 0.705051935546875 0.950454787109375 0.731759568359375 0.84005966796875
4 0.78179126953125 0.74930676953125 0.748308373046875 0.72728381640625 0.71297819921875 0.741298703125 0.692345310546875 0.7996822734375 0.731590583984375 0.8172468125 0.776415150390625 0.805909669921875 0.78179126953125 0.74930676953125