1 0.649043763671875 0.39848710546875 0.47924938671875 0.71592830859375 0.643647015625 0.903740388671875 0.927557068359375 0.559347392578125 0.649043763671875 0.39848710546875
1 0.5954433125 0.962080724609375 0.635147638671875 0.91545041796875 0.475777396484375 0.729777802734375 0.37153031640625 0.922147998046875 0.404097201171875 0.97341975390625 0.5954433125 0.962080724609375
1 0.436002796875 0.281538189453125 0.336879654296875 0.551453103515625 0.434733158203125 0.667339224609375 0.578213349609375 0.359787068359375 0.436002796875 0.281538189453125
1 0.27230238671875 0.7511038046875 0.344269892578125 0.867222291015625 0.43238359375 0.67532291015625 0.335054271484375 0.5603890859375 0.27230238671875 0.7511038046875
1 0.31051332421875 0.212731556640625 0.244504521484375 0.44456939453125 0.30962454296875 0.520105265625 0.4025984140625 0.261848525390625 0.31051332421875 0.212731556640625
1 0.1994383359375 0.623000009765625 0.251176552734375 0.7122279609375 0.30927498046875 0.52797043359375 0.2469036015625 0.454860349609375 0.1994383359375 0.623000009765625
4 0.045355902777777776 0.45574363425925923 0.09071180555555555 0.08460648148148153
7 0.6074652777777778 0.4013237847222222 0.03194444444444455 0.01747685185185177
7 0.47775607638888884 0.668091724537037 0.02599826388888893 0.015176504629629495
7 0.45342881944444446 0.7114149305555555 0.028038194444444442 0.017245370370370328
7 0.3700954861111111 0.8770616319444444 0.029991319444444442 0.01736111111111116
7 0.41668836805555554 0.2889322916666667 0.023958333333333304 0.013107638888888884
7 0.33643663194444445 0.5167317708333334 0.022005208333333304 0.012991898148148273
7 0.32502170138888886 0.554419849537037 0.022005208333333304 0.012991898148148051
7 0.27115885416666663 0.7144241898148148 0.020052083333333304 0.01287615740740744
7 0.7080946180555555 0.9203414351851852 0.04383680555555558 0.022077546296296324
7 0.6685763888888889 0.9548249421296297 0.04322916666666665 0.008405671296296324
7 0.9619357638888889 0.6218677662037038 0.01692708333333326 0.030222800925925775
7 0.9373480902777778 0.7587094907407408 0.053515624999999956 0.020703124999999822
7 0.7841579861111112 0.8963541666666667 0.06150173611111098 0.02507233796296293
7 0.14607204861111112 0.2416594328703704 0.01996527777777779 0.01092303240740744
7 0.10950520833333333 0.42888454861111114 0.02387152777777779 0.011154513888888884
7 0.10319010416666667 0.46140046296296294 0.02395833333333333 0.013107638888888884
7 0.0884765625 0.5733072916666666 0.02183159722222222 0.009085648148148273