5 0.0869140625 0.244140625 0.0888671875 0.2353515625
5 0.3447265625 0.2802734375 0.083984375 0.2421875
5 0.638671875 0.333984375 0.12109375 0.263671875
5 0.6953125 0.1064453125 0.1044921875 0.2109375
7 0.37890625 0.1142578125 0.0087890625 0.0166015625
7 0.40234375 0.119140625 0.0107421875 0.021484375
7 0.365234375 0.216796875 0.0126953125 0.0224609375
7 0.3623046875 0.2412109375 0.01171875 0.021484375
7 0.3876953125 0.2216796875 0.0126953125 0.0185546875
7 0.3857421875 0.2490234375 0.0126953125 0.021484375
7 0.3828125 0.08984375 0.01171875 0.01953125
7 0.4052734375 0.09375 0.0107421875 0.0166015625
7 0.1103515625 0.19921875 0.013671875 0.021484375
7 0.1298828125 0.2021484375 0.01171875 0.0224609375
7 0.115234375 0.173828125 0.0146484375 0.0234375
7 0.1376953125 0.1767578125 0.013671875 0.0283203125
7 0.1357421875 0.0810546875 0.013671875 0.0234375
7 0.15625 0.0810546875 0.013671875 0.0244140625
7 0.1416015625 0.0556640625 0.0107421875 0.0205078125
7 0.1611328125 0.0576171875 0.013671875 0.0185546875