1 0.6267176640625 0.395303783203125 0.513673150390625 0.607820615234375 0.593489642578125 0.742155451171875 0.743637837890625 0.526486662109375 0.6267176640625 0.395303783203125
1 0.430261458984375 0.767566974609375 0.4920128671875 0.893753234375 0.5913541171875 0.747633216796875 0.510759162109375 0.611774556640625 0.430261458984375 0.767566974609375
1 0.5085269296875 0.26103811328125 0.427540125 0.467398123046875 0.488026982421875 0.5631267265625 0.5908799453125 0.354099447265625 0.5085269296875 0.26103811328125
1 0.364786810546875 0.62979643359375 0.41274572265625 0.71739948828125 0.485851201171875 0.56969144921875 0.427424787109375 0.47051225390625 0.364786810546875 0.62979643359375
1 0.419106134765625 0.1720235703125 0.363856017578125 0.35603285546875 0.40980652734375 0.43127934375 0.48757824609375 0.228836525390625 0.419106134765625 0.1720235703125
1 0.317722625 0.51806183203125 0.34836768359375 0.58738241015625 0.40944420703125 0.441061953125 0.36356769140625 0.363817638671875 0.317722625 0.51806183203125
3 0.406166166015625 0.708212083984375 0.39736655078125 0.721630435546875 0.41364051953125 0.730601865234375 0.498476140625 0.90605424609375 0.534399318359375 0.907589357421875 0.53806387109375 0.883396263671875 0.514431921875 0.886254822265625 0.444224888671875 0.7268111875 0.444657357421875 0.715134556640625 0.422630884765625 0.711198330078125 0.406166166015625 0.708212083984375
3 0.56970170703125 0.402793396484375 0.540271595703125 0.412781013671875 0.563066486328125 0.432496935546875 0.612175619140625 0.414294169921875 0.6242938125 0.38602403125 0.49877487109375 0.262810609375 0.459793560546875 0.2691212890625 0.43013182421875 0.285336646484375 0.443812013671875 0.2958519921875 0.485214115234375 0.292668046875 0.56970170703125 0.402793396484375
3 0.368786865234375 0.495182482421875 0.394676115234375 0.495351119140625 0.468142076171875 0.604165607421875 0.46136172265625 0.63776155859375 0.484907177734375 0.637238326171875 0.516242111328125 0.613208498046875 0.516991728515625 0.59296882421875 0.4922055234375 0.589630439453125 0.420499255859375 0.470666154296875 0.40405233984375 0.466364291015625 0.37462220703125 0.476352453125 0.368786865234375 0.495182482421875
3 0.409303619140625 0.436691505859375 0.429818798828125 0.443235826171875 0.447620787109375 0.410950732421875 0.425518880859375 0.409886103515625 0.3717608359375 0.32941212890625 0.379205310546875 0.315246814453125 0.37212451171875 0.300703232421875 0.350842009765625 0.3337661796875 0.400069552734375 0.424452068359375 0.409303619140625 0.436691505859375
3 0.2833243984375 0.363267419921875 0.263821384765625 0.441480228515625 0.19716870703125 0.44762820703125 0.201641611328125 0.47630727734375 0.234195498046875 0.476452166015625 0.236756505859375 0.462304142578125 0.283817603515625 0.46203650390625 0.3090621015625 0.378251134765625 0.350151099609375 0.3897826875 0.365125591796875 0.3591162109375 0.351938619140625 0.34151964453125 0.33298235546875 0.367608337890625 0.315237 0.361002466796875 0.2833243984375 0.363267419921875
3 0.224027736328125 0.3202504453125 0.217970140625 0.371719947265625 0.210296548828125 0.391184361328125 0.260702564453125 0.376214767578125 0.265635677734375 0.317770583984375 0.239781708984375 0.305899935546875 0.224027736328125 0.3202504453125
4 0.18580005787037035 0.33153211805555555 0.07769097222222221 0.09539930555555554
6 0.581442015625 0.272640580078125 0.551519802734375 0.25852693359375 0.508958361328125 0.212027583984375 0.46478137109375 0.1717861875 0.443401275390625 0.188594583984375 0.56072605859375 0.30887907421875 0.653898896484375 0.408700177734375 0.764211654296875 0.53147389453125 0.80221374609375 0.5889639609375 0.79021190625 0.6514544140625 0.81779678125 0.653952439453125 0.83756029296875 0.60606809375 0.760833353515625 0.47321441015625 0.668699455078125 0.382703833984375 0.617626724609375 0.3418380546875 0.602506017578125 0.30172858203125 0.581442015625 0.272640580078125
5 0.766430607421875 0.434200322265625 0.65986896484375 0.32223210546875 0.5023210859375 0.167062783203125 0.470061494140625 0.141334599609375 0.45650071875 0.171192580078125 0.528494255859375 0.24503873046875 0.673605794921875 0.399706251953125 0.7845240078125 0.506132685546875 0.806690958984375 0.516947078125 0.801691716796875 0.49097313671875 0.766430607421875 0.434200322265625