3 0.094291146484375 0.406761111328125 0.134388802734375 0.36863842578125 0.129726302734375 0.3487481484375 0.174486458984375 0.3404606484375 0.208988802734375 0.3338305546875 0.342336978515625 0.439911111328125 0.247221615234375 0.517813888671875 0.38989453125 0.6570444453125 0.442114322265625 0.680249537109375 0.466359634765625 0.6669893515625 0.46915703125 0.64709907421875 0.624884896484375 0.6006893515625 0.735852603515625 0.6819069453125 0.87759296875 0.74323472265625 0.923285677734375 0.7167143515625 0.923285677734375 0.668646759765625 0.692025 0.542676388671875 0.703215103515625 0.52278657421875 0.695754947265625 0.483006482421875 0.730257552734375 0.45151342578125 0.72 0.42665092578125 0.540027083984375 0.347090740234375 0.476616927734375 0.38521342578125 0.293846615234375 0.297365740234375 0.312496615234375 0.28742037109375 0.325551822265625 0.303995833984375 0.37031171875 0.289078240234375 0.12879375 0.176367591796875 0.11199375 0.18821712890625 0.2696015625 0.27084537109375 0.23043671875 0.294050462890625 0.258769478515625 0.32663723828125 0.212719009765625 0.3073106484375 0.103616146484375 0.328858333984375 0.0112984375 0.269187962890625 0 0.2658731484375 0.00010859375 0.34377592578125 0.094291146484375 0.406761111328125
3 0.5931796875 0.519471296875 0.6407375 0.50621157421875 0.655657291015625 0.461458796875 0.561474740234375 0.405103240234375 0.529769791015625 0.411733796875 0.447709634765625 0.413391203125 0.359747171875 0.37410678515625 0.442114322265625 0.441568517578125 0.346066927734375 0.529416666015625 0.421599478515625 0.5841143515625 0.5931796875 0.519471296875
1 0.345066666015625 0.794698611328125 0.4719546875 0.94710787109375 0.731190103515625 0.645441666015625 0.604369791015625 0.560909259765625 0.345066666015625 0.794698611328125
1 0.777815103515625 0.595716666015625 0.9049625 0.4405319453125 0.796465365234375 0.40178842578125 0.67151015625 0.52278657421875 0.777815103515625 0.595716666015625
1 0 0.999537037109375 0.05419375 0.999537037109375 0.442114322265625 0.678591666015625 0.351577083984375 0.58636527734375 0.0019734375 0.824452314453125 0 0.999537037109375
1 0.99508828125 0.481348611328125 0.912095572265625 0.449856017578125 0.796889583984375 0.590994908203125 0.941003125 0.68687962890625 0.999739583984375 0.57251157421875 0.99508828125 0.481348611328125
1 0.726527603515625 0.439911111328125 0.841160416015625 0.345624537109375 0.761030208984375 0.3155981484375 0.63327734375 0.396816203125 0.726527603515625 0.439911111328125
1 0.62675 0.396816203125 0.746108333984375 0.31321712890625 0.683632552734375 0.2907356484375 0.548419791015625 0.36035092578125 0.62675 0.396816203125
1 0.414077083984375 0.549328240234375 0.506457291015625 0.6172643515625 0.68549765625 0.46808842578125 0.599707291015625 0.416706017578125 0.414077083984375 0.549328240234375
1 0.399754166015625 0.544698611328125 0.59131484375 0.420020833984375 0.511119791015625 0.370295833984375 0.327416666015625 0.483006482421875 0.399754166015625 0.544698611328125
1 0 0.81947962890625 0.33855625 0.58636527734375 0.268669009765625 0.517813888671875 0 0.6587018515625 0 0.81947962890625