1 0.386469791015625 0.661684259765625 0.384313541015625 0.715803703125 0.537990103515625 0.693262037109375 0.526053646484375 0.63889537109375 0.386469791015625 0.661684259765625
1 0.3238875 0.729063888671875 0.327094791015625 0.665387962890625 0.172448958984375 0.687957408203125 0.1597671875 0.7463018515625 0.3238875 0.729063888671875
1 0.451053125 0.591313888671875 0.4559296875 0.64154722265625 0.590209896484375 0.624309259765625 0.575289583984375 0.579225 0.451053125 0.591313888671875
1 0.427581771484375 0.64552592578125 0.423969791015625 0.595017591796875 0.287333333984375 0.61237592578125 0.281365103515625 0.666741666015625 0.427581771484375 0.64552592578125
1 0.252271353515625 0.669393517578125 0.260428125 0.617239814453125 0.115752603515625 0.632265740234375 0.094864583984375 0.686631482421875 0.252271353515625 0.669393517578125
1 0.445844791015625 0.5468694453125 0.4507078125 0.587181482421875 0.5760359375 0.57259537109375 0.564845833984375 0.532814814453125 0.445844791015625 0.5468694453125
1 0.424597396484375 0.591159259765625 0.420844791015625 0.548721296875 0.293301041015625 0.560661111328125 0.288079166015625 0.60839722265625 0.424597396484375 0.591159259765625
1 0.260477083984375 0.61104907421875 0.268761458984375 0.563536111328125 0.134403125 0.5765731484375 0.118736978515625 0.622983333984375 0.260477083984375 0.61104907421875
1 0.268683333984375 0.558009259765625 0.276053125 0.517239814453125 0.15006875 0.531488888671875 0.135148958984375 0.57259537109375 0.268683333984375 0.558009259765625
1 0.2768890625 0.512925 0.281261458984375 0.483906482421875 0.162751041015625 0.489057408203125 0.153798958984375 0.526185185546875 0.2768890625 0.512925
1 0.281365103515625 0.4771231484375 0.288553125 0.441313888671875 0.176925 0.451928703125 0.162751041015625 0.4877305546875 0.281365103515625 0.4771231484375
1 0.287333333984375 0.44264722265625 0.290636458984375 0.413536111328125 0.186622916015625 0.42010462890625 0.177670833984375 0.44795092578125 0.287333333984375 0.44264722265625
1 0.293301041015625 0.413475 0.295844791015625 0.389462037109375 0.196320833984375 0.392258333984375 0.18736875 0.418778703125 0.293301041015625 0.413475
1 0.2291453125 0.263636111328125 0.200011458984375 0.265387962890625 0.205272916015625 0.3882805546875 0.238843228515625 0.38430277734375 0.2291453125 0.263636111328125
1 0.316678125 0.3579805546875 0.31568125 0.38430277734375 0.4104234375 0.376346296875 0.408931771484375 0.352478703125 0.316678125 0.3579805546875
1 0.313553125 0.383906482421875 0.310459375 0.40817037109375 0.412661458984375 0.405518517578125 0.407439583984375 0.3789981484375 0.313553125 0.383906482421875
1 0.308344791015625 0.413536111328125 0.307475 0.441321296875 0.414899478515625 0.434690740234375 0.411169271484375 0.405518517578125 0.308344791015625 0.413536111328125
1 0.308344791015625 0.441313888671875 0.3037453125 0.47579722265625 0.4171375 0.462537037109375 0.414153646484375 0.436016666015625 0.308344791015625 0.441313888671875
1 0.304178125 0.47835092578125 0.299269271484375 0.51159907421875 0.4171375 0.499664814453125 0.414153646484375 0.463862962890625 0.304178125 0.47835092578125
1 0.302094791015625 0.513536111328125 0.2955390625 0.554031482421875 0.420121875 0.54474907421875 0.4171375 0.502317591796875 0.302094791015625 0.513536111328125
1 0.42534375 0.35380462890625 0.428327603515625 0.376346296875 0.51859375 0.369716666015625 0.511133853515625 0.34850092578125 0.42534375 0.35380462890625
1 0.429178125 0.37649907421875 0.429819791015625 0.402866666015625 0.5253078125 0.394911111328125 0.5171015625 0.371042591796875 0.429178125 0.37649907421875
1 0.431261458984375 0.4042768515625 0.434295833984375 0.433364814453125 0.5335140625 0.425408333984375 0.524561458984375 0.397562962890625 0.431261458984375 0.4042768515625
1 0.434386458984375 0.433906482421875 0.4372796875 0.463862962890625 0.543211978515625 0.455906482421875 0.532021875 0.425408333984375 0.434386458984375 0.433906482421875
1 0.437511458984375 0.467239814453125 0.443247396484375 0.500990740234375 0.550671875 0.490383333984375 0.542465625 0.458559259765625 0.437511458984375 0.467239814453125
1 0.442719791015625 0.506128703125 0.446977603515625 0.54209722265625 0.563353646484375 0.530162962890625 0.552909896484375 0.493035185546875 0.442719791015625 0.506128703125
1 0.620844791015625 0.4468694453125 0.62005 0.499664814453125 0.652128125 0.5765731484375 0.739410416015625 0.573921296875 0.7386640625 0.54474907421875 0.816994271484375 0.530162962890625 0.820724478515625 0.44264722265625 0.79610625 0.41745277734375 0.620844791015625 0.4468694453125
0 0 0.738346296875 0.024740625 0.733041666015625 0.102325 0.80862407421875 0.566338021484375 0.752931482421875 0.646159896484375 0.666741666015625 0.676745833984375 0.649503703125 0.563353646484375 0.357782408203125 0.542719791015625 0.3505731484375 0.540973958984375 0.337892591796875 0.460405728515625 0.302090740234375 0.272413021484375 0.31535 0.185877083984375 0.34717407421875 0.169465103515625 0.3736944453125 0.147084896484375 0.371042591796875 0 0.70917407421875 0 0.738346296875