5 0.3797743055555556 0.3969907407407407 0.09175347222222219 0.16710069444444442
5 0.4395616319444444 0.6296657986111112 0.09207175925925926 0.10669849537037024
5 0.6249204282407408 0.5865885416666667 0.09010416666666687 0.07349537037037024
5 0.5081597222222223 0.9119285300925926 0.1255208333333333 0.14496527777777768
5 0.7209346064814814 0.9020905671296297 0.10633680555555558 0.15010127314814814
7 0.5647569444444445 0.9421296296296295 0.012991898148148273 0.02191840277777768
7 0.5558955439814814 0.908203125 0.01482928240740744 0.0200376157407407
7 0.5721498842592592 0.9017288773148149 0.014945023148148273 0.02199074074074092
7 0.5819299768518519 0.934642650462963 0.01482928240740744 0.02003761574074092
7 0.6583622685185185 0.8701533564814815 0.015060763888888884 0.0239438657407407
7 0.6679108796296296 0.8991608796296297 0.01482928240740744 0.0200376157407407
7 0.6410734953703703 0.8756872106481481 0.012991898148148273 0.02191840277777768
7 0.6506799768518519 0.9056712962962963 0.015176504629629495 0.0258969907407407
6 0.50326236328125 0.58176653125 0.499372345703125 0.6386017578125 0.520280830078125 0.7124598125 0.55050483203125 0.766596416015625 0.5900954609375 0.88353640234375 0.60521333984375 0.8664713359375 0.594681837890625 0.8044286640625 0.564160828125 0.7452800625 0.542239705078125 0.708775234375 0.5216718828125 0.654280994140625 0.521347037109375 0.58755487109375 0.506369373046875 0.532136017578125 0.479365578125 0.4915140078125 0.459391833984375 0.44704476953125 0.43997133984375 0.425517326171875 0.42137917578125 0.42477078125 0.421222552734375 0.4477238359375 0.44247313671875 0.454129529296875 0.48121394921875 0.543113701171875 0.50326236328125 0.58176653125
6 0.622843615234375 0.408698279296875 0.644343220703125 0.465310720703125 0.582596984375 0.4848203359375 0.576730203125 0.474274052734375 0.557581271484375 0.423315119140625 0.550235625 0.442245041015625 0.566905412109375 0.485401505859375 0.548420216796875 0.493262859375 0.416456197265625 0.5254191328125 0.415125060546875 0.550585439453125 0.496969498046875 0.550424451171875 0.656012365234375 0.478513390625 0.682318572265625 0.527772095703125 0.7082820625 0.522278560546875 0.712532826171875 0.500100900390625 0.683819484375 0.5054707890625 0.63629030078125 0.4110705390625 0.622843615234375 0.408698279296875