1 0.115636458984375 0.652425 0.42534375 0.91205277734375 0.587226041015625 0.640221296875 0.294047396484375 0.494361111328125 0.115636458984375 0.652425
1 0.00086875 0.564638888671875 0.103816666015625 0.656133333984375 0.288079166015625 0.497012962890625 0.110428125 0.4042768515625 0 0.4771231484375 0.00086875 0.564638888671875
1 0.346886458984375 0.4542768515625 0.6267640625 0.57524722265625 0.703602083984375 0.44264722265625 0.458167708984375 0.357782408203125 0.346886458984375 0.4542768515625
1 0.166678125 0.37649907421875 0.3410453125 0.45060277734375 0.452199478515625 0.359108333984375 0.2798734375 0.304742591796875 0.166678125 0.37649907421875
1 0.489594791015625 0.333906482421875 0.7229984375 0.40817037109375 0.76925 0.323306482421875 0.561861978515625 0.270266666015625 0.489594791015625 0.333906482421875
1 0.318761458984375 0.283906482421875 0.48129375 0.335240740234375 0.558878125 0.271592591796875 0.3917734375 0.235789814453125 0.318761458984375 0.283906482421875
7 0.5849609375 0.603515625 0.013671875 0.025390625
7 0.34375 0.4921875 0.0146484375 0.0234375
7 0.306640625 0.4755859375 0.0146484375 0.01953125
7 0.154296875 0.40234375 0.013671875 0.017578125
7 0.3115234375 0.3056640625 0.0068359375 0.017578125
7 0.45703125 0.345703125 0.0107421875 0.0205078125
7 0.494140625 0.3583984375 0.0126953125 0.01953125
7 0.69921875 0.421875 0.013671875 0.015625
7 0.7470703125 0.3037109375 0.0107421875 0.0146484375
7 0.61328125 0.271484375 0.009765625 0.0126953125
7 0.5810546875 0.267578125 0.009765625 0.015625
7 0.361328125 0.9541015625 0.01953125 0.033203125
7 0.095703125 0.7177734375 0.0166015625 0.0263671875
7 0.0595703125 0.6796875 0.015625 0.0283203125