5 0.020411173828125 0 0.035549990234375 0.0500268828125 0.009455591796875 0.11578372265625 0.0037059296875 0.1667668125 0.00420994921875 0.1894477578125 0.050033783203125 0.221044505859375 0.062534818359375 0.182660265625 0.11195459765625 0.062957810546875 0.105819064453125 0 0.020411173828125 0
5 0.4877918828125 0.330048298828125 0.4795418125 0.372829361328125 0.519743587890625 0.38574666015625 0.537411302734375 0.339507390625 0.542129138671875 0.2513236171875 0.507910720703125 0.213800935546875 0.4372560703125 0.219262619140625 0.43652265625 0.24634784375 0.475158794921875 0.24227040234375 0.49944301953125 0.253418509765625 0.50415959765625 0.2853979140625 0.4877918828125 0.330048298828125
5 0.6519187734375 0.32436349609375 0.63387150390625 0.35205399609375 0.652901984375 0.368607998046875 0.66716962890625 0.349632251953125 0.6957871640625 0.37551264453125 0.720588921875 0.40990780859375 0.704887955078125 0.424472966796875 0.710487921875 0.43611583984375 0.77954260546875 0.4187446171875 0.74107328515625 0.370239974609375 0.700188201171875 0.33316173828125 0.6519187734375 0.32436349609375
5 0.258078556640625 0.449002744140625 0.28189618359375 0.439153990234375 0.335315302734375 0.55951058203125 0.378551357421875 0.582162810546875 0.440738478515625 0.556237662109375 0.458989625 0.476163955078125 0.430774990234375 0.44424414453125 0.412603458984375 0.49202341796875 0.39755241796875 0.535835173828125 0.37890148046875 0.53782941796875 0.35448409765625 0.46060027734375 0.33438241015625 0.39735269921875 0.2369101796875 0.3978430078125 0.229743408203125 0.43587162890625 0.258078556640625 0.449002744140625
6 0.084135388671875 0.313399529296875 0.231410365234375 0.33061805078125 0.391019560546875 0.362034416015625 0.420813111328125 0.331651724609375 0.34438359765625 0.306564154296875 0.22802712109375 0.298549755859375 0.1006697578125 0.276248623046875 0.0052428125 0.23592658203125 0.006338833984375 0.2852475625 0.084135388671875 0.313399529296875
7 0.41236979166666665 0.42434895833333336 0.027690972222222276 0.017447916666666674
7 0.41877170138888886 0.40436197916666666 0.027690972222222276 0.017447916666666674
7 0.4473090277777778 0.4122395833333333 0.025737847222222276 0.017317708333333348
7 0.4418836805555556 0.43216145833333336 0.027690972222222276 0.017447916666666674
7 0.4385199652777778 0.3248046875 0.02382812500000009 0.01914062499999991
7 0.4429904513888889 0.30592447916666665 0.025781249999999978 0.019270833333333348
7 0.4716145833333333 0.3177083333333333 0.023784722222222276 0.017187500000000022
7 0.4642144097222223 0.3367838541666667 0.023784722222222276 0.017187500000000022
6 0.469537619140625 0.398148482421875 0.452971193359375 0.403812533203125 0.523992318359375 0.423486150390625 0.57663277734375 0.431510078125 0.617004228515625 0.4239905625 0.626737236328125 0.4159669140625 0.605188138671875 0.407344134765625 0.56663838671875 0.41098691015625 0.522290236328125 0.4112614765625 0.469537619140625 0.398148482421875