3 0.881322916015625 0.978600462890625 0.4999296875 0 0.415379166015625 0.0030319453125 0.76942265625 0.999537037109375 0.858010416015625 0.999537037109375 0.881322916015625 0.978600462890625
5 0.5612125 0 0.965248177734375 0.999537037109375 0.999739583984375 0.99849027734375 0.582922396484375 0 0.5612125 0
5 0.61199375 0.00071712890625 0.999739583984375 0.935505091796875 0.999739583984375 0.844342591796875 0.636075 0 0.61199375 0.00071712890625
5 0.361919271484375 0.999537037109375 0.262141666015625 0.604004166015625 0.202461458984375 0.337145833984375 0.171688802734375 0.2260930546875 0.13159140625 0.16145 0.13811875 0.08354722265625 0.183811458984375 0.038794908203125 0.181004166015625 0.0030319453125 0.071911197265625 0 0.052328646484375 0.0702875 0.08683125 0.146532408203125 0.12413125 0.202887962890625 0.167958853515625 0.294050462890625 0.23043671875 0.63052407421875 0.325551822265625 0.999537037109375 0.361919271484375 0.999537037109375
6 0.605302603515625 0.63881157421875 0.54375703125 0.463116203125 0.452372134765625 0.199572685546875 0.426261978515625 0.098464814453125 0.39324375 0.072476388671875 0.411341927734375 0.17305277734375 0.4626296875 0.338803240234375 0.540959634765625 0.5841143515625 0.596909896484375 0.74323472265625 0.644467447265625 0.900697685546875 0.691092447265625 0.98191527734375 0.688295052734375 0.869205091796875 0.605302603515625 0.63881157421875
7 0.5673828125 0.732421875 0.0361328125 0.060546875
7 0.4951171875 0.5849609375 0.0322265625 0.0576171875
7 0.4267578125 0.69921875 0.0263671875 0.044921875
7 0.1484375 0.927734375 0.03125 0.044921875
7 0.8505859375 0.3447265625 0.0244140625 0.041015625
7 0.9453125 0.267578125 0.02734375 0.04296875