5 0.34718605324074076 0.419921875 0.22196180555555556 0.515625
5 0.732544849537037 0.2451171875 0.11536458333333321 0.298828125
5 0.3286675347222222 0.0732421875 0.11610243055555558 0.146484375
5 0.6357855902777778 0.0322265625 0.09354745370370354 0.0625
7 0.3793113425925926 0.2568359375 0.013107638888888884 0.0234375
7 0.37921006944444446 0.2255859375 0.015176504629629717 0.025390625
7 0.3774233217592593 0.107421875 0.01287615740740744 0.01953125
7 0.3788700810185185 0.0830078125 0.01678240740740744 0.01953125
7 0.6807508680555555 0.1962890625 0.017013888888888884 0.0234375
7 0.7074074074074074 0.19140625 0.01678240740740744 0.01953125
7 0.7052951388888888 0.1611328125 0.017245370370370328 0.02734375
7 0.6784071180555555 0.169921875 0.019198495370370328 0.02734375
7 0.6913845486111112 0.0498046875 0.019429976851851993 0.03125
7 0.6669126157407408 0.05078125 0.020920138888888884 0.0234375
7 0.6901909722222223 0.0205078125 0.017013888888888884 0.0234375
7 0.6625578703703704 0.025390625 0.01678240740740744 0.01953125
7 0.9893735532407407 0.1298828125 0.007479745370370328 0.02734375
7 0.9861689814814816 0.1015625 0.017129629629629495 0.025390625
7 0.9636935763888889 0.0029296875 0.015972222222222276 0.005859375