1 0.1259765625 0.14613715277777778 0.251953125 0.29227430555555556
6 0.27005208333333336 0.39459635416666666 0.20353009259259258 0.28891782407407407
5 0.3674117476851852 0.5754774305555556 0.28198784722222225 0.23897569444444433
5 0.7850188078703704 0.5464192708333333 0.1557002314814815 0.12230902777777786
7 0.47387152777777775 0.5152633101851851 0.027806712962962887 0.017245370370370328
7 0.46252170138888893 0.5351345486111111 0.03171296296296289 0.01747685185185177
7 0.4998914930555555 0.5285445601851851 0.023842592592592582 0.015060763888888884
7 0.49345341435185186 0.547728587962963 0.023900462962962887 0.017013888888888884
7 0.5417028356481481 0.4380859375 0.015972222222222276 0.012644675925925997
7 0.5166883680555556 0.42388599537037036 0.02384259259259247 0.015060763888888884
7 0.5324508101851853 0.45319010416666666 0.02384259259259247 0.015060763888888884
7 0.5113715277777777 0.43824508101851856 0.02774884259259247 0.015292245370370328
0 0.70172836328125 0.515612009765625 0.74375766015625 0.279225701171875 0.576612609375 0.104551240234375 0.540274611328125 0.101609130859375 0.467524125 0.37888219921875 0.70172836328125 0.515612009765625