5 0.212890625 0.732421875 0.1923828125 0.1787109375
5 0.3955078125 0.3828125 0.072265625 0.0859375
6 0.4443359375 0.6044921875 0.220703125 0.1376953125
7 0.2509765625 0.78515625 0.021484375 0.033203125
7 0.2197265625 0.8466796875 0.0234375 0.033203125
7 0.2734375 0.80078125 0.0234375 0.0341796875
7 0.2431640625 0.8642578125 0.0244140625 0.0380859375
7 0.3876953125 0.9697265625 0.0234375 0.048828125
7 0.3798828125 0.8740234375 0.0234375 0.046875
7 0.4111328125 0.890625 0.0263671875 0.046875
7 0.35546875 0.947265625 0.02734375 0.0419921875