3 0.64593682421875 0.273716638671875 0.647838302734375 0.253069466796875 0.67060030078125 0.24815376171875 0.593645431640625 0.253069466796875 0.583018283203125 0.271750412109375 0.51298276953125 0.286498353515625 0.103624697265625 0.561793794921875 0.09115496484375 0.82922377734375 0.07355650390625 0.844954970703125 0.024667015625 0.837089236328125 0.03487503515625 0.865168587890625 0.075079267578125 0.8754341015625 0.120720287109375 0.84987067578125 0.1332118671875 0.579491212890625 0.514418140625 0.328775671875 0.6054457578125 0.31206150390625 0.64593682421875 0.273716638671875
3 0.460149533203125 1 0.474720703125 0.731887150390625 0.649339005859375 0.758433552734375 0.80325651953125 0.747618341796875 0.842021388671875 0.706323998046875 0.835626404296875 0.625701537109375 0.849676814453125 0.616852828125 0.85167248046875 0.583424216796875 0.77302782421875 0.58047473828125 0.76395937109375 0.624718287109375 0.78144081640625 0.624718287109375 0.775613548828125 0.70337451953125 0.658414744140625 0.713206205078125 0.462803849609375 0.6886263046875 0.418881748046875 0.718122185546875 0.407516001953125 1 0.460149533203125 1
3 0.5748536015625 0 0.0224738046875 0.18916144921875 0.020455796875 0.225540087890625 0.053605095703125 0.234388796875 0.66860449609375 0.045614771484375 0.669427609375 0.170480779296875 0.69465201171875 0.3051790234375 0.69782814453125 0.348439869140625 0.713270224609375 0.3877677109375 0.7901158515625 0.397599669921875 0.858726494140625 0.387409115234375 0.83957390234375 0.328775671875 0.78887761328125 0.328775671875 0.78379320703125 0.307145525390625 0.758597935546875 0.168514552734375 0.756215646484375 0.0180851171875 0.731543853515625 0 0.5748536015625 0
5 0.376225939453125 0 0.080694421875 0.117388248046875 0.040290263671875 0.143934650390625 0 0.18117152734375 0 0.231358671875 0.0873807265625 0.158682591796875 0.523860119140625 0 0.376225939453125 0
5 0.59174444140625 0.273716638671875 0.643831912109375 0.32189346484375 0.675356974609375 0.314027732421875 0.656469779296875 0.267817681640625 0.59191194921875 0.251103240234375 0.474676240234375 0.265851181640625 0.32059170703125 0.299279791015625 0.20155696875 0.32091021484375 0.09477458984375 0.34057441015625 0.038680732421875 0.361221306640625 0.04830165234375 0.370934650390625 0.1033405234375 0.364171060546875 0.16466395703125 0.345490390625 0.3099427109375 0.32091021484375 0.4779688984375 0.293380833984375 0.549803439453125 0.271750412109375 0.59174444140625 0.273716638671875
5 0.104068958984375 0.501818505859375 0.025292720703125 0.516566720703125 0.047142337890625 0.527442064453125 0.109167439453125 0.521482701171875 0.296219685546875 0.521482701171875 0.502537837890625 0.516566720703125 0.628062240234375 0.562776771484375 0.668408134765625 0.5440961015625 0.633539921875 0.531314662109375 0.548142927734375 0.495919548828125 0.4922529921875 0.489037068359375 0.242172962890625 0.501818505859375 0.104068958984375 0.501818505859375
5 0.038025404296875 0.685676826171875 0.237125111328125 0.711239978515625 0.4815604375 0.752534322265625 0.5790854921875 0.802677375 0.65071562109375 0.80857660546875 0.65788308984375 0.784979681640625 0.537566900390625 0.743685611328125 0.417140982421875 0.717139208984375 0.057385990234375 0.6679791328125 0.053642833984375 0.638644701171875 0.038025404296875 0.685676826171875
5 0.53726955078125 1 0.488786306640625 0.9570395390625 0.300386576171875 0.902963482421875 0.108527166015625 0.84397171875 0.056264416015625 0.819391818359375 0.0305617109375 0.78828775390625 0.012648197265625 0.80759335546875 0.0403198125 0.847904447265625 0.212913314453125 0.91181246484375 0.45708645703125 0.988501646484375 0.46574241796875 1 0.53726955078125 1
5 0.23699363425925923 0.96484375 0.03530092592592593 0.01953125
7 0.24576822916666669 0.8349609375 0.03136574074074072 0.015625
7 0.24919704861111108 0.767578125 0.02162905092592593 0.01953125
7 0.25503472222222223 0.638671875 0.03139467592592593 0.01953125
7 0.2604021990740741 0.5732421875 0.027473958333333326 0.017578125
7 0.26472077546296297 0.3857421875 0.023567708333333326 0.017578125
7 0.27055121527777776 0.2578125 0.027473958333333326 0.017578125
6 0.2096208671875 0.412347611328125 0.118680154296875 0.417263591796875 0.0452364296875 0.42021334375 0.044988810546875 0.453641955078125 0.0712692421875 0.44577622265625 0.106304962890625 0.43594426171875 0.179734607421875 0.43496128515625 0.28822910546875 0.42021334375 0.51210153515625 0.40546512890625 0.58733748828125 0.396616693359375 0.57184491796875 0.364171060546875 0.445853921875 0.380885228515625 0.28141121875 0.396616693359375 0.2096208671875 0.412347611328125
6 0.26188298828125 0.2009601875 0.35461495703125 0.190144974609375 0.50855383203125 0.17638001171875 0.617077951171875 0.157699341796875 0.652179216796875 0.139018671875 0.48436374609375 0.138035419921875 0.28664114453125 0.1626153203125 0.08162677734375 0.22750658984375 0.095664634765625 0.239138935546875 0.155034576171875 0.22947281640625 0.26188298828125 0.2009601875