5 0.58656364453125 0.42446521484375 0.607937255859375 0.4185506796875 0.60674951171875 0.405746529296875 0.5653584375 0.38005201171875 0.54418868359375 0.371981291015625 0.52311919921875 0.35935215234375 0.495273751953125 0.35355078125 0.46723388671875 0.356451986328125 0.4462849921875 0.3715689296875 0.4340006171875 0.394298384765625 0.440106314453125 0.41772518359375 0.45401931640625 0.421040236328125 0.4668745234375 0.40574960546875 0.466478666015625 0.39043694140625 0.47041967578125 0.378723064453125 0.478017205078125 0.3681436640625 0.49929748046875 0.371241005859375 0.52925251953125 0.38153589453125 0.55971394140625 0.4021700703125 0.580782380859375 0.4147998203125 0.577734580078125 0.419445572265625 0.58656364453125 0.42446521484375
5 0.33975295703125 0.494421455078125 0.331400552734375 0.472717541015625 0.3218522109375 0.438624376953125 0.308481572265625 0.41085680859375 0.282229115234375 0.399623474609375 0.24674009765625 0.406473265625 0.22778821875 0.431057169921875 0.2286178125 0.460024482421875 0.247697427734375 0.46277237109375 0.25394961328125 0.446434568359375 0.256555517578125 0.42854791015625 0.27296491796875 0.418950232421875 0.292504859375 0.434109744140625 0.303103986328125 0.4540901953125 0.304862578125 0.474332587890625 0.31736354296875 0.509358427734375 0.3202220546875 0.5119814375 0.345323623046875 0.508752056640625 0.33975295703125 0.494421455078125
5 0.312919443359375 0.674967302734375 0.34098591796875 0.670822494140625 0.346060609375 0.64126558203125 0.33659413671875 0.603442125 0.323904861328125 0.57813941796875 0.304439158203125 0.582031705078125 0.307928150390625 0.601392353515625 0.31260663671875 0.622791048828125 0.30099441796875 0.64839971875 0.312919443359375 0.674967302734375
5 0 0.48633870703125 0.016336908203125 0.50814031640625 0.029477302734375 0.54626899609375 0.043639828125 0.571528048828125 0.033906095703125 0.578857533203125 0.0420291796875 0.5926984296875 0.0824527890625 0.58073232421875 0.071789185546875 0.563653494140625 0.061992181640625 0.540750146484375 0.043832537109375 0.496557263671875 0.026143453125 0.464361623046875 0 0.454928255859375 0 0.48633870703125
5 0 0.781131916015625 0.007339505859375 0.78051812890625 0.038647197265625 0.76302386328125 0.059854990234375 0.73630272265625 0.061356044921875 0.701881591796875 0.020718826171875 0.70846983984375 0.0179563515625 0.733402216796875 0.0065109453125 0.75155078515625 0 0.753467453125 0 0.781131916015625
6 0.10205735546875 0.55985752734375 0.123447994140625 0.591114755859375 0.140649126953125 0.612141828125 0.153209451171875 0.6432471953125 0.16303512109375 0.664906880859375 0.18527305859375 0.65803563671875 0.179940830078125 0.6329290234375 0.173292953125 0.600820314453125 0.152491576171875 0.576172626953125 0.149922685546875 0.559267453125 0.15850448828125 0.53747586328125 0.151727662109375 0.511169818359375 0.13744541015625 0.49129849609375 0.126072814453125 0.472997857421875 0.10831004296875 0.478539955078125 0.116570203125 0.503099466796875 0.1291295 0.534204865234375 0.126588064453125 0.54919048046875 0.10205735546875 0.55985752734375
6 0.38872192578125 0.55094910546875 0.39539846875 0.5818141484375 0.40286585546875 0.61017128515625 0.411089326171875 0.637677283203125 0.420692927734375 0.669283755859375 0.420508732421875 0.677572529296875 0.400480658203125 0.684378875 0.378058525390625 0.699538892578125 0.38856981640625 0.728746193359375 0.404918673828125 0.716552482421875 0.400103060546875 0.7013707734375 0.415094470703125 0.68933005859375 0.45214884375 0.678291939453125 0.4738067265625 0.6643968046875 0.502003177734375 0.65444930078125 0.49927771484375 0.64458984765625 0.476311330078125 0.65106859375 0.46729682421875 0.659205505859375 0.44210317578125 0.66657840625 0.43782974609375 0.660078603515625 0.4312187109375 0.62631191015625 0.425214326171875 0.598326083984375 0.41623683203125 0.571671162109375 0.406770357421875 0.533847705078125 0.392478896484375 0.51439073828125 0.385361302734375 0.5034191796875 0.36774573046875 0.5010419921875 0.36452294140625 0.51356216796875 0.3753615234375 0.522767154296875 0.38872192578125 0.55094910546875
7 0.002332899305555555 0.6745153356481481 0.00466579861111111 0.01229745370370372
7 0.025260416666666667 0.6638527199074074 0.019791666666666666 0.01229745370370372
7 0.019769965277777777 0.6474247685185186 0.023741319444444443 0.014366319444444553
7 0.0034288194444444444 0.5758825231481481 0.006857638888888889 0.01229745370370372
7 0.2916449652777778 0.5778862847222221 0.015798611111111138 0.008275462962962887
7 0.31130642361111116 0.5714482060185185 0.01584201388888884 0.010228587962962887
7 0.3096788194444444 0.5568576388888888 0.01584201388888884 0.010228587962962887
7 0.2890625 0.5623480902777778 0.015885416666666652 0.012181712962962887
7 0.2924045138888889 0.4997902199074074 0.01193576388888884 0.010112847222222165
7 0.27178819444444446 0.5052806712962963 0.015798611111111027 0.008275462962962887
7 0.2888454861111111 0.48428096064814813 0.013845486111111138 0.008217592592592582
7 0.2643229166666667 0.4898871527777778 0.015885416666666652 0.012181712962962998