0 0.94375 0.159375 0.11171875 0.2328125
0 0.84609375 0.39296875 0.1265625 0.24140625
0 0.8671875 0.865625 0.10546875 0.23828125
0 0.128125 0.6390625 0.09609375 0.246875
0 0.07109375 0.4 0.0859375 0.20859375
0 0.115625 0.14609375 0.09609375 0.22890625
0 0.2453125 0.1453125 0.09296875 0.22734375
0 0.384375 0.15234375 0.09921875 0.24609375
0 0.528125 0.1484375 0.0828125 0.2453125
0 0.67109375 0.15625 0.10546875 0.26484375
0 0.8140625 0.15703125 0.0890625 0.25078125
0 0.384375 0.3875 0.08828125 0.21484375
0 0.31484375 0.40625 0.09921875 0.23671875
0 0.3328125 0.62890625 0.09140625 0.21171875
0 0.246875 0.8734375 0.10234375 0.24453125
0 0.43984375 0.83359375 0.08203125 0.15390625
0 0.5109375 0.84609375 0.08046875 0.1875
0 0.5296875 0.6 0.0796875 0.14140625
0 0.05078125 0.60546875 0.0796875 0.18359375
0 0.1765625 0.3703125 0.0734375 0.15625
0 0.12265625 0.8671875 0.08046875 0.22578125
0 0.63671875 0.84453125 0.084375 0.19609375
0 0.67265625 0.603125 0.0734375 0.1875
0 0.39375 0.634375 0.0921875 0.22578125
0 0.1171875 0.384375 0.0765625 0.20859375
0 0.30859375 0.14375 0.07890625 0.22421875
0 0.52578125 0.38671875 0.084375 0.209375
0 0.63984375 0.39453125 0.071875 0.22890625
0 0.7078125 0.37421875 0.0796875 0.19921875
0 0.7609375 0.39609375 0.06875 0.2078125
0 0.79921875 0.61875 0.08984375 0.19453125
0 0.7265625 0.62109375 0.0765625 0.21171875
0 0.60859375 0.6390625 0.08984375 0.23515625
0 0.2484375 0.64140625 0.10703125 0.23984375
0 0.18359375 0.62421875 0.08203125 0.2140625
0 0.05 0.8375 0.0703125 0.1859375